x [kpc]; y [kpc]; z [kpc]; vx [km/s]; vy [km/s]; vz [km/s]; l [deg]; b [deg]; dist [kpc]; vlos [km/s]; dmu_l [marcsec/yr]; dmu_b [marcsec/yr];       edist[kpc]; evlost [km/s]; edmu_l [marcsec/yr]; edmu_b [marcsec/yr];      [dead] ; [dead] ; [dead] ; Sgr Lambda [deg]; Sgr Beta [deg]; Belokurov Flag [bool]; corrcoef [-1:1]; name [str]
-6.438440081115058 -2.5826764656966206 -3.160324929188607 -77.2324468844769 151.38905806458675 45.89473396306779 305.89481187507556 -44.88933969331479 4.521 -17.45 -5.580112639469821 1.728083600648171 0.031 0.16 0.02500000000000001 0.02500000000000001 0 0 0 41.30346679395377 48.388310311955344 0 -1.3010426069826043e-16 NGC_104_47Tuc
-8.406050812383123 0.04635620253087547 -8.899248803358343 -3.9965236881348765 -66.06300817990807 50.3329071127634 151.28516182261316 -89.38041367878503 8.988 -44.45 6.359724108138275 -3.0629370330395003 0.089 0.13 0.024874734788496704 0.025124640678066468 0 0 0 76.42524776403415 13.126851883739468 0 0.006639440880096108 NGC_288
-5.146990124498328 -5.163414010726272 -6.315253462233984 -91.80307228222814 -116.62656972735141 -68.14407734398306 301.532982561606 -46.247409938176865 8.829 223.12 -6.50202886721125 2.978175046895598 0.096 0.28 0.024996695502393678 0.025003304060875878 0 0 0 45.96650916614672 49.743006428212155 0 -0.001982453884332471 NGC_362
-22.60345276469799 4.731987529992771 -26.614166848231623 246.36695115248835 14.036918270135114 -8.035766439293083 161.61757009062472 -60.63587231694592 30.591 -130.41 0.9159332722120286 -1.804763763170949 1.192 1.79 0.049750574143369794 0.04856830625423398 0 0 0 102.91149840292998 1.3290058225120953 0 0.16546363788292737 Whiting_1
-8.236530576285652 -10.062173004228699 -12.917571221964955 78.37946765101985 37.41350600952667 68.70326990238492 270.53871393394076 -52.124351832179215 16.4 71.36 0.840409060283725 2.472516453209771 0.192 0.24 0.024988524741031134 0.025011469994122206 0 0 0 79.03824117693931 51.249744629229966 0 0.00039702000845943486 NGC_1261
-15.379641448910228 8.42876291553205 3.8353363521462174 63.39934901119086 186.6492580817629 -26.194638745529126 130.06483968450482 19.02806228874632 11.176 -75.72 -0.1945161890589861 -0.1653252920577151 0.328 0.29 0.03259887443088039 0.035373908263573214 0 0 0 179.9055756593331 -54.75704951042457 0 -0.039552602682221744 Pal_1
-24.33766920637671 -76.82691735169551 -88.51063460611341 2.5705438131826375 -38.7804166775813 86.29468307732208 258.3613301194083 -48.47072697172126 118.905 118.0 0.08225995977665018 0.4500869905002186 3.444 14.14 0.07413126853782698 0.06844380925235376 0 0 0 92.7834442311467 52.742949010006036 0 0.24827285136016305 AM_1
-59.338935138641766 -39.921034196800534 -56.75286472303063 60.272227404341436 24.31824150157263 145.348735364797 218.10617333220628 -41.3322407104419 84.684 -23.79 0.4744145324300226 0.39948573368670276 2.936 1.07 0.03904028794266461 0.033835719548338805 0 0 0 124.63773644001739 34.460691715952144 0 0.05594650742338449 Eridanus
-33.96593918351734 4.279468670449132 -4.071463895908825 108.98921595240309 -18.12419894005709 6.664154013493575 170.5302204879001 -9.072207992949215 26.174 -135.97 1.848784374197659 -0.17671541450187866 1.317 1.55 0.03022788482899358 0.03178482308846629 0 0 0 153.79853725641777 -10.539941762615852 0 0.05619692871872502 Pal_2
-12.565723948859652 -8.913660567492858 -6.893295082788768 -82.47651530778487 -88.54097393487713 -82.08185075723588 244.5132288744545 -35.03598346219574 11.951 321.4 0.9403105926416853 2.0285309929517576 0.134 1.55 0.025013681158407214 0.0249863113505284 0 0 0 121.46001842806174 55.94382196583775 0 0.0038472649878056823 NGC_1851
-16.128517983567622 -8.445922088488647 -6.431381943199035 -43.23677697611212 -38.32843988834832 6.404554466208271 227.2294132386601 -29.351554515773646 13.078 205.76 2.2988351895710557 1.831282821191149 0.181 0.21 0.024992452196872576 0.025007545525041832 0 0 0 137.8314905004788 44.21740537451689 0 -0.0007971866635185911 NGC_1904_M_79
-12.35656659896144 -8.939619016173868 -2.7855986483820407 84.56687827080978 10.826731347393336 71.02380890567261 245.62860595743027 -16.00635807998976 9.828 147.15 3.2674733549113855 2.24673515905728 0.17 0.57 0.02598179846775306 0.026018188799012604 0 0 0 157.00182832307098 62.704962119093324 0 -0.001428651835957365 NGC_2298
-83.25177950079352 -0.4832953086319307 35.57777219075046 7.623279036024042 34.994220690512165 -51.987976309153936 180.36903581766396 25.241621788062353 88.471 -21.1 0.5014890336147079 -0.14125774019212706 2.437 0.31 0.025989400396637812 0.027010203017068236 0 0 0 189.9038525226809 -8.692913981034511 0 0.009171845915483685 NGC_2419
-13.72118080029982 -35.57766448014655 4.450341703062387 106.19095717752845 195.3097226068583 158.18511725528575 261.319391179303 6.997362594445818 36.526 40.46 0.5772071731959653 0.8571329413872288 0.662 0.21 0.03167046770017941 0.03235709312734834 0 0 0 224.05164030825384 66.10703293252483 0 -0.0649739491907408 Pyxis
-6.200166109367965 -9.73990063422346 -1.9676454572148554 56.14195317510014 129.14673540407352 30.607529624310946 282.1930208566875 -11.252592830447266 10.06 103.57 0.46087053306784753 0.9246120006520347 0.112 0.27 0.02501243309560596 0.024987560718042007 0 0 0 331.8364842379408 81.46315531672677 0 0.0001009157565475543 NGC_2808
-5.458053636330127 -6.955551075771696 -2.577361557281443 -222.20074381379874 96.22066790657685 101.14271669714631 292.26823083995237 -19.017021773388787 7.876 4.93 -7.102054860281525 2.66454081626677 0.254 0.42 0.026986592860727427 0.0270134004851173 0 0 0 5.70975042561705 71.38653807811006 0 -0.00011916180678624214 E_3
-41.47647823411453 -58.04413342601457 60.07676621276758 41.10816286344919 121.32201911429986 57.34931091929054 240.1414427330882 41.864608276308545 94.842 94.04 0.19046207618997296 -0.03967615824906604 3.288 0.8 0.07185906441176174 0.045675757923282205 0 0 0 228.4343572784989 26.606251162549473 0 -0.06637533840180466 Pal_3
-7.713584113241641 -4.60972656012877 0.724674186463333 248.9039239872753 -219.33381250199608 147.84963571523934 277.22879334556404 8.640379757387215 4.737 493.65 8.02305231282827 3.0421495008662847 0.043 0.21 0.022989328091434096 0.023010666959138733 0 0 0 264.9581410756062 67.63135194186894 0 0.00037313591251137616 NGC_3201
-37.66179613997981 -12.144871253007686 97.40757217763044 10.5909895956662 -29.221709951491423 50.64662267531249 202.31068420677053 71.80261701205481 101.391 72.4 0.4976290776290712 -0.16737771983761737 2.601 0.24 0.03492165653195187 0.036076001788784506 0 0 0 238.52886545574518 -7.149005726112751 0 0.14108639513135637 Pal_4
0.4205109510150642 -100.48584560895844 111.39600972054714 45.46822315613484 72.79134655260194 60.776047519906605 274.8081082366687 47.847442223983585 147.231 148.3 0.029136603367204746 -0.1178476064424823 4.334 0.93 0.12335493280400815 0.09095911473249194 0 0 0 256.6978946943559 28.685288800105678 0 -0.030040682268802663 Crater
-9.475667785153876 -3.951336355068645 18.208655519546046 -41.23835539853523 -35.12878149384681 129.6823442457237 252.84828675971187 77.18949065436402 18.535 179.35 0.3229933448485147 -2.682230470929664 0.214 0.31 0.027308527540160075 0.026687905942361208 0 0 0 251.3498744290645 -1.4626774190537037 0 0.0008453734343318481 NGC_4147
-5.22830040918574 -5.11770251656347 -1.027630950812785 -108.96618657536658 57.995514651191996 69.15317125293711 300.9931651612114 -9.883999326351455 5.713 75.59 -6.7105717844478905 2.6355884211636402 0.214 0.3 0.023997587829900444 0.024002411927683726 0 0 0 341.2063126851454 63.09687490713077 0 0.0009795904252756435 NGC_4372
2.4138648705808325 -17.892781260999687 4.3008988088903015 -122.0998157044286 204.3843787653012 33.40868394984327 300.88801706307834 11.670793365665473 20.711 -38.36 -1.274834225861654 0.33992601632078184 0.365 0.26 0.02597896792953538 0.02602101507082635 0 0 0 304.07492861521405 53.17676365170823 0 0.015918082040838007 Rup_106
-4.0806006226311275 -7.393498234732322 6.200894441060458 -172.51756109208858 269.0910291143173 18.201848113611 299.6257771697146 36.050827794313925 10.404 -93.11 -2.835779490481447 1.6196909215541042 0.1 0.18 0.0240027540830833 0.023997245600839864 0 0 0 281.3311956605386 34.783212998183885 0 -0.001986786534916883 NGC_4590_M_68
-5.5729520987462955 -4.173413518911655 -0.3620481226737995 -232.6799385086734 -37.62345344664802 33.31501335698748 303.17053584224163 -4.30666524064851 4.808 90.3 -14.840635620277288 1.3648708313085751 0.258 0.35 0.024000917260996006 0.02399908270394566 0 0 0 331.11849071803124 59.56454249311314 0 0.003999269563139291 BH_140
-4.685123090515894 -5.443324172252602 -0.909010815683438 -99.20823709272275 -77.45628864388941 -42.37778295815025 303.6040164976515 -8.015362214247633 6.48 201.99 -8.41161987290232 -0.70131099648784 0.084 0.4 0.025003184784605323 0.024996814809628867 0 0 0 338.4568645148569 60.19138313971408 0 0.003991876564434076 NGC_4833
-5.313512262776803 -1.501660926443095 18.306993995300534 57.01157731890212 135.04721322659117 -72.64897995045158 332.9629923909506 79.76418877456352 18.498 -63.37 -0.744549337698178 -1.1128190705290797 0.185 0.25 0.02390041366592782 0.024099174811547608 0 0 0 264.7582546309847 -8.08285063289336 0 -0.005605045703903003 NGC_5024_M_53
-5.236040004804048 -1.3650702317155292 16.99170822488648 52.739582143651944 132.50619850364924 35.35921208520558 335.6987412639864 78.94613805591077 17.537 42.82 -0.8997483441868074 -0.8786614348730111 0.235 0.25 0.024857822678348823 0.025141373305604592 0 0 0 265.72920394389604 -8.091861353621896 0 -0.0063535656777792115 NGC_5053
-4.9515110204443555 -4.115827388352493 1.4299105771992662 94.65257194183933 -43.12609936144192 -88.62131893640864 309.10189200394353 14.968234552467408 5.426 232.78 -4.175022242487371 -6.196478860993213 0.047 0.21 0.025 0.025 0 0 0 308.02338324257715 44.9247193024896 0 -2.1684043449710086e-17 NGC_5139_oCen
-6.796564038455724 1.342153064137582 10.018918837365927 64.71318895335281 108.08232100664085 -134.30571398510452 42.21694674189752 78.706850131059 10.175 -147.2 -2.6514676947755627 0.30879291371656054 0.082 0.27 0.023002100449384673 0.023997986892996207 0 0 0 265.2967418397295 -20.28753313198031 0 0.0039841378505818615 NGC_5272_M_3
-1.0289000606718623 -8.180033119112041 2.043712987781473 59.25908723993923 190.45479874265467 8.394773983928548 311.61419255929565 10.567797166303299 11.096 62.38 0.1564251831135376 -0.1962655397360837 0.145 0.4 0.026016388722720947 0.025983600940367717 0 0 0 315.1362146109677 45.4037053342852 0 0.002722079815678093 NGC_5286
11.894024125198454 -16.740591933407234 17.31657031196814 201.64103391120872 -54.39694703023456 -217.98933573475264 320.28353821622005 33.507251755020945 29.013 151.19 -0.6605487537882706 -2.4819611890335356 0.951 2.85 0.15306378740167156 0.18999072868499634 0 0 0 297.9609514301551 25.42659898071318 0 -0.26228964133726684 AM_4
-4.844534712777582 3.0935918989769213 15.667108849224956 -220.15834397226692 -58.18099729883608 227.15299199492802 42.15023003591776 73.59224622849068 16.12 106.82 -0.7725453609261081 5.348223599038428 0.164 0.2 0.02399869453050345 0.02400130539848997 0 0 0 269.8248399402688 -23.19895693997162 0 -0.005999013751942788 NGC_5466
7.754587787794902 -5.136611229569536 19.499317486910666 -59.18290549972463 -31.040146010018656 -25.501125504591364 342.2094564403176 49.26041843284291 25.959 -16.07 -2.2285640543372236 -0.26029263477101494 0.628 0.6 0.025975713211614796 0.026024264123082144 0 0 0 293.3348466274602 3.24877262350395 0 -0.0007162652353626727 NGC_5634
18.54114079510959 -14.820514657140889 17.893077509618404 -114.66473457742552 123.28902912533498 -171.32434130567432 331.0555011375145 30.359855458539787 34.84 -139.55 -0.9272455619406751 -0.7463328130675496 0.745 0.49 0.02750861894180365 0.028482905117186368 0 0 0 306.3209873566082 19.611291900225904 0 -0.0235431581948987 NGC_5694
2.5348431836737895 -14.216235480316067 -6.683241314072983 31.648675045481284 228.750119461544 -61.521619320755995 307.35370804895814 -20.47324539057684 18.891 38.41 0.15855331792728714 -0.6521302365128064 0.253 0.31 0.025237805503480783 0.02576922919624246 0 0 0 2.8907843831739304 57.16751349365207 0 0.033272586855339785 IC_4499
17.840613828815897 -13.561220201516491 11.886986773758817 -98.04556235446245 -83.05614634673081 -180.16413849014938 332.55499870139806 22.070405764668404 31.713 -25.24 -2.191932416845464 -1.2775371931893031 0.604 0.52 0.0256718124702902 0.025336890979168154 0 0 0 314.84421347668734 22.29361402549354 0 -0.037275414543348005 NGC_5824
7.009739054677812 0.22359414973165254 15.719921450539763 -47.31285198382971 -162.76434699233687 -12.031149022068966 0.8389431473394223 45.85584763769734 21.941 -58.61 -3.7910073623185117 0.3126470515562956 0.52 0.15 0.026462433216938825 0.02654693255800098 0 0 0 300.4574171270668 -7.621705483722384 0 -0.03764074655484519 Pal_5
2.248656332895461 -3.2311351712023026 6.4312185616325035 -36.638430659394054 -155.46230613341075 92.03453605083322 342.9462692155156 30.293944119745365 12.549 101.31 -6.360143511644651 0.6426636066282538 0.238 0.22 0.024927246085873194 0.025072542802323024 0 0 0 311.0417593679645 10.418109012040134 0 -0.0014908195764372256 NGC_5897
-3.170862831071503 0.34505731551405316 5.467314433593678 301.27461753690494 69.6035956243923 -182.11019860695592 3.8587251540442713 46.79636921201649 7.479 53.5 -5.120979240096767 -9.365850341666683 0.06 0.25 0.02396479009697756 0.024035158322919498 0 0 0 299.90117497409943 -9.842056215179788 0 0.000635092700231947 NGC_5904_M_5
-1.4102943788396711 -4.541106177489186 0.7048672662848472 -205.25770751898145 93.67982075642746 6.59879981805874 326.6041239527682 4.859799880561476 8.27 -104.09 -5.981203749561935 0.1955062818076853 0.111 0.28 0.0249767057394963 0.025023272575796576 0 0 0 330.2425446824354 34.432133725098815 0 -0.0007283216741615531 NGC_5927
-0.2665175310821706 -5.1005566989450255 0.6978406436618334 -6.217205522048773 -40.37696169739674 97.71784082816968 327.58267096988465 4.1909670353549044 9.642 137.6 -5.296599893603992 1.7819224357626187 0.529 0.94 0.027635233903355677 0.027373232310175223 0 0 0 331.3985073273752 33.73759559824687 0 -0.03513984931119749 NGC_5946
1.419487346603514 -4.118715345926324 2.4845117219386923 -11.560669858965456 -100.46311116113728 -14.364286182481376 337.0221704154749 13.268381018936523 10.54 101.18 -6.132537178113703 -0.8975392799500377 0.132 0.43 0.025961785372209428 0.026038158542556967 0 0 0 325.38387844195233 21.857560884810834 0 -0.0006095317830783577 NGC_5986
-1.9692108720284107 -3.6881387442317703 -0.19896739160587895 -179.8285888532977 -27.322441218221453 -113.27359777407052 329.7780915766509 -1.5925708130475176 7.431 -30.7 -9.216195603047172 -3.5076607028579527 0.27 0.98 0.030405162025939934 0.03060271429426384 0 0 0 338.8067399969585 33.346237127968465 0 -0.03336795678372686 FSR_1716
39.86380396355645 26.353022977969417 49.57653426978816 101.22816863574376 52.16924775842517 123.3154892888453 28.74555373574452 42.191514879016644 73.579 72.3 -0.5735493355845718 0.26071662710785504 1.645 0.14 0.039712154125820555 0.036206971907176574 0 0 0 305.0562708137367 -27.438537847607137 0 -0.08777237139244734 Pal_14
-1.4342560742464174 -4.163685291920432 -0.38892054845435586 -128.8197365540843 -23.400205204758265 -90.17417565085562 328.76908843490287 -2.7973388547495377 7.899 17.86 -7.635612794624381 -2.5451542685205686 0.163 0.83 0.02704036838291724 0.02695957117085006 0 0 0 339.9016148681935 34.628407172014896 0 0.00021219808244303602 Lynga_7_BH184
1.5369411014218208 -1.2637432244233051 3.4982347389790136 8.836377912153397 -73.99119789030914 -64.5842083218389 352.67323241528464 19.463024576532113 10.339 10.93 -6.101629669408464 -1.6068190244686502 0.116 0.39 0.02632801732180355 0.02668024557425985 0 0 0 324.2958539723456 5.659274332624 0 -0.036694408753967726 NGC_6093_M_80
-6.53270129150046 -0.28057223156305416 0.5275624773135548 56.041558240189126 24.311877212871792 -3.2163613992419413 350.97292937776166 15.972183150613787 1.851 71.21 -22.48964895436836 -3.533454387604042 0.016 0.15 0.027 0.026999999999999996 0 0 0 327.2023444628344 8.205844253284523 0 -7.436228892218824e-17 NGC_6121_M_4
2.137147650752892 -9.490504089691397 -4.005628402516967 296.4988420836482 64.50269078662319 -192.32294203406062 317.74609881826234 -15.824829649250004 14.449 366.33 0.97889895762027 -1.4794805949284866 0.187 0.32 0.025024840078037652 0.02497513521622337 0 0 0 354.7427410012984 47.441424050440304 0 -0.00021699500398727277 NGC_6101
-0.2880395062336998 -1.135383979076959 2.2738363704894966 184.08554344265252 82.8369096496876 43.03651676977007 351.92889019967816 15.700582123583917 8.151 194.79 -3.105167238886116 -0.43065812258492786 0.127 0.58 0.02593536842931465 0.026064471305509134 0 0 0 327.72806325663305 7.400680163554289 0 0.000586530052391632 NGC_6144
1.7026021429516707 -3.178617769532255 1.2728852693949593 -73.50558773465079 -63.84087000019863 137.47723139372175 342.36581720101555 6.938922638401984 10.035 24.41 -6.144740030644745 2.554787653757554 0.463 0.95 0.026517505260032687 0.02649192168915156 0 0 0 333.5763616289433 18.89812786153653 0 -0.03782906015469058 NGC_6139
-0.5704941636862966 -2.0592381730338953 1.2946176600760926 -185.5255415692429 82.74491882174915 95.36391747570146 345.076489719489 9.187055789457018 7.644 -135.76 -5.082165801664927 2.8839155265693037 0.318 0.57 0.0264950132550471 0.02651441631669229 0 0 0 332.1385040538825 15.677556483752253 0 -0.03776824228102049 Terzan_3
-3.112434766168974 0.30545126815820145 2.212194441753342 10.165518870439394 73.45169298978453 -57.71442479773895 3.373306064604141 23.010559198577116 5.631 -34.71 -5.927064859374777 -2.0885952582452734 0.077 0.18 0.025 0.025 0 0 0 323.371210380906 -4.881971772253215 0 0.0 NGC_6171_M107
-1.4135039278897379 -0.9784375170478399 1.4935208696428672 20.898589669492907 31.37433224543028 -91.09928121059257 351.9094111542874 12.097643770504755 7.11 16.75 -5.85834868559527 -3.090024381454646 0.22 0.44 0.028921457160716427 0.030075726353670073 0 0 0 331.21863065409923 8.414820030947864 0 -0.027826880333996627 1636-283_ESO452
-5.3579250992474865 4.878046275039025 4.9444189102174665 -29.9330832197553 -36.519502315479265 -76.4866403784527 59.00736345016763 40.912929070591694 7.419 -244.9 -2.896426475739715 2.837873089240253 0.076 0.3 0.024005242666964695 0.02399475618755352 0 0 0 297.0636980710205 -49.14464379020433 0 -0.0019516882709801106 NGC_6205_M_13
-1.7286013223984238 22.222080717970876 19.649902309430747 7.579625326975506 8.10889933188928 48.8229940084773 73.63859467647328 40.306511946816876 30.106 -137.89 -0.414417952590606 1.1910313852164478 0.475 0.71 0.026990023254574776 0.027009973060288534 0 0 0 285.4436257251825 -57.886653109255754 0 -0.008969620830431728 NGC_6229
-3.876592805355344 1.2430805703615389 2.278945032960001 48.95409172891203 94.48770133256737 -85.51734958069295 15.715193003275248 26.313289643194878 5.109 -41.67 -5.8883232789489615 -3.4107005090725484 0.049 0.14 0.025011178892948852 0.024988816106108553 0 0 0 322.0291848935005 -16.493827342367688 0 -0.00044704534842299697 NGC_6218_M_12
0.7335372562872369 -3.43404456719968 -0.3144815405985857 -115.19924755577858 84.91547887173695 128.1611762850662 339.18764372356065 -1.8532280741413363 9.082 -69.85 -3.985351107702014 2.5830937939490957 0.543 4.88 0.04899993235317554 0.05322599580453353 0 0 0 341.782498412027 24.304231205875446 0 -0.14310060810606648 FSR_1735
3.4111138177460116 -0.22113567176418636 2.8062298099291505 144.4820970570839 -251.9241584300378 -44.3927150983221 358.9176863956224 13.518317042773038 11.937 126.68 -8.43720930629072 -1.458407392274625 0.387 0.33 0.026934915077921152 0.027064928408277303 0 0 0 331.61920667035474 1.4466223111343248 0 0.0013464695294168273 NGC_6235
-3.77492714745423 1.2227893705423107 2.0041421093203113 123.19135042593011 59.59025063604372 48.38836007429244 15.137066638721983 23.07596589460136 5.067 74.21 -8.119016747511075 0.5550748180512916 0.064 0.23 0.02500000000000001 0.025 0 0 0 325.2933168316248 -15.538295437068639 0 -8.673617379884032e-17 NGC_6254_M_10
-1.3711307638508679 -1.4989309370775254 0.41282448438337527 -115.1871778008306 136.41783264941594 66.2292335681059 347.79160056297576 3.306523597901232 7.242 -99.75 -3.576955744973903 1.9174380298977567 0.299 0.66 0.030473027470940838 0.030535137084272027 0 0 0 338.7633943650108 14.685723765629248 0 -0.033259922813595785 NGC_6256
29.381657856012964 12.848792742615316 17.917639572448074 139.22859759893808 43.126049101183966 49.51124723994415 18.848678434061345 24.337036588075577 44.096 72.27 -1.0648196131296328 0.0678247115324444 1.152 1.74 0.03258130384291345 0.03445952175953336 0 0 0 324.4435232272523 -19.071020835647257 0 -0.07115602056557847 Pal_15
-1.6548334259962942 -0.7482106271685047 0.8625332693797421 -89.67541412733844 71.29206079778336 67.32932080700992 353.5739312011499 7.318163830789561 6.412 -73.98 -5.359237209760558 2.185519052654971 0.105 0.67 0.0260625890102334 0.0259372599571285 0 0 0 336.31423633871344 8.092502901825899 0 -0.0013283144350998476 NGC_6266_M_62
0.04754162745137158 -0.45646366563873464 1.3806954071665807 129.9866423916726 201.7916719385585 173.64794019889868 356.8688684848008 9.382336303910124 8.343 145.54 -0.5960051782770608 3.608705422650473 0.165 0.59 0.025409906602833165 0.02559954387162583 0 0 0 335.13328175689816 4.416967712323698 0 -0.0386970682577232 NGC_6273_M_19
6.445352576531111 -0.42550776936911205 2.568554718236602 15.275227570285946 -16.8110297324751 109.62298340484475 358.3464426535275 9.93993918094589 14.208 28.62 -3.5064375717800984 1.394040012054493 0.427 0.73 0.027484450442939377 0.027524625044668807 0 0 0 334.95303558730996 2.867683565923545 0 -0.03767197370545189 NGC_6284
-0.011868051312735162 0.01891213373797962 1.6138979140433594 -300.2933242036645 53.826625647808996 67.87498245392688 0.1308702067334703 11.023685873944356 7.929 -294.74 -4.441475292093702 2.959763205008327 0.376 1.65 0.02702561085800579 0.02697436482573111 0 0 0 334.3275625262575 0.9023743647983636 0 -0.000630552249268525 NGC_6287
0.888498340458268 -0.3817577382302684 1.2628202186785484 -117.55105054502607 105.26015351812337 -153.29894472551658 357.6201580341472 7.834303655970215 9.192 -143.66 -3.0050472153718752 -3.2416903358257 0.282 0.39 0.02737080719167824 0.027637635819222583 0 0 0 336.82158081435375 4.080131097326948 0 -0.03509186064461657 NGC_6293
-2.271351933343486 -0.43991188796617786 0.5741394737085865 -110.6697415769982 147.58575635648532 74.99499301363335 355.82562200521346 5.375531536543515 6.152 -108.62 -3.242624788832792 2.7096917682362127 0.15 0.39 0.028514705117841706 0.028494062399779575 0 0 0 338.77503543171133 6.4123534395376725 0 -0.03739864800416296 NGC_6304
3.57800476485877 -0.5859234373694524 1.1916522375467542 83.66487128066561 -147.19622536030457 98.20939979433632 357.17535566218623 5.764490548894144 11.152 99.65 -6.626990089654823 1.4393635230951096 0.393 0.84 0.02949970255729513 0.029508770713655885 0 0 0 338.7265067987781 5.014652639483155 0 -0.0359468419338231 NGC_6316
-5.6832939023763025 6.558469397157441 4.9291195209659175 -22.76864086271897 17.94354296127107 100.4133903809437 68.3383954189416 34.85892816710347 8.501 -120.55 -1.1630884545607003 4.842155124205297 0.071 0.27 0.025005410653407528 0.02499458817533215 0 0 0 298.45765698263733 -58.63320782035348 0 -0.0019525877886949305 NGC_6341_M_92
-0.9904622427709429 0.12410021419131345 1.0299550382522173 39.125589866604045 -191.16252000264825 72.29855062954259 0.973060382468528 8.003584959489002 7.533 29.54 -12.11429457261059 1.760872229327737 0.33 0.58 0.029584626279664593 0.029423628054551326 0 0 0 337.4589464008578 0.8164255843507302 0 -0.038461517955485656 NGC_6325
-0.32569598745711836 0.7735912700808496 1.5149636671779763 329.33741789958987 112.8262626166705 65.62979649156362 5.5435428534677555 10.707004383212542 8.3 310.75 -3.8717298021452673 0.037220144816690844 0.144 2.12 0.026059811615807386 0.0259400504731319 0 0 0 335.8684893755487 -4.195130238259494 0 -0.0019450281948716016 NGC_6333_M_9
0.16860104765835793 0.7255027791875435 1.455705449719517 161.43636342979087 -64.66813839383099 -34.5151007161901 4.89864419251924 9.725057881815598 8.013 115.75 -7.553800314697443 -1.5134466642986835 0.233 0.9 0.02730861975621179 0.027699084587954146 0 0 0 336.68413110955186 -3.355699095971455 0 -0.03346847859623767 NGC_6342
7.012219629148314 1.8043457781070682 2.761642624511469 83.95745067476031 -125.00536632287215 110.64985058245921 6.723540641697875 10.219926096497613 15.656 48.18 -4.89372134272311 1.300708814368659 0.946 1.82 0.026011872826134937 0.02598812174969524 0 0 0 336.60383600042684 -5.218177994744381 0 -0.00040683250957059593 NGC_6356
0.4921852395311781 -0.06369021511131345 0.8340921262818712 -198.851015885195 102.93693596674572 140.3213323003957 359.5849254623053 5.427940665248762 8.655 -195.85 -3.125372402869639 3.6258540157293777 0.224 0.55 0.0317810832161139 0.03122439350268382 0 0 0 339.6335134547194 2.768480558654915 0 -0.04145584495305571 NGC_6355
-3.119585833839227 -1.741804073031345 -0.6798409079983723 -149.76083089960304 151.46816376948672 6.661526726668734 341.4214183332098 -7.166196916805043 5.543 -125.63 -4.893309376313681 -0.6423771070645388 0.073 1.01 0.025045928896256613 0.024953986569757912 0 0 0 347.9838588828605 23.305472461629343 0 -0.0015731029723836778 NGC_6352
15.905966285600796 7.178004336673194 6.7911311076335865 -56.86916616920194 -21.536100171291782 -13.377594307028437 16.52778820649751 15.144969687043545 26.587 -137.97 -1.807427494437235 0.12754157107523245 1.469 2.04 0.03329523650646413 0.03282418660041126 0 0 0 333.63829027454017 -15.571330126111375 0 -0.14551584552904712 IC_1257
-1.3592664520171223 -0.4464424145196193 0.282376598634156 132.73825578270427 13.520209487257635 -42.37326301235384 356.31938541682496 2.298137080990769 7.753 133.46 -6.378568985646191 -1.658667445678163 0.332 0.69 0.03953799604331892 0.03855835666724527 0 0 0 341.90040760231017 6.680821810747943 0 -0.12121487411763869 Terzan_2_HP_3
-5.1333470431843224 1.05315324521115 0.9709100391801949 -65.09897550464456 126.58299805408562 -62.25038156375451 18.40856726469664 16.035560050373153 3.444 -120.65 -4.634845793924681 -2.299639638408309 0.051 0.19 0.025054201971893716 0.02494568025834448 0 0 0 333.0423171892804 -17.507438822302984 0 -0.0024813434033217584 NGC_6366
-0.7497683526930956 -0.5247592114117459 0.17457589908112614 -54.81362302530332 16.488131636791984 96.63362352196124 356.0240351361943 1.3076886389619462 7.591 -48.96 -6.125554810613548 2.518180744539442 0.315 1.57 0.05153192130852503 0.04969367249712969 0 0 0 342.7984969361846 7.203656604457199 0 -0.16600693143051728 Terzan_4_HP_4
-1.4210287351800677 -0.3093170909418257 0.2577157790744631 48.984270796942624 -0.5671856674066179 -239.55203802593653 357.42522094137706 2.1150311535185735 6.995 39.76 -7.067693773262452 -7.603561121434297 0.144 1.22 0.037122612237893905 0.03690408731610863 0 0 0 342.3443138442836 5.651350034805324 0 -0.06148354898671926 HP_1_BH_229
2.976693866992189 -2.1480093591748477 -0.6675861243308834 251.55445653416277 215.9811389703855 199.78542527199227 349.2169120942496 -3.2922053806565192 11.085 227.31 0.5306537281080909 3.7880807305078634 0.764 0.59 0.026083173659435507 0.025916559413852173 0 0 0 345.74244173272155 14.892780780758772 0 -0.002816949556699088 FSR_1758
-2.314736482519705 -4.108977600632208 -2.2946516260756877 -116.50642753573963 21.234179536309174 99.86124525432193 325.5545175134183 -17.569763323108496 7.649 -14.58 -6.818814971266032 2.5525466474950593 0.067 0.18 0.02401008685187742 0.023989908906982188 0 0 0 357.6763238423334 40.0587750585725 0 -0.0005414274008532528 NGC_6362
-0.30262384358221794 -0.7221599158021661 -0.021774208145067822 39.706357358645526 -123.1526776904004 24.836381200478616 354.8402949421721 -0.16064063157686798 8.061 60.36 -9.230911972208604 0.4682671901125392 0.353 2.44 0.08417977922845837 0.07522476167491667 0 0 0 343.95657497572483 8.700860546004213 0 -0.4439728074315958 Liller_1
1.1313176669824916 -1.6324585374503884 -0.5748787350222968 -20.366744487237458 57.99180060218011 10.400315624006176 350.18147869597584 -3.420433122765011 9.59 -1.48 -3.894827594226515 0.0658104190208276 0.32 0.73 0.03036451080373804 0.030643049516157428 0 0 0 346.0958339282878 13.983647927715007 0 -0.03187606081214779 NGC_6380_Ton1
-2.6057843611987908 -0.24282979775581914 0.10494920836642961 62.1786995316631 77.34917718881763 2.1998523326813326 357.5580510554459 0.9917903380161095 5.673 57.55 -5.646537460397086 -0.21923664915437058 0.175 1.61 0.035697394357307316 0.03654717548729155 0 0 0 343.4726777529098 5.788253994949163 0 -0.1714312754772111 Terzan_1_HP_2
-1.9945797314102327 -1.0218100381514628 -0.37734538870647727 -180.83693899933058 146.03445403208238 158.39118209749103 350.7964479325354 -3.423293019376402 6.4 -184.72 -3.818604656330031 4.611166823988762 0.3 1.12 0.028575832949109654 0.02843275876985171 0 0 0 346.2411354382655 13.386222291515336 0 -0.041093109008195794 Ton2_Pismis26
2.669829227924117 -2.826301279520615 -1.3450994301579224 48.616032674158006 55.238211926412916 -19.4741721310576 345.5564641136483 -6.737723012789862 11.171 83.11 -2.9957037750627764 -0.31429904879689435 0.162 0.45 0.02601167352153663 0.025988321234912237 0 0 0 348.4330795784764 19.199825743409917 0 -0.000439659168698842 NGC_6388
0.3428109378163473 3.371501584621957 2.449673368806344 51.13831370842923 -52.86221708727942 20.82016389174304 21.323742446333608 14.804635789731854 9.144 -60.71 -6.1620102433052555 0.6639034277672564 0.255 0.45 0.025284934457254715 0.025722987569338315 0 0 0 334.80451106785245 -20.082271654416925 0 -0.03546924276661038 NGC_6402_M_14
-0.6610845906407334 0.4605248162534825 0.5339614798052827 -100.94442355911018 216.9860429692488 112.69603375368456 3.450634196385454 3.979955358909008 8.064 -105.44 -0.2328749984431446 3.101430997958862 0.238 2.5 0.03399090532997107 0.034038483439321206 0 0 0 341.94808008484887 -0.6352287510725462 0 -0.06464334762241603 NGC_6401
-6.003726882421347 -0.9205711169995083 -0.5098011432382776 -60.290018643126665 83.92181381827906 -132.84430340491244 338.1650154872477 -11.959528626624873 2.482 18.51 -13.682931954875968 -11.62781880312185 0.019 0.08 0.025000000000000005 0.025000000000000005 0 0 0 352.5587623581185 27.329402713115172 0 -8.673617379884032e-17 NGC_6397
-0.8180419382313637 0.27329487648285333 0.23464866330453504 194.84255497671796 -92.78808553122113 192.71049584331308 2.092136688264863 1.7800943566449814 7.047 177.0 -9.33648732964188 5.083398995105213 0.463 1.35 0.03718879253179384 0.036837395538056095 0 0 0 343.7709455670848 1.197130744311528 0 -0.06532701789727872 Pal_6
8.900473062375882 9.171812121525717 5.650854089478705 -14.363808481722709 -163.47143164202154 -28.95552994822008 28.086829905776337 16.233869825301362 20.71 -210.51 -3.5053932038993483 0.2445475128809642 0.355 0.51 0.026105898446457703 0.025893668459745865 0 0 0 334.2753475520523 -26.73553817722454 0 -0.005777005811918625 NGC_6426
0.9746613271087678 -0.5389033412308826 -0.40507343829228715 -372.5627336832596 -175.21553153555288 11.06222008986293 356.67497065289615 -2.4819678319999787 9.879 -359.18 -9.731416989997781 -0.2875558498492004 0.671 1.64 0.03819965306389231 0.04091193598203662 0 0 0 346.66700456406755 7.455344477929339 0 -0.10666444261350541 Djorg_1
-2.245810953548455 0.40627332495313584 0.18409979660971887 -59.32600618982593 69.46883034328687 -23.57061986933868 3.839475259607308 1.6868200489792926 6.617 -81.97 -5.480347984273443 -0.9935612569288301 0.15 0.85 0.056335949941732535 0.05573383841224833 0 0 0 344.26876074037506 -0.4795638905242206 0 -0.08638133137310693 Terzan_5_11
-0.2800527898839338 1.0882329503896848 0.5383457302786316 -34.309060425093776 70.70809506710226 -36.719466529892905 7.728607287970137 3.801238598607456 8.248 -69.39 -4.00497972851171 -1.0291333121662456 0.248 0.93 0.03361933030403386 0.033387731727511395 0 0 0 343.1070246676204 -4.747293000783386 0 -0.03766219838414692 NGC_6440
4.57514196479751 -1.459922261764004 -1.1462190467512703 -14.678955222783152 -132.04638847309977 -27.367835251380342 353.5322330352499 -5.005797269414497 12.728 18.47 -5.916028940037632 -0.5382253994724023 0.163 0.56 0.027094277539664438 0.02690539211020042 0 0 0 348.4422607570368 11.0794434331171 0 -0.0038808149667883506 NGC_6441
-1.4676102153452009 -0.17042525250724871 -0.2544710103940795 141.5151651389119 -61.57279300236672 18.22099090164052 358.5713052273279 -2.161805282053847 7.271 137.15 -8.958272564749738 0.5079661953832695 0.36 1.7 0.04584672773541903 0.045596902920641016 0 0 0 346.79171713631837 5.53770949899346 0 -0.22596590941096173 Terzan_6_HP_5
2.0555331399744645 -0.7756077268364585 -0.7079870211370982 -117.14555423549363 -7.56724330102858 -142.5704537427782 355.7174113137219 -3.8724522029973714 10.07 -99.23 -5.039441328003221 -3.1852962345146367 0.22 1.24 0.03587739928669919 0.03614985782022879 0 0 0 347.8148801507894 8.702728068873302 0 -0.059221089138455876 NGC_6453
3.4421844012194285 1.0531617357786613 0.14892530665641424 87.2442545881337 44.60091090904369 35.223290870535585 5.125384803279546 0.7639709385230699 15.581 59.38 -3.465460332540233 0.4896669108589426 0.57 2.63 0.06498017973721389 0.07979082805259877 0 0 0 345.4654337960619 -1.515357489675807 0 -0.31095611440461235 UKS_1
-0.13511507497959485 0.7527262708578863 0.11192829137736159 -304.05036304217003 75.04643935910887 91.95272763120946 5.267475161929229 0.7797329570877751 8.082 -327.28 -3.282034587311314 2.2742864744117566 1.622 0.9 0.09761214417540667 0.09303692444121109 0 0 0 345.48314406306594 -1.6572061214326121 0 -0.40674643898486307 VVV_CL001
0.9633232662039948 -1.9652922894739535 -1.6750854574395342 -222.87485090049086 -166.05455185778348 -45.02313466837675 348.02692465139205 -10.013754411616592 9.641 -134.72 -9.607681762246287 -1.6981508046696137 0.153 0.26 0.026054241684385207 0.02594564491878443 0 0 0 352.32823474456933 17.45787246394514 0 -0.0027485561106662436 NGC_6496
-3.063963424297939 0.32973388235751067 -0.1748047320611339 89.76195344700248 44.36546878512082 -44.153415997453166 3.6031383596642406 -1.9887838670521412 5.77 68.56 -7.7329862022694025 -1.9633851877589041 0.356 0.54 0.04691065073052733 0.04613448653706331 0 0 0 347.78852540915597 0.6055820641373973 0 -0.08501421277414585 Terzan_9
0.38063718110888267 0.4190581652460872 -0.38167988259026653 -137.7263153054277 130.70787390307498 -71.48564953768093 2.7635685607890177 -2.5084769918607774 8.764 -149.75 -2.285234537821225 -2.0787005814087354 0.178 1.1 0.02873196748355236 0.03032283041742789 0 0 0 348.0992348995862 1.5422592077904937 0 -0.08611306696414261 Djorg_2_ESO456
1.764162734637397 3.5085782722045464 1.259311090309567 60.73423831066419 -1.7647796477906874 -36.88385026910912 19.225066603559792 6.762703973758858 9.227 -35.06 -4.665926050712229 -0.7896297165665624 0.578 1.65 0.02828299758939005 0.027714112783175232 0 0 0 342.7277508084804 -16.564514079639682 0 -0.012779543804874435 NGC_6517
1.9631424800485302 0.7927822015866877 -0.34041285282876066 250.87296013618345 -24.3705800959827 229.96951125388426 4.416774811144321 -1.8677128922707116 10.212 211.37 -5.617232739057098 4.716831177312274 0.412 2.27 0.037025184270768154 0.04126906504532981 0 0 0 347.86007573242046 -0.21343770661025996 0 -0.17287850928681 Terzan_10
-0.700345330248151 0.13592011896266154 -0.5199452473620749 -15.187846546852176 73.59462425112994 -187.74832841117478 1.024506493820178 -3.9253676289256076 7.295 -15.23 -4.37841247558071 -5.441627439808719 0.211 0.49 0.042267597632001906 0.04173068643599321 0 0 0 349.07814660932434 3.5586830486891987 0 -0.007848332033850748 NGC_6522
-2.654095959178603 2.8970949512733606 1.1747209605434332 -124.7812204852763 5.728634298469491 39.821931075688134 27.175519071439282 10.435778465270735 6.363 -214.85 -4.559527699991777 2.366505261563496 0.124 0.46 0.027121917483516455 0.02687752949988754 0 0 0 340.4979661162229 -24.986393123924895 0 -0.006251153045310596 NGC_6535
-0.9822005981201816 0.1454058217222718 -0.5319254712543269 224.03843510214037 29.59304536484415 -40.37024286525262 1.138173862749763 -4.174429646160713 7.829 211.86 -5.944489601407677 -0.9130418274953245 0.239 0.43 0.044071608111552585 0.04497436334693058 0 0 0 349.34708902432766 3.505464612438361 0 -0.06669251187317105 NGC_6528
-0.982539786594244 2.778050066307358 0.9321219780981644 111.36061662379606 13.65919653693767 172.66094500812787 20.79499258595137 6.775937865421503 8.165 35.19 -6.419371012939717 4.353812788606021 0.395 0.5 0.026389951593392524 0.02661898673688387 0 0 0 343.05472921473824 -18.09198717647056 0 -0.039295632496130335 NGC_6539
-3.6461050237670776 0.26716009794327733 -0.26108951617067755 2.634509941598748 136.66049582159192 50.377444955402595 3.2850965959419045 -3.3129972548891495 5.909 -16.5 -4.288162694813017 1.9073134778567398 0.279 0.78 0.04556696564464334 0.04543843793463738 0 0 0 349.0028786393286 1.2221908487802517 0 -0.027637020670754596 NGC_6540_Djorg
-5.69574253788902 0.26630364122726713 -0.08700910098506133 -8.676035357487738 12.908926354485155 -78.20884958333632 5.8381492258174115 -2.2035363260677028 2.582 -38.46 -17.407600080497506 -7.008760620642082 0.059 0.67 0.027286142422970745 0.02772122709537506 0 0 0 348.518376860981 -1.5162364724332167 0 -0.03297692018756831 NGC_6544
-1.2188105478839972 -1.340442201509394 -1.4231950352293659 -225.79501310430797 2.2124305005763194 -106.36915337903808 349.28606579246053 -11.188187381565141 7.609 -163.97 -7.749369834623789 -4.271597729915919 0.102 0.46 0.02503031915988886 0.024969644025378112 0 0 0 353.7801443731063 16.466680598041933 0 -0.0017634261749445875 NGC_6541
12.69710107526098 -4.889469023402287 -4.840643065874879 19.853499133995115 -71.67992564362407 -72.96881827891093 346.898517983545 -12.571020940614915 22.1 93.2 -2.8061152010863086 -0.5859210511940534 0.94 0.34 0.03148730243504526 0.03158401154641368 0 0 0 354.7605204457959 19.015997194012805 0 -0.11720936611165433 ESO-SC06_ESO280
-3.040243419389185 0.4836276185193962 -0.27226447159832334 9.420329576025097 227.45042729848157 -5.382690901101477 5.252887543277559 -3.029724472447452 5.332 -1.41 -0.18417159745927827 -0.5075951365894846 0.128 0.58 0.030101175238229277 0.02989848239087416 0 0 0 349.18499598225816 -0.7545290484650101 0 -0.004283927646620778 NGC_6553
-1.3305009529201142 0.024244057078974368 -0.7322839476075284 -183.97435140041625 82.33463062704237 13.35285528722811 0.19930183685937927 -6.022628628780462 7.474 -195.12 -4.490607688648229 -0.44902181088829957 0.294 0.73 0.030317271698928585 0.030689787173151663 0 0 0 350.9379868131681 4.836941746422877 0 -0.03121486855192005 NGC_6558
-4.604076521237399 1.4802634643737071 0.4061966230351665 191.1352430802075 197.41594576757424 23.81314706071525 21.831942491815454 5.6685449528074425 4.554 155.06 -5.234908249622177 0.08908208595267783 0.263 0.69 0.02601085625925465 0.025989139205837373 0 0 0 344.42493983305326 -18.866651174025225 0 -0.0005498383513354023 IC_1276_Pal_7
-4.938658121245781 0.4938884502260852 -0.11272891508834838 119.82140158063307 155.77294468174347 67.87721904554705 8.358119089531934 -2.100773950029075 5.166 94.01 -5.673125658108076 3.9942917103431244 0.4 0.72 0.03685563547553062 0.035151986198432794 0 0 0 349.0109213904071 -3.9880468625138152 0 -0.09645643518457611 Terzan_12
2.115455338759743 0.08744076356363184 -1.2254903247201123 -33.56404153592394 -187.73455704394826 23.949086311291577 0.4809108342358553 -6.680907715565955 10.534 -49.83 -8.437670672339253 0.21856492203931926 0.261 0.5 0.02710025959339723 0.02689936672062154 0 0 0 351.6449056057726 4.712876279959532 0 -0.005063742801102316 NGC_6569
-2.336967076989497 0.3503425248602374 -0.5454961089914747 -31.134623632958295 187.61204554111214 -127.60593011686034 3.3617024205806976 -5.2703791377459135 6.115 -31.87 -1.4799463810768638 -4.868364685306299 0.265 3.83 0.0435424087652095 0.04247421145734677 0 0 0 350.9253061863974 1.6012793724106775 0 -0.07252937483009586 BH_261_AL_3
4.153636718542067 -4.014983279563966 -3.8671508747354575 68.32747494916829 -238.57170772046297 -238.36590020229238 342.14348483793793 -16.413923124250253 13.611 260.64 -6.651515392275797 -2.7682557660588656 0.176 1.58 0.02599054657018969 0.026009449993854173 0 0 0 358.07441483346355 24.160552754255946 0 0.0006865797115716168 NGC_6584
-3.057299049984362 1.6624657794388018 -0.0033867691851289378 252.64430900558293 84.23335450344516 8.651419468627985 17.593873582797695 -0.11212990143120206 5.466 185.5 -8.21142272531859 0.08999347821605427 0.523 3.75 0.09468963579512477 0.07937173850298748 0 0 0 349.2833978966838 -13.429500781680938 0 -0.34367421740750775 Mercer_5
-0.31898713202783213 0.3888308682968633 -1.1102781888659137 59.302032468625654 -0.9893098181795286 -123.81700333610198 2.7883243166002587 -7.913462358264232 8.019 54.79 -6.151087911768857 -3.256865748183526 0.108 0.4 0.029116712804254475 0.028882815573876508 0 0 0 353.36831991797436 2.763520468477765 0 -0.005912047340551963 NGC_6624
-3.163853869168477 0.7035541413842459 -0.4990009805181934 39.77175310903546 34.326337144068816 -88.82776497940307 7.798115881106475 -5.5803838577059 5.368 11.11 -8.098081421926354 -3.8618668133237417 0.099 0.6 0.02693378333069974 0.027066054671764053 0 0 0 352.2638086192946 -2.6190461435383128 0 0.003464221848293309 NGC_6626_M_28
1.27946029637309 1.3290629099253173 -1.217131307703063 52.19069047493252 16.123952812091424 25.23622759035104 7.896503874808978 -7.152980413495349 9.775 8.63 -4.753525936844415 0.41779560522751175 0.347 2.0 0.03128488533245677 0.03071247221789596 0 0 0 353.8155784296582 -2.337729961583678 0 -0.013716385269276047 NGC_6638
0.39065878074621985 0.261516161873955 -1.5768963900873039 82.52336066477282 -78.60029750166731 82.20876041114995 1.7228896748215035 -10.269380513399156 8.9 47.48 -7.4653595225503935 2.0273236542462008 0.106 1.0 0.02722070762865242 0.026777473297445818 0 0 0 355.4292236914366 4.32112957166161 0 -0.013098721305915887 NGC_6637_M_69
-0.1850917715688194 1.4042086929716882 -0.9291856881687057 -31.592574938697087 83.33726125132155 -48.67047978020241 9.814670299886993 -6.438706379965583 8.049 -60.61 -3.5489677501437242 -1.60867427045993 0.204 1.35 0.03046559402741334 0.030542553602422258 0 0 0 353.5825655977571 -4.358589161738111 0 -0.038840351861393424 NGC_6642
1.1230248825100286 0.25244733371332373 -1.9003454192039269 -45.968794872701814 -51.44410102232742 167.68197387953137 1.5339065108569485 -11.376816222447147 9.464 -95.37 -6.184730553314849 3.164625093576457 0.139 0.86 0.02709313667587427 0.026906540934545944 0 0 0 356.470838534416 4.748557032051871 0 -0.005765490546115394 NGC_6652
-5.078287888564157 0.5620078939652545 -0.421444742892423 -155.6920441279913 192.93357698361444 -148.29936533140776 9.892268178786653 -7.55165281357915 3.303 -148.72 -0.6477191511297279 -11.316529543162066 0.037 0.78 0.026010348204427085 0.025989647675265945 0 0 0 354.68364776305845 -4.161381345607063 0 -0.0006050677467541028 NGC_6656_M_22
3.3492765806051032 2.9279600328485036 -1.4401255445204237 59.31109773512655 -109.43263735484813 -31.888125246289892 14.104646922833666 -6.797061422957546 11.316 -31.54 -5.982314874934769 -0.7506468791210776 0.652 0.21 0.02711813392962531 0.026881346918912093 0 0 0 354.9991994033174 -8.396715977859525 0 -0.0066403246894024244 Pal_8
0.9092789118072826 0.45917719187177175 -2.049125914907177 198.49156939263787 74.43655534391878 -183.06322693114333 2.852928850553096 -12.509864825925114 9.362 216.62 -3.7269466939758416 -3.2683938471767062 0.107 0.84 0.026087749640542668 0.02591195320102995 0 0 0 357.866875618162 3.7431420836405547 0 -0.005940167094171471 NGC_6681_M_70
-1.6691222897622175 3.1426663260546817 -0.5501128968972065 -61.31622301883252 103.27238457790756 -158.77247863034876 25.353945139743534 -4.317986606384564 7.382 -107.45 -2.4565241619914295 -5.009547089463509 0.24 0.29 0.027130116367155437 0.026869253542006047 0 0 0 355.6009683709245 -19.848463018135533 0 -0.007117630291274975 NGC_6712
17.496025779529546 2.5340436867269105 -6.550579864730055 237.36377372025223 -43.50306226259144 206.72395033799012 5.6070225957469395 -14.087135844597109 26.283 143.13 -2.338931236736802 1.9102056616544858 0.328 0.43 0.02506378953335284 0.02493604728556218 0 0 0 0.017763965305470614 1.49485016236409 0 -0.004784541472658421 NGC_6715_M_54
-1.1526168898562315 1.6345881380647334 -1.4097834618735405 91.17630710295427 37.173889685695045 26.493379178360605 12.875981710606807 -10.900206493003195 7.524 30.25 -5.87368756017129 0.7234669622650649 0.133 0.9 0.027236896179915832 0.0267610068286768 0 0 0 358.68203295533027 -6.168366910789627 0 -0.014779466111975205 NGC_6717_Pal9
-0.3527658300897354 0.009613769718936016 -2.4761289276106964 -100.53562569387938 158.00519171570033 -33.467746708696794 0.06928578517304051 -17.298922793096093 8.267 -94.39 -1.8765148421846958 -1.8315741991687224 0.1 0.26 0.02504230003040457 0.02495762827648492 0 0 0 1.983567048713992 7.4016264247972545 0 -0.003678219491689207 NGC_6723
-2.0837085817268406 4.550280233549132 -0.29156119694060784 106.82052163431122 2.0384914076103366 1.201032305723576 36.20079703206496 -2.204662230961539 7.591 -58.44 -6.629567641689064 -0.22085942196184294 0.218 0.96 0.027109678688305345 0.026889873956879067 0 0 0 356.77776142170205 -30.83024801359965 0 -0.00580765188598617 NGC_6749
-4.823569816093774 -1.5140087088859582 -1.8093382257826973 -27.43152365844957 150.4463624342041 61.579568364657895 336.49291268386395 -25.628340846923855 4.125 -26.01 -4.530980146543086 2.388947029892544 0.041 0.12 0.024000000000000004 0.024 0 0 0 7.931923349948865 30.14987965818795 0 -1.411721578757167e-16 NGC_6752
-1.4019008837155633 5.032620009081773 -0.5824092168278896 96.40217991059171 107.95359385423167 -20.60186145261236 36.10771321340315 -3.924098825423595 8.411 -2.37 -3.7143068568286792 -0.6869094360361183 0.441 1.27 0.026105703170236406 0.025893865335007614 0 0 0 358.64799450627305 -30.22209847800439 0 -0.005798258382518478 NGC_6760
-3.5612208846962474 9.158196396240209 1.5193464039046485 -82.79124302924613 108.00621513792505 110.9335780873014 62.659401894500995 8.336392836123661 10.43 -136.97 0.5378272301369867 2.523150386029968 0.144 0.45 0.025832733258751135 0.025172800646376496 0 0 0 352.1678117106712 -59.06799727133496 0 0.02961201451276234 NGC_6779_M_56
14.577294865998697 1.355073210531705 -8.413899378668411 268.58603077514584 -50.67051196073187 198.55465248043936 3.3868323695334333 -20.06655944458567 24.278 159.45 -2.570786331310883 2.2682113302655758 0.496 0.14 0.028265697058004077 0.027731757424028145 0 0 0 5.3714639204048895 4.9136898404155325 0 -0.023164434065853504 Terzan_7
-4.706483521851121 4.671500256543801 0.2918416001487607 176.7426338058213 64.10552307001026 18.928526906581656 52.43635259228687 2.724886144766379 8.944 -31.7 -8.358616963267266 0.48625863630448674 1.292 0.23 0.027875826461821258 0.02712818274544806 0 0 0 356.9068256001485 -47.792430824258695 0 0.025437748792855867 Pal_10
18.846986137926223 4.082895709356709 -10.474975680942054 252.42422035775982 -41.11595690490586 180.6540879655064 8.545370991904297 -20.785365499288524 28.726 123.01 -2.197188818253241 1.670859448590135 0.346 0.33 0.0273430760073086 0.027665071741431374 0 0 0 7.192756716003415 0.3776763282878255 0 -0.04253014281236831 Arp_2
-3.4027568568903117 0.7582744102657775 -2.125289147756292 210.9993973211302 6.204482359021458 -56.06352256066047 8.792567115315153 -23.271639482731132 5.348 174.7 -9.920819662398573 0.26325885771585233 0.052 0.17 0.024007291281386033 0.023992706502824694 0 0 0 9.658694207310063 0.7699030297426216 0 -0.0007941675281081677 NGC_6809_M_55
16.820541227182787 2.5364029682688667 -11.590787185442537 279.7646123817531 -38.20305661661323 173.93919129289714 5.75924344433282 -24.558779534122888 27.535 148.53 -2.2468684972188173 1.911775864531628 0.421 0.17 0.02592894959796947 0.027068239188132632 0 0 0 10.252029480280765 3.768817939184095 0 -0.004071615042508196 Terzan_8
2.947343789127771 6.980547355122902 -3.699174418190986 126.02470053787859 -96.88882557687127 -12.876645572481689 31.805109195074504 -15.575949038281765 14.024 -67.64 -5.220857025375165 -0.6054006281717779 0.517 0.76 0.027212094558951808 0.026786226119307387 0 0 0 9.216291913852748 -22.216215935218298 0 -0.012299128701291401 Pal_11
-6.136146304299922 3.301033216863386 -0.3003453861790879 63.25294612202566 173.8344347948166 38.53678654006683 56.74589135506667 -4.564447121756709 4.001 -22.72 -4.02596495507384 1.582041775844525 0.05 0.2 0.025010968997358305 0.02498902618777255 0 0 0 9.53439446838936 -49.08397283144671 0 -0.0004791881647531026 NGC_6838_M_71
8.143854355303032 6.091614216002801 -8.486043890108512 -73.90301901175432 -78.5332049111307 53.60333604935388 20.30398530620974 -25.747029776995383 20.517 -189.08 -2.8349775267508637 -0.4324377675661084 0.457 1.12 0.02608544212104841 0.025914276168734353 0 0 0 15.07183818752344 -8.538254564839617 0 -0.007527483597291552 NGC_6864_M_75
1.0265267153781075 11.997948136178504 -5.205943878396328 95.19040521221395 -327.5684202373794 121.23369483057134 52.10326807835985 -18.892965308537494 15.716 -406.22 -5.382004179274915 -0.24069070249459631 0.173 0.73 0.026070056533438097 0.025929754189797895 0 0 0 23.217613752143485 -37.74936771346857 0 -0.0026231590107717315 NGC_6934
3.2517146621314836 8.152882195267543 -9.090508053020631 -60.068514613559074 -167.5800544353066 171.03640240064718 35.16233268673376 -32.6831319145802 16.661 -331.39 -3.582502532154081 -0.2284745217953236 0.185 1.47 0.026019526049382864 0.025980459275491783 0 0 0 27.01761679225492 -17.513551572088147 0 -0.0013199598222605716 NGC_6981_M_72
8.276285236071592 33.7068669907346 -13.257811728557522 -57.82778420355452 -157.04069450365157 83.57637653607458 63.76945712105404 -19.407020205616124 39.318 -383.47 -0.5827675527920027 -0.28775333084574417 0.565 0.73 0.027026012412838016 0.026973962502033794 0 0 0 33.3310814221857 -45.82350085580377 0 -0.0005326256504658776 NGC_7006
17.759186303445347 52.60182569023468 -22.793338184538758 75.02187816853593 61.957764895787754 -118.28672917822837 63.59807008303635 -21.176073797544856 61.767 -70.3 -0.44629677018263003 -0.5415941219442404 1.672 0.82 0.07757411220796434 0.07725449576009254 0 0 0 34.898374570603075 -44.433189034632385 0 -0.21375669290427943 Laevens_3
1.3467420288903238 25.732168011225202 -10.705966743070013 200.0195198815615 -21.794222332940656 27.02463063643338 69.39919460689046 -21.272549765089387 29.5 -167.0 -1.9033883406708212 -0.30969795704585623 1.1 1.5 0.07616067223867484 0.10202721207674519 0 0 0 40.972394714207624 -47.83348074893665 0 -0.3908498933248184 Segue_3
-4.2845933656568445 8.641429486404423 -4.91308215070925 106.8729185136567 33.56700228185822 -30.426363447862396 65.01263841694369 -27.31262547691963 10.709 -106.84 -3.358165715903972 -1.913245416700942 0.096 0.3 0.024035317099209037 0.023964630853415412 0 0 0 41.64554832393484 -40.6077608656377 0 -0.0005704942994089072 NGC_7078_M_15
-2.6911995804360203 7.566228429130048 -6.785748710845087 -73.29748977963422 127.8064636524335 -171.953065804182 53.3708781261002 -35.769759534645544 11.693 -3.78 0.09212962174868866 -4.063537514628903 0.115 0.3 0.025057451457962718 0.02494241621078123 0 0 0 39.46466518861746 -27.71325211792405 0 -0.001956328233279692 NGC_7089_M_2
-3.1360943818114375 2.659184090499193 -6.199579375004274 -0.7994166868385317 -101.68514132412412 107.98853247090042 27.179135810286922 -46.83548317662698 8.458 -185.19 -7.226023540394444 -1.2452669567869141 0.09 0.17 0.025051682979580703 0.024948209953633678 0 0 0 36.79917804691352 -5.437330125800003 0 -0.006846182068981631 NGC_7099_M_30
2.4959318650559865 6.381460745274199 -13.810915884627486 331.27385239690676 -5.0067969493216555 110.02747118045339 30.510121585817917 -47.68164428436391 18.494 27.91 -4.144647626990777 2.0841535567418545 0.3 0.28 0.027337421826052432 0.026658307671427156 0 0 0 38.607740432389335 -7.047796896561537 0 -0.03611485912208362 Pal_12
-7.420217495686984 18.187989462286488 -16.786887411519665 -170.08674484207535 190.81825840838596 -84.36201143621506 87.10361091345484 -42.699843104314 23.475 25.3 1.5207547306746456 -0.867494696889086 0.403 0.22 0.043080420814683176 0.03790880296751418 0 0 0 70.03320449361087 -33.5094464526344 0 -0.07633604150769566 Pal_13
-1.655948140694389 9.014610507068316 -22.499240495448902 3.7319056753727025 -102.96377245176654 68.23428265698092 53.386031755420746 -63.477487766245744 24.39 -176.7 -1.6262876890579006 -1.824550726184042 0.579 0.27 0.02642712004838564 0.026582086561220387 0 0 0 58.94649257918302 -7.0439621876916245 0 -0.040168790515038126 NGC_7492
