#              Data for Checkpoint 3
#              Sampled at 25 kHz
#
0.325960008499 , 1.11363898437
0.249122502687 , 1.05946415698
0.275374342995 , 1.00081995635
0.369209075411 , 1.15505915531
0.260600441007 , 0.951217614253
0.328060881321 , 1.03244993787
0.302310816332 , 1.02540638543
0.320619373763 , 1.01377938024
0.26271805648 , 1.19893385364
0.304755618148 , 1.13964084697
0.305813836292 , 0.885813850374
0.397859933013 , 1.02058195388
0.428279162747 , 1.13966059185
0.272598438013 , 1.11887716715
0.286586574852 , 1.07652080301
0.255922295758 , 1.03597774202
0.393985102071 , 1.06053976443
0.401107634665 , 1.04289322077
0.332720385354 , 0.957306133218
0.360278607568 , 0.983117681341
0.384802861279 , 1.08664228263
0.337372021673 , 1.42262268415
0.446182312287 , 1.08064866086
0.517046525417 , 1.23894626282
0.310112553936 , 1.10090216994
0.305181428945 , 1.24853545792
0.314822889721 , 1.18967092912
0.387324008547 , 0.952495263978
0.282548981361 , 1.20519744784
0.352019571689 , 1.11383814341
0.369800616138 , 1.05825920655
0.318453553768 , 1.09422247358
0.331819027473 , 1.11300909964
0.375278120309 , 1.17720909352
0.475720236453 , 1.31115970186
0.30116317243 , 1.12782180136
0.392664365644 , 1.29913223358
0.381751856442 , 1.09476996608
0.319179274258 , 1.05548503584
0.45399699346 , 1.11814533545
0.479648982102 , 1.02061913426
0.423347424446 , 1.14640791844
0.35620902541 , 1.1074929686
0.386622571293 , 1.10168308132
0.313298785426 , 0.969881008924
0.343011120852 , 0.972273700779
0.403712279833 , 1.22127994353
0.533428419658 , 1.20198315698
0.436338369227 , 1.09303660207
0.440236554334 , 1.34768843792
0.400746271086 , 1.25497970869
0.352621347856 , 1.08969927678
0.382241899877 , 1.1427195727
0.446346178981 , 1.0707436822
0.460677225538 , 1.3259625263
0.507352270979 , 1.17914530997
0.365271539222 , 1.11442433628
0.456684217945 , 1.02410226188
0.34874923286 , 1.1663798199
0.435062059791 , 1.22743178237
0.37036546893 , 1.06379535123
0.291465816833 , 1.12719950998
0.404064499503 , 1.06822470226
0.428106719996 , 1.21661144867
0.447866066921 , 1.14409443953
0.499042538214 , 1.41712774864
0.38612967074 , 1.1593887916
0.481185476543 , 1.13046231386
0.474446324378 , 1.16261746347
0.489379964728 , 0.981448226845
0.37121860055 , 1.10209987745
0.366554464502 , 1.24911924405
0.515278395698 , 1.08703518985
0.485975459325 , 0.771732560172
0.384365009789 , 1.08704321561
0.48473034961 , 1.3033385371
0.508922812905 , 1.1408048909
0.519417721584 , 1.2593515145
0.448224922657 , 1.03541969945
0.446843193219 , 1.15045794575
0.506380360949 , 1.24521346769
0.410209300959 , 1.10980462019
0.456940033399 , 1.10069830939
0.384190385056 , 1.19926712441
0.329721053409 , 1.30254428749
0.505798730014 , 1.12388787052
0.527549268549 , 1.29517166796
0.393558701601 , 1.00604330682
0.499284044892 , 1.15819091355
0.558146905224 , 1.12964871442
0.478807215483 , 1.14648809498
0.447201495654 , 1.00254558599
0.609906462909 , 1.34574069773
0.48381248788 , 1.18838713019
0.453730342076 , 1.21676377657
0.551206190482 , 1.26348502351
0.391599246849 , 1.09662824174
0.485862261077 , 1.00035184408
0.576993694142 , 1.02252566391
0.535166881514 , 1.34020120933
0.52428311621 , 1.24294429422
0.481483580944 , 1.24470795108
0.47496485166 , 1.10252180614
0.58383763541 , 1.26608560981
0.569488617307 , 1.00091513754
0.554589877441 , 1.02903241025
0.44076386539 , 1.14471911063
0.461480861992 , 1.15460538632
0.500363277064 , 1.32679028069
0.424199079477 , 1.08939091722
0.558665287784 , 1.17569683733
0.455941310746 , 1.27803085339
0.529536856536 , 0.921638218764
0.481903407297 , 1.16120456072
0.683318966527 , 1.16462342309
0.525377908671 , 1.01352391094
0.419618635612 , 1.24647952272
0.531077707835 , 1.26645114051
0.508016254314 , 1.08228441772
0.417615248032 , 1.14178164668
0.482574977512 , 1.255251773
0.574812668024 , 1.21609960648
0.447124564537 , 1.19927123079
0.569500798554 , 0.989781909278
0.522851740445 , 1.25915254227
0.482541179254 , 1.19205588186
0.52440075004 , 1.15632942817
0.387079116732 , 1.25358130004
0.479518335963 , 1.26723369481
0.483241171545 , 1.02156442614
0.433120686673 , 1.19890220145
0.58133830929 , 1.01602757712
0.552579139068 , 1.12356143704
0.617323602897 , 1.50223526842
0.67508630183 , 1.00807415826
0.536043366177 , 1.41828194032
0.533567393275 , 1.36952703704
0.632642501498 , 1.23273953298
0.623635385732 , 1.31580913629
0.546905257278 , 1.21142089356
0.631759097093 , 1.09297733664
0.526242900958 , 1.35863279709
0.544779911481 , 1.20581225658
0.561867440399 , 1.1061169833
0.552789185914 , 1.27154795595
0.645037161865 , 0.969631152082
0.602297660711 , 1.05172707536
0.628748752832 , 1.19346583194
0.512667707589 , 1.23537195148
0.479005266096 , 1.18866789209
0.667860518034 , 1.26198667753
0.551580904043 , 1.12420989764
0.475411728339 , 1.2064180919
0.691170030547 , 1.16917705273
0.741549786686 , 1.14453194591
0.698350885166 , 1.10330334229
0.679514075108 , 1.20666544534
0.776009661322 , 1.21243432989
0.692632479863 , 1.16654102114
0.56643607053 , 1.13028740459
0.427592902681 , 1.24425162162
0.517422780822 , 1.25960245748
0.775408731417 , 1.40791824808
0.730767461162 , 1.14784772573
0.602701568824 , 1.2102330784
0.74028210975 , 1.17823769878
0.64410915276 , 1.30851376982
0.627431818024 , 1.24587887572
0.644101859121 , 1.20832299935
0.7251218575 , 1.24591861159
0.574678342767 , 1.47102381869
0.615273788226 , 1.23707351482
0.645649759816 , 1.31738443494
0.724950631129 , 1.3032079672
0.688445090447 , 1.32026429156
0.616731612183 , 1.2487198062
0.638845831958 , 1.28031934139
0.457318773608 , 1.22180980572
0.807786556989 , 1.21640144332
0.601743051073 , 1.28702273312
0.644050308982 , 1.2228961864
0.692120919648 , 1.24253970533
0.704029596308 , 1.11596177432
0.599114635522 , 1.22889457078
0.605453027778 , 1.04861934362
0.639844804283 , 1.38487226418
0.688863151974 , 1.14189325345
0.818138731229 , 1.36390105198
0.599653217286 , 1.12315853831
0.748482144753 , 1.21503085317
0.673975356295 , 1.16448580147
0.570154807788 , 1.44574938963
0.599677984537 , 1.26937056916
0.710926494733 , 1.41506719666
0.623202123544 , 1.38517428638
0.717964044499 , 1.40233363532
0.652764822043 , 1.40094285527
0.672033620344 , 1.16567469587
0.770272648723 , 1.33563725716
0.662419858347 , 1.26110835436
0.647330125974 , 1.28945538836
0.731354341336 , 1.04551064253
0.561847042872 , 1.20821693512
0.839725952286 , 1.26034990893
0.831900042024 , 1.26601634672
0.655822112765 , 1.13878201191
0.817578631885 , 1.25146151877
0.715688524886 , 1.32128601438
0.720465647157 , 1.19079709942
0.701243872522 , 1.13301381979
0.692871825927 , 1.22271100036
0.828993988812 , 1.47092716713
0.613598479596 , 1.1122531458
0.746816538821 , 1.23017893861
0.790637614967 , 1.44280578038
0.689040037029 , 1.16155445398
0.741170490111 , 1.22282452588
0.777889828683 , 1.19657843441
0.738116316944 , 1.37371382076
0.793322301613 , 1.27853103467
0.825225250735 , 1.19401867901
0.763475191143 , 1.31562905873
0.771767054944 , 1.27284509416
0.656607276792 , 1.20123790549
0.744509388092 , 1.30242765577
0.827079501028 , 1.27334542675
0.615550424896 , 1.26142112038
0.655683040871 , 1.39824682959
0.892335191721 , 1.19521790855
0.803002955345 , 1.19718239237
0.816891105174 , 1.26493351106
0.819422525805 , 1.15341103425
0.710787329779 , 1.4050981307
0.736230559171 , 1.21153652496
0.72870034205 , 1.14881296068
0.744950140214 , 1.17898551543
0.66716849898 , 1.3219649191
0.755732041463 , 1.26306358667
0.881259923825 , 1.32292185358
0.920398296502 , 1.31410114034
0.776156649335 , 1.28690680691
0.885067595032 , 1.20627072308
0.858134298474 , 1.21637366256
0.835652000911 , 1.18347428613
0.765741878199 , 1.14984778778
0.775454234699 , 1.37510673357
0.641579688083 , 1.067952147
0.802424058208 , 1.30132965518
0.750895864525 , 1.13964259418
0.880313555177 , 1.30089930212
0.837655079117 , 1.25075354937
0.910835761979 , 1.43213804362
0.845822036174 , 1.38065379801
0.773081422962 , 1.44897687254
0.81685492587 , 1.31288954865
0.971860065911 , 1.37877707994
0.61970703761 , 1.20119341203
0.823889205969 , 1.40059310737
0.797023503584 , 1.38635314388
0.912331645564 , 1.38888247556
0.925403719259 , 1.38739747545
0.972863426353 , 1.35405076273
0.816437826964 , 1.25202427411
0.728414398514 , 1.20790902533
1.04630104505 , 1.43813716491
0.809751521316 , 1.26066693349
0.810414838214 , 0.962520660544
0.860182530672 , 1.43714084473
0.943323595349 , 1.33985773077
0.892146493619 , 1.47905682428
0.744563610335 , 1.37954101408
0.706526541307 , 1.28999482527
0.674092777595 , 1.23374726147
0.89445175452 , 1.37269192493
0.905162908253 , 1.05847271197
0.96882306567 , 1.21777493742
0.883403435353 , 1.23347726063
0.958966057276 , 1.41687272073
1.01181683476 , 1.45635628891
0.991965033423 , 1.42725003206
0.876967255535 , 1.10871054641
0.948570411843 , 1.27757426593
0.841961202498 , 1.30220832686
0.803041546273 , 1.34659984545
0.690625700541 , 1.2955357945
0.930577070737 , 1.35838116807
0.866504451573 , 1.28810419667
0.935667801943 , 1.19351630217
0.807908097746 , 1.47781331571
0.88219091033 , 1.3770552801
1.01662503686 , 1.15703451965
0.917485439737 , 1.25854429098
0.789782455628 , 1.27925044137
0.940550725383 , 1.29867054582
0.744505717858 , 1.53233140709
0.818450837354 , 1.22740328376
0.859815868268 , 1.59758743844
0.758566337361 , 1.28191772357
0.761341571511 , 1.37821713349
1.14260848156 , 1.37189602679
0.894339324718 , 1.47608944479
1.03217290622 , 1.38561722165
0.778224136399 , 1.24769390833
1.00531933884 , 1.4701189195
0.979162298428 , 1.27505700056
1.03855886525 , 1.39105212155
0.97062887819 , 1.40788700686
0.8882340514 , 1.31116962576
0.901939763575 , 1.25856837412
0.867082912353 , 1.35501754962
1.02290703675 , 1.47191338953
1.12523669868 , 1.32574300319
0.925652732909 , 1.35696413899
1.00594681803 , 1.13582829322
1.00315958887 , 1.4093552446
1.00148638469 , 1.45021477745
0.983703980683 , 1.08859851097
1.00354468673 , 1.41616637473
0.929172382012 , 1.47468453164
0.985745927968 , 1.37237476782
1.1113081139 , 1.18540515012
0.750397881659 , 1.50236540506
1.0010325784 , 1.17457850063
0.826389010463 , 1.40132125688
1.09942679291 , 1.47719704567
0.814819407151 , 1.45244311592
0.973473419374 , 1.17477160571
0.907959404941 , 1.43823006342
1.01632182902 , 1.32731167243
1.04168711156 , 1.2240444773
0.998849517796 , 1.40557528424
1.06988167462 , 1.3821099441
1.05729417902 , 1.23772131732
1.13240799488 , 1.33951896174
1.02716978393 , 1.43307755024
0.947328431434 , 1.38176233708
0.968297468323 , 1.15517666645
0.978795383718 , 1.25662463026
0.978027125447 , 1.3499910468
1.08248613975 , 1.24883814581
1.16504124893 , 1.18882547248
0.992455219455 , 1.51710338564
1.20943883861 , 1.41951920475
1.09422923925 , 1.48202103333
1.03015916153 , 1.45073003978
0.866804108093 , 1.24447269574
1.10586548364 , 1.28640035575
0.894887579874 , 1.36690108196
0.997478295673 , 1.50026557172
1.0022932458 , 1.46319864892
1.02091623773 , 1.0889821927
1.1427679357 , 1.40722691992
1.04505773345 , 1.31032602459
0.913337478384 , 1.315554395
1.01987502197 , 1.39898114907
1.21187798031 , 1.28835771987
1.14213375404 , 1.11320931345
1.11389421838 , 1.24736501283
1.07748863418 , 1.29111529655
0.838723597178 , 1.41204052958
0.986143954788 , 1.40044345988
1.02143122248 , 1.5405216396
1.13451672175 , 1.43413864538
1.09460930318 , 1.38854338857
1.09115177939 , 1.41521783751
0.9078244188 , 1.26231203114
1.02826179846 , 1.54418780296
0.934622023563 , 1.22459665303
1.17910771374 , 1.23038956684
1.04400439101 , 1.42984203968
0.917219227953 , 1.38938889111
1.04710382116 , 1.44995030071
0.985254822962 , 1.47708575833
1.12160427342 , 1.41077287936
0.950158520501 , 1.3419887777
1.07695420295 , 1.3057504818
1.20143687662 , 1.39475760881
1.18493741226 , 1.31298953119
0.951724864292 , 1.35887451291
1.23586322622 , 1.38689591047
1.07952204841 , 1.36562245764
1.20318111632 , 1.32496795186
1.24018446262 , 1.33815053278
1.18877543615 , 1.43754868549
1.0906029308 , 1.45553285754
1.08210251766 , 1.412210359
0.947816318729 , 1.16934656137
1.11609299408 , 1.59898218919
1.10838456039 , 1.35385970728
1.24530828176 , 1.51084426977
1.05382746238 , 1.46791519429
1.15427134426 , 1.38145323805
1.14208649032 , 1.56936320143
1.12058846366 , 1.57089947427
1.02600675167 , 1.33932286322
0.908066513023 , 1.68731075463
0.955536515761 , 1.2665280097
0.935080763276 , 1.36283782024
1.10523831949 , 1.40820278998
1.08843667601 , 1.25699667445
1.17071969574 , 1.49141015304
1.11947814211 , 1.44529979764
1.20296560589 , 1.21153144035
1.31022251643 , 1.35682257987
1.19580953236 , 1.36648211762
1.09803334438 , 1.29795662639
1.05418874031 , 1.49108985486
1.02040869935 , 1.55169571771
1.03960742499 , 1.36300534351
1.31911532189 , 1.33755073615
1.08094887839 , 1.43436729049
1.34149168685 , 1.42336033304
1.21852287816 , 1.17189501313
1.17730839417 , 1.36560840851
0.953046555457 , 1.39674311301
1.19841980288 , 1.48030398786
1.32235534646 , 1.29995864324
1.0657724619 , 1.33973327318
1.43143512242 , 1.40780592542
1.22544947627 , 1.55048657845
1.20220695722 , 1.30991584542
0.982950012216 , 1.49432570754
1.29757964123 , 1.35423933435
1.05327957901 , 1.45911675405
0.962971689738 , 1.49200312336
1.36002208518 , 1.28283188014
1.27631531006 , 1.48024652727
1.23252328263 , 1.33477746646
1.03161663698 , 1.27831169267
1.31693421344 , 1.47897272724
1.15394619314 , 1.55254158693
1.15585759567 , 1.39178039166
1.29125327396 , 1.50933759143
1.23279360864 , 1.11478519947
1.21658611853 , 1.23053570887
1.22763757553 , 1.40830128744
1.21731964758 , 1.62833106501
1.14739976938 , 1.70267590648
1.14260001712 , 1.576789572
1.22467015289 , 1.49457380807
1.28689965993 , 1.34722583735
1.07284977615 , 1.4238878473
1.09625072115 , 1.35293718757
1.13160652235 , 1.43057255351
1.29212291145 , 1.56200233229
1.10403329931 , 1.29319657151
1.42486917419 , 1.57626099118
1.21886412783 , 1.30400052756
1.13146587256 , 1.46865454701
1.1152591165 , 1.43672125356
1.3532470874 , 1.4645976269
1.05346121487 , 1.51652408311
1.13087836026 , 1.55255365927
1.27147072439 , 1.57069457404
1.12222510254 , 1.50909445625
1.26078764784 , 1.43067294872
1.2937463456 , 1.32983687882
1.22706987188 , 1.44165262168
1.25436315481 , 1.51030709783
1.21146199519 , 1.4564542461
1.35840680368 , 1.41285376617
1.15865148229 , 1.70973929918
1.33838522158 , 1.53835334238
1.33274356792 , 1.5784588513
1.17164979276 , 1.22819222635
1.13703657195 , 1.46045336665
1.24339691952 , 1.63041543911
1.39750932688 , 1.39945721583
1.3886945243 , 1.52728072538
1.26985127022 , 1.02918343148
1.54927663634 , 1.62693410557
1.31536765964 , 1.40013332965
1.24563331048 , 1.59796577238
1.22367120148 , 1.61999443137
1.27289702384 , 1.57964856979
1.16088549059 , 1.4537497982
1.27439672771 , 1.45787732431
1.16803738276 , 1.538011082
1.25576607519 , 1.42590027156
1.11947688036 , 1.42415104803
1.34976994776 , 1.322860157
1.27234010077 , 1.64264684353
0.971058237969 , 1.51077732751
1.2619228115 , 1.34898017479
1.21863600788 , 1.44984949528
1.34308261625 , 1.56478721028
1.33080785808 , 1.57718840577
1.44661038333 , 1.40227665302
1.16456560822 , 1.44197772839
1.19775465936 , 1.48054239496
1.38887775836 , 1.56897420299
1.36916409265 , 1.45821528985
1.30644734988 , 1.78552296922
1.64180225964 , 1.5368474537
1.51484783026 , 1.55827740818
1.38120701503 , 1.64085769621
1.4112521671 , 1.55520137015
1.2886856541 , 1.43975218809
1.38783104978 , 1.47898741942
1.39636672692 , 1.70371407543
1.24192473514 , 1.51375868608
1.02800663906 , 1.66486752169
1.39300744192 , 1.3822541027
1.4323980972 , 1.58198817991
1.22518683469 , 1.43131403456
1.31393446576 , 1.59694237425
1.26593286055 , 1.32462164684
1.56648130245 , 1.57800445543
1.32085977868 , 1.61827790936
1.35474612687 , 1.45187735093
1.652962238 , 1.64486694852
1.36751608353 , 1.33400433332
1.45036338239 , 1.74357200835
1.24604645365 , 1.24427193917
1.35640031372 , 1.36569710795
1.19486243357 , 1.59534194158
1.40644214198 , 1.67077782432
1.49504242251 , 1.44561497044
1.4437199259 , 1.58255755736
1.65899828084 , 1.58446908504
1.26668645224 , 1.56830910924
1.37014139013 , 1.67467516451
1.29686148383 , 1.52122091906
1.44469581104 , 1.63987161052
1.42410019234 , 1.43589990319
1.35992878924 , 1.69034657135
1.39857225113 , 1.48498510011
1.28538519041 , 1.53595997062
1.64040335531 , 1.53299641212
1.46920666655 , 1.5578888319
1.42549221219 , 1.6378402967
1.23724051104 , 1.31046852025
1.41162984799 , 1.51555144667
1.39358752401 , 1.48562825455
1.28728756681 , 1.58097475341
1.33945346161 , 1.65066055326
1.41140084041 , 1.57161208053
1.37435052225 , 1.64900505942
1.34812224233 , 1.38450403913
1.39652653605 , 1.42837044191
1.56928462537 , 1.6479792473
1.39434582969 , 1.39996447843
1.29442736919 , 1.46309241161
1.5882943644 , 1.52262312463
1.38876690503 , 1.53894290493
1.32466436945 , 1.42585862059
1.42228616229 , 1.51787116703
1.39466097047 , 1.62664759354
1.49135845292 , 1.33820798451
1.54500752657 , 1.48356062893
1.33653373805 , 1.29234746419
1.24709970747 , 1.72134105876
1.33368101697 , 1.50685397269
1.60796976087 , 1.48617378739
1.35458580884 , 1.6387401104
1.6091618869 , 1.70524148581
1.77560193845 , 1.45459272887
1.47348050767 , 1.70147469283
1.26241969991 , 1.41261036239
1.39797829559 , 1.5171626769
1.47172073582 , 1.68724357701
1.51061093888 , 1.37759511866
1.62127332109 , 1.44548542193
1.26578547151 , 1.49524125372
1.49956270997 , 1.68611597497
1.26614047712 , 1.30206996098
1.46447882088 , 1.60240455338
1.58128304571 , 1.39266911567
1.25431442312 , 1.52087853943
1.28386655571 , 1.63936350795
1.52647115309 , 1.68467673262
1.57095401624 , 1.65061318834
1.44227755155 , 1.54948956629
1.4898288512 , 1.49637628685
1.47830683467 , 1.57478239492
1.71203070155 , 1.42253243198
1.38209674854 , 1.41970046369
1.59653866143 , 1.72983234242
1.38238307968 , 1.47596097878
1.45095374404 , 1.63526322717
1.57960190894 , 1.48898023704
1.4827822299 , 1.5935610408
1.48277406793 , 1.82310714756
1.51925324143 , 1.43151130693
1.47342121108 , 1.426246581
1.53817349761 , 1.52561977877
1.56678742819 , 1.34551369324
1.86791452614 , 1.31492852751
1.6818659355 , 1.77991019522
1.67926318689 , 1.59109280522
1.70829259604 , 1.8970240542
1.5952664905 , 1.53445639892
1.43042698073 , 1.7982141339
1.72117680106 , 1.30566799088
1.47342617621 , 1.70635731222
1.64909045376 , 1.60607121184
1.33454542354 , 1.39925622362
1.54185064377 , 1.73749643771
1.35586308553 , 1.63198376437
1.48295053636 , 1.52717668748
1.4440713276 , 1.48876936423
1.76929482802 , 1.64729003595
1.67104929335 , 1.75811562067
1.62082331285 , 1.50200061739
1.67424130715 , 1.68179672228
1.57390362086 , 1.49750240652
1.45953571518 , 1.70382226491
1.59385692613 , 1.65894715419
1.47129296463 , 1.39141405421
1.73714613146 , 1.54513618018
1.56546989857 , 1.52277142692
1.68417296919 , 1.71114844908
1.50310670703 , 1.74103306607
1.61995021166 , 1.48104797595
1.27885509228 , 1.59824026408
1.69254072075 , 1.57191568175
1.72420378363 , 1.46121117268
1.76904774318 , 1.68260525062
1.76057084775 , 1.45047528519
1.71427300728 , 1.54287499373
1.68206377933 , 1.55604970351
1.66842785466 , 1.55871873496
1.73346785069 , 1.72189850141
1.64152699463 , 1.61038253111
1.72830908264 , 1.9277673056
1.72656289506 , 1.49790832656
1.73349417124 , 1.58195606533
1.45912916542 , 1.42758809833
1.62383440358 , 1.29948140848
1.70219829432 , 1.75002510326
1.70962663323 , 1.69986060916
1.5616760539 , 1.68361279246
1.63515551694 , 1.50886759781
1.76411098957 , 1.75430965107
1.77344934236 , 1.71249243437
1.59384609896 , 1.74323873475
1.53063651038 , 1.56048179748
1.73202218491 , 1.6639736827
1.63934696386 , 1.70429880963
1.62585447189 , 1.78497629406
1.51137266366 , 1.66569536782
1.57725317193 , 1.49902122773
1.77173670317 , 1.53801573998
1.76440653209 , 1.76467857638
1.51862075814 , 1.54888410572
1.81178834268 , 1.55469347152
1.6178499354 , 1.54364106374
1.8488914557 , 1.62857879515
1.8683158629 , 1.69632326552
1.76223546555 , 1.59617714949
1.52154823698 , 1.28267128693
1.71273816179 , 1.2797808246
1.71790745956 , 1.75315552515
1.66597190524 , 1.63178953346
1.50652716412 , 1.43692575174
1.5266337224 , 1.58503459702
1.53662168172 , 1.53650769432
1.68977697829 , 1.69473831634
1.57400153037 , 1.7462822449
1.61541765753 , 1.77330749298
1.65206905282 , 1.70087794707
1.61168717787 , 1.5369580593
1.72546929718 , 1.59167294664
1.74216848491 , 1.71889294393
1.9282224209 , 1.59639952551
1.73217493613 , 1.57079084013
1.48174440014 , 1.80489719449
1.72035338951 , 1.76229584196
1.75356581527 , 1.76306371872
1.6249242354 , 1.79110226448
1.79421706038 , 1.65498422645
1.61665091101 , 1.51780515557
1.73121741507 , 1.66835126541
1.69129175683 , 1.75022361978
1.98410791885 , 1.58163367354
1.90594054352 , 1.78201486287
1.61067857309 , 1.67535920784
1.74638891795 , 1.66322615154
1.81626570631 , 1.69834187324
1.44667885427 , 1.76979664906
1.74744035807 , 1.727022343
1.64736814598 , 1.75630134973
1.80818845544 , 1.41728453079
1.53529741418 , 1.71748059305
1.50859538163 , 1.58334762037
1.58548301187 , 1.90528480806
1.5227535805 , 1.58016768199
1.77045929111 , 1.73118155569
1.6457627665 , 1.55169198536
1.71562575832 , 2.04484232586
1.67588761183 , 1.70515608772
1.80941178766 , 1.9134321722
1.72383509462 , 1.72505312005
1.8175984204 , 1.78582449206
1.65239076243 , 1.66970607819
1.82304010259 , 1.58271750114
1.31055553173 , 1.74502627413
1.79385647187 , 1.81961865611
1.77458783857 , 1.7733774895
1.99309454562 , 1.42602320052
1.74233018991 , 1.66680390855
1.65395411375 , 1.73200649191
1.54626321346 , 1.64740224681
1.71946038591 , 1.78540066283
1.67431627316 , 1.73894561406
1.89068788804 , 1.7507395639
1.74342963522 , 1.75949746779
1.6524275476 , 1.65895809015
1.92423675611 , 1.89827908456
1.94404711831 , 1.45962780753
1.74491164725 , 1.64149787761
1.60054395499 , 1.58824567057
1.86323509255 , 1.74303228021
1.82276833554 , 1.97735045351
2.05767656481 , 1.73704567595
1.65137344229 , 1.76872601377
1.84901560109 , 1.79171874205
1.85834811111 , 1.68664763623
1.69059990882 , 1.73451614365
1.76385822286 , 1.57061861142
2.03677798543 , 1.70876615893
1.74555730026 , 1.85360750785
1.74845662689 , 1.87318381397
1.71846236922 , 1.60606987804
2.02730621684 , 1.63820502488
1.6876749747 , 1.6200423915
1.7118134712 , 1.80290670503
1.86965583792 , 1.71459708626
1.72359774562 , 1.55585219192
1.58128654976 , 1.87112875756
1.91534387452 , 1.81653189473
2.01592250907 , 1.79925866805
1.99889910667 , 1.75529810824
1.65839639453 , 1.63628395307
1.9047876725 , 1.56859002466
2.13246173457 , 1.83353043814
1.78233475304 , 1.78111485817
1.75662149393 , 1.69331568754
1.90008516488 , 1.99335536136
1.54728701106 , 1.85102233062
1.91067434181 , 1.67614061299
1.97080116953 , 2.02439997448
1.83160774541 , 1.75383978468
1.86953462178 , 1.682672772
2.00972482229 , 1.804454169
1.79305236934 , 1.78231657007
1.8979606768 , 1.78767279706
2.02436414722 , 1.72073585603
1.78363172788 , 1.64575043832
2.00709688478 , 1.86965358074
1.88091797007 , 1.93656956017
1.83751955881 , 1.74560638064
1.92908875301 , 1.55631183623
1.81441025166 , 2.06442594773
1.83912468023 , 1.72625484867
1.92833801071 , 1.74385759846
1.92745598932 , 1.7552405003
1.76024475888 , 1.75714963239
1.83196328744 , 1.86666646755
1.77963203318 , 1.81728629432
2.10648536834 , 1.76132885673
1.88913842857 , 1.65935794081
1.72112057509 , 1.48733507624
1.99062801858 , 1.87749868998
1.73424889226 , 1.66773575986
2.10349958383 , 1.76082399618
1.93524725995 , 1.6368440663
1.95997437513 , 1.79105203738
2.08024822877 , 1.7075156296
2.00768511323 , 2.00059748931
2.05662438132 , 1.71356672265
1.82434332353 , 2.12713414669
1.82507972841 , 1.77065549712
1.65593649408 , 1.56827947984
1.92787805434 , 1.3666433607
1.85132212392 , 1.69848231864
1.98054696619 , 1.79494941347
1.92835760316 , 1.74171518697
1.68088016168 , 1.82777416714
1.79095417247 , 1.63784729816
2.10783753128 , 1.64686806528
1.79642850889 , 2.11994587015
2.23829939471 , 1.79867215348
2.03216648097 , 1.69938127935
1.81475898299 , 1.76089973638
1.92807065796 , 1.97940659916
1.78684873517 , 1.70869730158
1.86965690951 , 1.85372683105
1.95884095006 , 1.68883719409
2.00168734164 , 1.68932794541
1.89618091547 , 1.87536718331
1.95526948967 , 1.85916321447
2.0806977005 , 1.87482134074
2.07984815521 , 1.83314095028
1.99993615667 , 1.83725205607
2.22056915056 , 1.68668651814
1.74149664155 , 1.54102636993
2.03269457812 , 1.7169228537
2.24761757872 , 1.4816418838
2.03911045317 , 1.92329126347
1.87132509141 , 1.72125611856
2.09550630972 , 1.77859601921
1.93079234317 , 1.85294351408
1.7581123502 , 1.87911025155
1.7683917502 , 1.74323701173
2.07966465356 , 1.86724306052
1.99588600156 , 1.54125006603
1.88714807253 , 1.9093959592
1.93553303489 , 1.80431023308
1.88385314574 , 1.815930958
2.02293169727 , 1.92992006037
1.97620182238 , 1.77494229518
2.07239983569 , 1.90332116201
2.16457477821 , 1.7396954062
2.09419904395 , 2.06793171262
2.00258944521 , 1.70675094664
2.07417179555 , 1.90473147468
1.71215102076 , 1.81208322892
1.92941962818 , 1.93246237906
1.95684523554 , 1.97465401404
2.10529809994 , 1.89536844255
1.9979771662 , 1.90472149066
1.87824546123 , 1.92029139167
2.02266773161 , 1.79447166196
2.06888086118 , 2.03138328521
1.95303121956 , 1.75264671096
1.75684226491 , 2.00863122067
2.05951718712 , 1.87242850167
2.13342589719 , 1.87765630827
2.11388846131 , 1.80599577696
1.78474575915 , 1.87158462644
1.82768925755 , 1.93992110397
1.96353648976 , 1.77813403602
2.14398315178 , 1.92457778183
2.15337480235 , 1.81255824304
2.09794764852 , 1.97546051675
1.98491291285 , 1.78105814247
2.11829420534 , 1.8261176558
2.06214675725 , 2.05826957891
1.99209862947 , 1.85299868605
2.12465350213 , 1.84913278147
2.37291747622 , 1.69911452445
2.14970805247 , 1.75984959578
2.0558912626 , 1.65200941094
2.22169140158 , 1.96617057929
1.66386389435 , 1.76318978891
2.14666698518 , 1.99373769776
2.17061025946 , 1.82854783388
2.01433121164 , 1.71727074277
2.07025269614 , 1.7850357692
1.9580859138 , 1.70242144722
2.07630356533 , 1.9432142923
2.02187030848 , 1.70929722407
1.9840117486 , 1.97816887112
1.98680850136 , 1.83896992919
2.07291115683 , 1.90788458834
2.03713683261 , 1.74593135513
1.92672008091 , 1.82967779834
1.92307557842 , 1.91564504302
2.03805188444 , 1.83777274795
1.81668565715 , 2.09137420647
2.02185001063 , 1.94689477115
2.09643263782 , 2.10272341556
1.91026478367 , 1.78158142358
2.16434886706 , 1.80352862299
2.07949407577 , 1.73691803997
2.0923159945 , 1.78342779444
2.06004096675 , 1.61226010767
2.16987898024 , 1.86681767018
2.10632249412 , 1.65157983252
1.83831581022 , 1.80858269782
2.22002468357 , 2.07460711608
2.16420015552 , 1.86950469546
2.3522838405 , 1.72703510369
1.91415138609 , 2.14956694018
1.85689635232 , 1.76563016466
1.92289094771 , 1.99462896508
2.23805779779 , 1.87510646877
2.31518428864 , 1.79719557244
2.01835733097 , 2.06093569773
2.01559497009 , 2.03973873373
2.1689180355 , 2.03268757978
2.38739478694 , 1.86121599377
2.24818562838 , 2.17854897307
2.30170965266 , 1.77536083002
2.14779559712 , 1.8554444666
2.09504135567 , 1.83738107297
2.08277335039 , 2.03977315506
2.26199384835 , 1.77748169456
2.28797280749 , 1.82966046733
2.09999964096 , 2.16737324181
2.19083205277 , 1.73330103727
2.0531064554 , 1.77525381066
2.2052555855 , 1.94436594426
2.24573272639 , 2.04499045939
2.12498087477 , 2.07011797535
2.01663713817 , 1.83090284958
2.08630088751 , 1.987744654
1.99463958576 , 1.61676027226
2.38157735258 , 2.03501559338
2.09340033512 , 1.85278332696
2.30496645524 , 1.92739190767
2.41153664507 , 2.05695761779
2.26704563411 , 2.19807152967
1.95113379733 , 1.88210436054
2.19553074183 , 1.8920784724
2.1339619036 , 1.74824473497
2.01080541099 , 2.0630711774
2.33708202715 , 1.81948824549
2.39049071288 , 1.79127944847
2.04387431046 , 1.97975958923
2.10722815497 , 1.88691892136
2.12395105114 , 2.06464294793
2.45906112489 , 2.0573002136
2.39618793937 , 1.64129027914
1.97363961638 , 1.82904222621
2.34263776469 , 2.01349030063
2.06922375384 , 2.08517843517
2.03760513022 , 1.71780030423
2.19776562488 , 1.89728053047
2.29049752074 , 2.21958075815
2.16369617415 , 2.17480581639
2.17004387469 , 1.82685771518
2.06501910201 , 1.78851088461
2.15590386009 , 1.96337416654
2.2194153177 , 2.2067374192
1.9240068036 , 2.11830062578
2.12169162613 , 1.98625582838
2.17736061774 , 1.93846980193
2.20743254108 , 1.9236899266
2.2601322185 , 1.79964788524
2.35582389762 , 1.74770124301
2.44505915888 , 1.81796343735
2.10307664916 , 2.02185100124
2.40890959782 , 2.25912335188
2.25602732629 , 1.7792637942
2.26938832921 , 2.08577229773
2.35369448213 , 1.859830394
2.38137476872 , 2.04664465758
2.33323973486 , 1.87848389856
2.48338616044 , 1.90783365387
2.31577145786 , 1.93324263244
2.05097499221 , 1.79092250914
2.27311387558 , 2.04182434619
2.31822847157 , 2.04976164745
2.32502547666 , 2.11347538009
2.29131048079 , 1.8693305595
2.0523661709 , 2.06246071114
2.13355766502 , 1.7345614915
2.16754251872 , 1.98771217351
2.1962576151 , 1.93621401584
2.59197234402 , 2.12019839269
2.15926283517 , 1.9468897513
2.26706769107 , 1.7688668833
2.25764605188 , 1.98259120903
2.24507236432 , 1.97329496928
2.5494792129 , 2.16615051526
2.20716804039 , 1.9483614274
2.08146451715 , 1.61474942703
2.10940151556 , 1.98399334128
2.35331447941 , 2.05681619525
2.34624218974 , 2.03733438658
2.30893381602 , 1.99632649132
2.31018467191 , 2.10908751649
2.22797970563 , 1.93981864811
2.06805820661 , 2.12867926599
2.37920610096 , 2.15967832111
2.13229194021 , 1.87273121589
2.34349216799 , 1.82225908116
2.36585871684 , 2.14209517675
2.47012510213 , 1.92325351391
2.55386584503 , 1.95451548863
1.99463733497 , 2.09185327931
2.51111722687 , 2.01389763369
2.46281500022 , 1.84778304268
2.41807987448 , 1.93358350645
2.32886860359 , 1.99589360847
2.44376126631 , 1.86014657878
2.36587098707 , 2.0089565411
2.39168036755 , 2.09185174055
2.64960294621 , 2.14701131583
2.4434429309 , 2.02168120114
2.18957856318 , 2.06964671646
2.51001284753 , 1.95339705027
2.18436319528 , 1.99638098439
2.25565919174 , 2.1425244615
2.33107449109 , 1.75078787301
2.2643067536 , 2.03023580104
2.59480683026 , 1.97936500605
2.54985409124 , 2.21130577691
2.35452593477 , 1.9865111153
2.72114325716 , 1.88089713551
2.44997252984 , 2.256541327
2.43317086235 , 2.0796054009
2.24422226022 , 2.17377226789
2.43606619616 , 1.93733711717
2.29613161201 , 2.04670112516
2.2646871811 , 2.09265897318
2.40135491148 , 1.88925547878
2.53374234039 , 2.11135292662
2.44127749088 , 1.97483734691
2.3971805709 , 2.11863614499
2.24017536801 , 1.92896875788
2.60136689539 , 2.1329051546
2.27502900707 , 2.15514673674
2.4476688032 , 1.98583618403
2.56686584492 , 2.02515124795
1.99110110022 , 2.06880077769
2.51499147003 , 2.21635104381
2.03438476626 , 2.21304800167
2.30442427831 , 2.01773186578
2.28555109051 , 1.9940660217
2.55537718448 , 2.03940431416
2.40605090639 , 1.97018944354
2.55009219339 , 2.01702963513
2.48939089275 , 1.94651640795
2.65297816946 , 1.78317807912
2.54508215252 , 2.13249361294
2.5094011629 , 1.89207499803
2.49643662425 , 1.9952333614
2.54366221969 , 1.83808417727
2.38228388954 , 1.91758478132
2.51152196813 , 2.07273455626
2.52566063254 , 1.98844757401
2.48837938834 , 2.23416992339
2.45244009616 , 2.15576760611
2.23863850134 , 1.99815090788
2.59397971347 , 1.99309674382
2.51081884704 , 2.04135512125
2.35115755295 , 2.00396020684
2.4548813373 , 2.08965191083
2.33690356053 , 2.15068976183
2.3938388591 , 1.85944771403
2.59435718583 , 1.89123356337
2.34312806756 , 1.96597704516
2.54827300759 , 2.12544134436
2.24201804493 , 1.98656575644
2.59036189137 , 2.08475992962
2.29093228408 , 2.07798230411
2.39327258253 , 2.12344569176
2.69571547471 , 2.16778511133
2.39418595668 , 1.83997545098
2.40449040644 , 2.02497649934
2.30666061558 , 1.93266906459
2.65009904778 , 2.13945001296
2.60699380285 , 2.36071579368
2.3552549094 , 1.82667474536
2.56629750901 , 1.8177174862
2.38102156729 , 1.9517961684
2.5934661627 , 1.82343147257
2.37906800729 , 2.15094746088
2.61451108719 , 2.04535918878
2.38585296519 , 2.13496857753
2.68112766419 , 1.93516579308
2.4712666345 , 2.10725603205
2.57794863845 , 2.21928905995
2.32326873766 , 2.36660021078
2.61608049768 , 2.10391341597
2.65816665994 , 1.99554561043
2.53806669851 , 2.10275682872
2.41549825607 , 2.22565681294
2.60147490513 , 1.93831632277
2.43064022113 , 2.15325873591
2.25326527404 , 2.05480793087
2.4145227432 , 1.96304615881
2.54763233452 , 2.07320370467
2.45570775255 , 2.10475706995
2.31354672348 , 1.92260372675
2.71207549642 , 2.00132216524
2.5277321122 , 2.18878117793
2.37537335149 , 2.06782762711
2.31542255991 , 1.86795883153
2.53237326541 , 2.08736361424
2.27140943265 , 2.37828401038
2.613577563 , 1.98206867046
2.73652192618 , 1.89691961424
2.39510572781 , 2.28217915898
2.41274046144 , 2.24059184939
2.81125390872 , 2.26888023648
2.81957379822 , 2.38355062157
2.58830834203 , 2.17715859991
2.48780130882 , 2.03219659825
2.42650607828 , 2.16248978488
2.33942393386 , 2.10456215307
2.56528643206 , 2.22655007425
2.3573206996 , 2.30459359458
2.92741370796 , 1.99979435564
2.69517028561 , 2.32022839593
2.59417066853 , 2.22144154458
2.36517134428 , 2.39432629311
2.5037111314 , 2.17344728832
2.61204420972 , 1.94790427892
2.37189508686 , 1.99961049906
2.53391959588 , 2.23600333551
2.84901105538 , 2.14389070335
2.70770326057 , 1.95631256143
2.39562347321 , 2.13943043553
2.90097488404 , 2.18159321525
2.76335978882 , 2.28910582906
2.79018821781 , 2.30557354046
2.86713214917 , 2.13116669557
2.60076920809 , 2.23193261275
2.3806858296 , 1.99088949756
2.45711661981 , 2.17028896351
2.67352611994 , 1.87288927559
2.38086903356 , 2.2042292996
2.52099666414 , 1.96019223633
2.64927677894 , 2.2110340764
2.75193979794 , 2.26308379504
2.66795782161 , 2.16694088866
1.99034278094 , 2.18163919869
2.57320941826 , 2.08937196704
3.00580927186 , 2.15038951186
2.89057135748 , 2.22919023605
2.54874006641 , 1.99305968842
2.55889891286 , 2.15965591951
2.58092539002 , 2.10708943688
2.48244844278 , 2.0094802955
2.78672448744 , 2.10192542055
2.72517803773 , 1.99197679559
2.50421926761 , 2.25246408039
2.72595838518 , 2.36416313278
2.76307531033 , 2.29582986178
2.91896924288 , 2.16700835535
2.37869546502 , 2.12663926071
2.73719667451 , 2.22863415019
2.45985801242 , 2.08950118032
2.58612135913 , 2.59391154788
2.6307164384 , 2.29632460111
2.28306676827 , 2.38051071968
2.61864303913 , 2.01587238592
2.6819022534 , 2.52335493514
2.58805823187 , 2.11310700308
2.74988742037 , 2.05672489062
2.48319488718 , 2.29229905631
2.90968095094 , 2.15549304495
2.27671293695 , 2.29335647687
2.4729656691 , 2.32977859717
2.76755715474 , 2.19089217401
2.88673374213 , 2.23943953744
2.83805967494 , 2.12518781954
2.70619181473 , 2.41168648225
2.03268214168 , 2.13196157861
2.53925732152 , 2.53092745867
2.8067772388 , 2.22025422847
2.66480913509 , 2.13752582525
2.89894064985 , 2.09667426819
2.85178033992 , 2.06484298411
2.76915035382 , 2.22626589091
2.50411550745 , 2.27794474663
2.97949616718 , 2.03035563009
2.53880607543 , 2.30559919624
2.88068124699 , 2.56959881897
2.74380765561 , 2.21113292419
2.44443022333 , 2.30193309887
2.71160650371 , 2.14719669845
2.70848939634 , 2.08417086466
2.49134502577 , 2.12999869478
2.82856547205 , 2.24594310957
2.63371348247 , 2.43740575095
2.55017597691 , 2.17683731412
2.93533838791 , 2.23571070971
2.1513944606 , 2.2453840144
2.97396036441 , 2.34743025758
2.80174832126 , 2.18756626511
2.54711957915 , 2.17594551773
3.0689528169 , 2.02520103729
2.93365225982 , 2.24395833497
2.84916591728 , 2.36068993379
2.81340947947 , 2.48635513067
2.84445521144 , 2.60628600487
2.54733340976 , 2.35010423113
2.76825202429 , 2.19732792317
2.66475648303 , 2.11347367935
2.84368277495 , 2.20754465432
2.5303086161 , 2.4816056441
2.59426652871 , 2.09563300046
2.90934860375 , 2.24535013762
2.72197600562 , 2.16759489891
2.79180201277 , 2.33730072913
2.8266812452 , 2.35035373556
2.58534721657 , 2.28827653007
2.52545370273 , 2.36966098931
2.72378716778 , 2.45980256267
2.74215987433 , 2.47098101018
2.82119470162 , 2.3208592015
2.54780591777 , 2.51708761849
2.77969719729 , 2.29695044429
2.65607512122 , 2.26015659086
2.65475447285 , 2.20910800514
2.71408531393 , 2.46441774638
2.77014423213 , 2.15514690841
3.11591434756 , 2.05724802996
2.78634408847 , 2.27998915289
2.7089800413 , 2.26921194082
2.7479805669 , 2.09087028306
2.43291998192 , 2.41919975175
2.87557772507 , 2.41124324934
3.04243782306 , 2.24753866167
2.77241063373 , 2.41105438519
2.72194430835 , 2.41507265734
2.57942919312 , 2.35740318247
2.89716045873 , 2.12495491725
2.49008403777 , 2.42162670587
2.95723654387 , 2.34742812313
2.64409838473 , 2.41019217278
2.77791939119 , 2.19413311927
2.8663854049 , 2.30736971309
2.47163690814 , 2.29928443122
2.53775118085 , 2.26889761847
2.90476288247 , 2.18226960707
2.89055574533 , 2.35336227763
2.80676895248 , 2.18861363108
2.95971077745 , 2.30685087115
2.71093493857 , 2.34381164225
2.97926728198 , 2.3872366456
2.90123151121 , 2.53473910163
2.83743556148 , 2.54476128926
2.68135851076 , 2.08646058235
2.9681534263 , 2.46818151582
2.89349649686 , 2.58297448518
2.78051138699 , 2.54843648808
2.94716596264 , 2.51266533376
3.03765599816 , 2.41741239497
2.72268178606 , 2.14769659721
2.88916219918 , 2.57981375603
2.82265714647 , 2.40795681538
2.56011066175 , 2.24548875441
3.15259989497 , 2.51304061338
2.78393868124 , 2.27730156616
2.89382143489 , 2.46461454105
3.04883782174 , 2.27863319528
3.06028758474 , 2.18386998174
2.72240703295 , 2.38049423103
2.74923563685 , 2.47100217922
2.84353656176 , 2.13772097211
3.02751568966 , 2.29484683678
2.9859598607 , 2.43054168716
2.57578471795 , 2.53310154817
2.63187536997 , 2.5364866374
2.77155039367 , 2.61724409736
3.078475157 , 2.56604068464
2.81608079821 , 2.10737866185
3.08786176837 , 2.16199529225
3.03012735684 , 1.96921421826
2.91754899919 , 2.21874356914
2.97301424221 , 2.47597720665
2.89737223041 , 2.5814689768
2.80461935417 , 2.33702216373
2.84256119527 , 2.38080035499
2.96636148922 , 2.40153934398
3.0145237997 , 2.42408229173
3.11179601331 , 2.29292054687
3.211882325 , 2.28056961425
2.69198884374 , 2.17543789986
2.78926413694 , 2.35543904476
2.91022196688 , 2.23418211313
2.99526856837 , 2.40859473276
2.85614989398 , 2.16835067096
2.86265744771 , 2.2930498139
3.00769572105 , 2.25259583191
2.63239731942 , 2.63243984862
2.93062090225 , 2.55105087073
2.86268053175 , 2.14997293253
3.07942895301 , 2.28417794743
2.71856354385 , 2.50946690935
2.40601513822 , 2.51944668533
2.69820082698 , 2.44510397111
2.93305489419 , 2.18009039767
3.19129453517 , 2.63603448444
3.04317951597 , 2.30485743932
2.76961375106 , 2.29255062721
2.77778565209 , 2.69110027749
3.07452126901 , 2.50418615945
2.90330329338 , 2.46289970942
3.01345601558 , 2.39599935241
2.94414035737 , 2.43978183408
2.93853934577 , 2.31329696907
3.08827255552 , 2.7292794892
2.61492461955 , 2.54971805861
2.90540033248 , 2.54098342659
2.65817001534 , 2.5938960981
2.67524994968 , 2.27928710655
2.99215040963 , 2.32978657302
2.83584984208 , 2.36156187992
2.90757965885 , 2.29807744592
2.85854332095 , 2.52066533569
2.93809734164 , 2.34914583126
2.94570835683 , 2.22994347906
2.93093955517 , 2.50848376591
2.95370560092 , 2.36489677701
3.07605448715 , 2.45893776749
2.93503513482 , 2.14769199013
2.80287046033 , 2.49797305831
3.27346249915 , 2.52372026005
2.89278668791 , 2.24486475212
3.10683919959 , 2.35377273813
3.25895611868 , 2.15210188042
2.81211073609 , 2.50622614925
2.99328942589 , 2.42203616736
2.87814204893 , 2.39528249143
3.09570182568 , 2.69811580073
3.09293299458 , 2.60559960441
3.05644317094 , 2.17516536093
3.28102431445 , 2.34638126362
3.14569600368 , 2.58939598344
3.02561192476 , 2.37305399692
3.36762538275 , 2.55924459145
2.92961429625 , 2.16713281078
2.96257532792 , 2.44738577944
2.77940829975 , 2.47567118688
3.12589530606 , 2.82157064721
2.71372748062 , 2.3361944524
2.93304796376 , 2.29923507394
3.26501478777 , 2.31584085805
2.78195823041 , 2.50971179805
2.85810828597 , 2.38200017628
2.89696190309 , 2.24727808456
2.93795375348 , 2.55079879473
2.95969891538 , 2.363509664
2.8399410448 , 2.16354626546
3.2973139877 , 2.6202498317
3.25106821582 , 2.72726939309
3.06505624164 , 2.6432178648
2.8596098364 , 2.5536545844
2.89615362172 , 2.40091305923
3.21192260268 , 2.30860133457
3.03943693316 , 2.51747006739
3.0584776712 , 2.34615129129
3.44869808564 , 2.49003961935
3.21460774398 , 2.59413539657
3.03278201677 , 2.52785889814
3.10168134166 , 2.5393498174
3.06696224848 , 2.56948456024
3.05810027299 , 2.83265291623
3.02959781977 , 2.32096658892
3.04305099617 , 1.98942094619
3.33844629724 , 2.46667074857
3.25001178811 , 2.63525921197
3.08034394444 , 2.79215719558
3.22178477138 , 2.50033484809
2.66216321371 , 2.38790447616
3.23470331826 , 2.50956354762
3.3177427643 , 2.37218437643
3.02180217187 , 2.21778260106
2.8521651723 , 2.36288023827
2.94440942514 , 2.41901439777
3.1488106512 , 2.82368777577
3.11801261632 , 2.68732195323
3.1758611407 , 2.66488460466
3.20714236156 , 2.6348820827
2.89314094652 , 2.39843019149
3.19328846305 , 2.35779302614
2.88846676991 , 2.53533802577
3.32754682899 , 2.29008801631
3.15051081861 , 2.3604356714
3.00486746003 , 2.63135352548
2.88521202658 , 2.83647713148
2.88234787173 , 2.45602074879
2.91087492098 , 2.51686376124
3.36191214993 , 2.59986566213
3.10512555177 , 2.79064206574
3.65194650736 , 2.72515074491
3.19751540519 , 2.50251303932
3.1958470543 , 2.39715260232
3.11344253838 , 2.54428874003
2.93468148491 , 2.48000358051
3.32554746817 , 2.91949076529
3.24468742567 , 2.37848561787
2.89123961921 , 2.19430412527
3.01688923154 , 2.64382611136
3.18272306549 , 2.92845367254
3.36707695061 , 2.58759607628
3.26561927097 , 2.62283128541
3.46829639714 , 2.81549539845
3.34823895933 , 2.67858734866
3.47705342201 , 2.65968847934
3.3961156562 , 2.39268501047
3.1342234669 , 2.5394911316
2.94252898742 , 2.48633185095
2.76696733543 , 2.36097697703
3.30748471787 , 2.76832599274
3.23693294478 , 2.80096671816
3.30884293605 , 2.78564356661
3.00432187681 , 2.50270043405
3.25623662063 , 2.45734470829
3.3334523424 , 2.59991569215
3.24398950794 , 2.55678198701
3.34659741679 , 2.45637532107
3.26005829594 , 2.48776310554
3.10653389864 , 2.2100468554
2.98690936459 , 2.67296467476
3.07350776087 , 2.68278291357
3.1099290319 , 2.51800892663
3.26638439595 , 2.33389766948
3.05875544506 , 2.57720891247
3.71591172389 , 2.40834281279
3.18906067709 , 2.69911031987
3.15228460203 , 2.71200455626
3.33123243258 , 2.87072303717
3.28261425125 , 2.56159154731
3.18514628925 , 2.57085060771
3.40839518051 , 2.79673396473
3.01337092721 , 2.48233872662
3.24145717217 , 2.67800382167
3.41873604168 , 2.72493718813
3.33048715951 , 2.55125457211
3.24446246247 , 2.51302107733
2.91668862897 , 2.76796804731
3.36724885511 , 2.68958695206
3.09169286691 , 2.50509127802
3.59962325835 , 2.66309587561
3.07207594129 , 2.46803016903
3.25035311212 , 2.49281907516
3.21353617263 , 2.52005349399
3.0241704867 , 2.90813241711
3.39974615489 , 2.54314312966
3.27680339896 , 2.92870928039
3.07564764605 , 2.69925591033
3.36607351265 , 2.40315017687
3.51503494485 , 2.46330040979
3.29619733154 , 2.78453857343
3.33427390487 , 2.44516717797
3.01091772808 , 2.76281380699
3.27950000149 , 2.72231932949
3.24393722525 , 2.63420528549
3.34587334667 , 2.90572234357
3.21092530473 , 3.00429215285
3.26136276804 , 2.77467111214
3.24737473297 , 2.92123034053
3.42679236187 , 2.73968495613
3.17836075348 , 2.60836993564
3.36987617854 , 2.70436478692
3.12246121068 , 2.52309964035
3.24815443275 , 2.55672934157
3.56171127493 , 2.79771511733
3.33736853728 , 2.69006603785
3.06099068325 , 2.88574507209
3.09689391327 , 2.50168549917
3.19955403294 , 2.67731161345
3.1172862437 , 2.73608959991
3.2526569268 , 2.6697048094
3.3344265515 , 2.78837776194
3.08522215383 , 2.58321239238
3.37371125755 , 2.58872475189
3.53671567151 , 2.55133989725
3.23793266462 , 2.78095911975
3.60987786292 , 2.60297832474
3.56201183677 , 2.93691501627
3.59025360952 , 2.85141294079
3.38418653536 , 2.75152566546
3.32033116411 , 2.82386136767
3.36473949273 , 2.80659935597
3.25153902805 , 2.85726731868
3.22987428526 , 2.72504735571
3.19537320902 , 2.57782480269
3.56229003031 , 2.47935610787
3.39180082131 , 2.53118497147
3.27128225481 , 2.87945795501
3.24303231898 , 2.40996002992
3.25881833792 , 2.54425161066
3.56053746344 , 2.97787987854
3.29630951289 , 2.85830260773
3.24756860231 , 2.58009010563
3.26979851266 , 2.67984610666
3.52405569325 , 2.93705963758
3.41196584665 , 2.63303063969
3.53457390244 , 2.59329902886
3.2334286768 , 2.98186997597
3.30387046185 , 2.68421556668
3.41986334498 , 2.87412368319
3.31358321296 , 2.65251669969
3.36919796489 , 3.02602318463
3.18079194748 , 2.66623848304
3.35188485324 , 2.83479405902
3.65884001947 , 2.83876551698
3.07867993447 , 2.54546937066
3.32025488811 , 2.76551708483
3.26401228699 , 2.43681552082
3.31276804078 , 2.75057392157
3.31445641203 , 2.63956033841
3.35950573551 , 2.71497817055
3.40554252244 , 2.88263236815
3.47528745353 , 2.89644040784
3.48933259571 , 2.85058384766
3.00381556104 , 3.10886793512
3.27630009676 , 2.93564657593
3.46604160611 , 2.44666750239
3.55075977293 , 2.82674580161
3.34593888226 , 2.57755307468
3.73172887365 , 2.74660467524
3.35791310097 , 3.01438012767
3.6890646864 , 2.54415093072
3.29242237396 , 2.57040246561
3.62452473747 , 2.70555809246
3.46840337122 , 2.66619925425
3.05565449655 , 2.79137552236
3.61395490457 , 2.73916214
3.61181751556 , 2.53412477104
3.66445194655 , 2.88350585545
3.4411450917 , 2.73869165602
3.57538909311 , 2.95163736116
3.41900411132 , 2.66356827096
3.29763897798 , 2.68414969025
3.5074253884 , 2.74095220939
3.20262648766 , 2.75385386373
3.40925615473 , 2.77364337794
3.8178322975 , 2.94933348883
3.22583441655 , 3.03368534931
3.14071845131 , 2.55282830342
3.10141656074 , 3.00797800607
3.10817462752 , 2.93980030843
2.90964979395 , 2.83054724389
3.66002221213 , 2.71294541678
3.67300338311 , 2.96384229784
3.31758026731 , 2.81338012879
3.48461343766 , 2.80186781934
3.43536639553 , 2.6182501989
3.17275396605 , 2.71790531337
3.39281989935 , 2.79092605109
3.19983200017 , 2.82551524485
3.42948559171 , 2.91741171968
2.91595660356 , 2.42637200911
3.39128205963 , 2.82309540093
3.22649548598 , 2.66823498943
3.64883812608 , 2.70992604432
3.11507167464 , 2.97898874896
3.20715014102 , 2.71630102514
3.51824010714 , 2.87943197037
3.28708473623 , 2.6975653292
3.40323148426 , 2.89639308683
3.65587844138 , 2.63879191679
3.61490449203 , 2.61008971346
3.515066435 , 3.00549362436
3.33383856986 , 2.47293704223
3.46311058669 , 2.93600318631
3.76549446492 , 2.68993272047
3.54081293185 , 2.81125899437
3.8057351973 , 2.62826315947
3.32151253848 , 2.8463170067
3.36257297466 , 3.02161731572
3.51484247331 , 2.83406778001
3.89361612547 , 3.1444977129
3.43545287549 , 2.95316598609
3.30833101457 , 3.14511939394
3.41690617162 , 2.83777185628
3.50373764133 , 3.02508781402
3.63592947121 , 3.08862212148
3.17190248971 , 2.85250014259
3.10818185373 , 3.04537892064
3.62438591068 , 2.98413111754
3.64705565437 , 2.84792851728
3.54372639701 , 2.88568058703
3.45938122203 , 3.18171740694
3.2612708783 , 2.96624391489
4.00178207224 , 2.63003559649
3.57783659681 , 2.74647496868
3.78350828673 , 2.95270047283
3.91351086857 , 2.80128153543
3.4103902744 , 2.9923297761
3.94857561025 , 2.88757399767
3.55995164418 , 2.87516387352
3.76881247755 , 2.66985470554
3.40237492934 , 2.95189139052
3.51181454069 , 3.16656222492
3.65751528077 , 2.74464099157
3.39437369115 , 2.85596120389
3.6062780041 , 3.07350270907
3.87192305161 , 2.71961975372
3.53789127781 , 3.11463018659
3.73395122705 , 2.94776536154
3.33207899792 , 2.97217381587
3.61990902782 , 3.26283107831
3.39872242476 , 3.09111153226
3.4547064738 , 2.88548394576
3.65744790848 , 2.64960858316
3.59200751968 , 2.61063536302
3.45459058937 , 2.73725564404
3.81496781623 , 2.63096944773
3.82672254383 , 3.00143125243
3.85474125898 , 2.89128252362
3.59790850014 , 3.05317130877
3.55246362883 , 3.03344358
3.69342798324 , 2.93969517974
3.49038820856 , 3.0911277878
3.66382221252 , 2.63395426364
3.84424162354 , 2.93190801427
3.72701206072 , 2.97641907679
3.59608209092 , 3.14252494992
3.75291482356 , 2.94355773629
3.50817914562 , 3.03299460034
3.70998992365 , 3.09600924432
3.56492269077 , 3.03348098606
3.62277454238 , 3.0443198845
3.49900444901 , 2.931009755
3.75436707795 , 3.21940405359
3.83866789705 , 3.5213577186
3.50205617924 , 2.79189992551
3.66719654493 , 2.96216587434
3.81829119977 , 3.20860096822
3.76856175071 , 3.0789204907
3.72256330056 , 2.97815550309
3.67245680129 , 2.74421430391
3.79754186809 , 3.02521063734
3.86870810038 , 2.77398074851
3.64381293282 , 3.25199591405
3.59749278068 , 2.88340635817
3.5302903294 , 3.08523071538
3.85878070479 , 2.96739522068
3.62206756014 , 3.24564709813
3.73592847663 , 2.80809062051
3.55054224018 , 2.87730779578
4.02393467893 , 2.75867393574
3.53314779538 , 2.83255302744
3.81124620072 , 2.90854139707
3.83595757901 , 2.97118767091
3.50902657184 , 2.79854676387
3.35491302827 , 2.82753470434
3.37252240742 , 3.05853720949
3.4085627655 , 3.27839311993
3.74966161306 , 3.3718811355
3.56565757879 , 2.85589718776
3.86399939325 , 2.60034031997
3.90797180341 , 2.89268488238
3.8228337458 , 2.8024454162
3.6176411242 , 3.24154726135
3.60156591678 , 3.04376201969
3.95321044859 , 2.73103199197
3.9515684568 , 2.6395553978
3.81986204114 , 3.36357232157
3.83922696542 , 2.98596127943
3.61319281699 , 2.91102243398
3.90452334265 , 2.96275060017
3.90000296289 , 3.0348637277
3.64995783123 , 3.23138964447
3.7429397823 , 2.98765724357
3.77906139752 , 3.02092974066
3.6400876039 , 2.77338938619
3.7566264239 , 2.86849291676
3.47789394342 , 3.32086007014
3.92688863181 , 3.05049162967
3.43991692612 , 3.04818531847
3.65487996354 , 2.74021420168
3.75760687469 , 2.87279064678
3.51892584432 , 3.25066605851
3.47858053941 , 2.92497173494
3.78936595573 , 2.91257805923
3.59061321395 , 2.90369148425
3.39846092616 , 3.31387470133
3.3038584522 , 3.14711238271
3.74932641944 , 3.19493656091
3.64260314123 , 2.92874730109
3.64765497358 , 3.00364189799
3.57842895022 , 3.2302829639
3.8366840063 , 3.06411681458
3.7016592886 , 3.10581663043
3.53841273029 , 2.98288246783
3.65619513986 , 3.23917828189
3.89054452858 , 2.95753006966
3.86097307898 , 3.16292738562
3.7069300189 , 3.21703921518
3.47713498782 , 3.10608415718
3.94734121289 , 3.41328534541
3.81885419454 , 3.33246563545
3.61441311434 , 3.12719812868
3.70265349492 , 3.36486900957
3.49904231759 , 3.22017465273
3.90398915851 , 3.16228857584
4.13749176986 , 3.00992753873
3.50343043675 , 3.20378740316
3.90590573006 , 2.82823653485
4.28673956824 , 3.00814001052
3.78044319082 , 3.12788870899
3.81346630823 , 2.88712910949
3.62996055448 , 3.17611410352
3.9861132475 , 3.20423549582
3.96009201161 , 3.22729296768
3.91629643631 , 2.97710897099
3.83388961943 , 2.94773576954
3.79577558653 , 3.31398332447
3.74081620066 , 3.15859184008
3.5351955398 , 3.08582621271
3.94232962355 , 3.07986958975
3.95514269871 , 3.16827872383
3.77291384731 , 3.25852711054
3.61141750294 , 2.97290633018
3.78486576845 , 3.24684929442
3.79627946003 , 3.1761200574
3.9647917781 , 2.83872274371
3.5304981705 , 3.30641104068
4.12877386382 , 3.13046224882
3.52566687842 , 3.34812696358
3.86454338762 , 2.94393388085
3.85068689273 , 3.27778246912
3.4388128028 , 2.86062394089
4.15167116749 , 2.97823301257
4.01039491241 , 3.3890736493
3.69111072924 , 3.26928553846
4.13907563204 , 3.0866486236
3.76741263635 , 3.14917432457
3.8183060973 , 3.37893758878
3.99241708534 , 3.24248160202
3.66795606426 , 3.50273557633
4.04502201525 , 2.85810818425
3.87512950844 , 3.06859048983
3.81129415995 , 3.12803166536
4.13549442142 , 2.87383423589
4.10486461719 , 3.29866607569
3.57148036943 , 2.95744023453
3.86448858204 , 3.60007058453
3.62061425987 , 3.24437983599
4.00303651276 , 2.96427676263
4.1732136326 , 3.35854603415
3.87471540949 , 3.50857938291
4.36774444293 , 3.13457677693
3.66396258858 , 3.27446617526
4.23906798179 , 3.42389800183
3.69844496521 , 3.06031352773
3.86680526026 , 3.20539024748
3.89440509841 , 2.98298524673
3.97385999895 , 3.23584708557
3.73886685611 , 3.04544119491
3.70072265329 , 3.25712612701
3.8422717728 , 3.28124082591
3.80127851131 , 3.15164475826
4.02197229431 , 3.47037572384
3.89041616515 , 3.2866205573
4.04674557664 , 3.18165747006
4.16460791724 , 3.07935661874
3.8327850378 , 3.42723212966
3.95145869477 , 3.07121128001
3.92367273053 , 3.30579266221
3.92759533961 , 3.1046385617
3.54008034448 , 3.00919942699
4.25571096606 , 3.54789331041
3.79549261457 , 3.17636606003
3.97867820726 , 3.10708271652
3.98288083272 , 3.27501313322
3.88171174526 , 2.99832281245
3.84093530668 , 2.85377861918
3.48314013411 , 3.01115478634
4.1265071252 , 3.61276675436
3.90039454413 , 3.49053339197
3.75711504833 , 2.77577834884
3.49479888475 , 3.26979520425
4.13959454815 , 3.42324359204
3.85007709403 , 3.55024551338
3.67345985465 , 3.10472666854
3.57068133865 , 3.14997709113
3.89568464195 , 3.07244944457
3.96219090459 , 3.22073194171
3.76334269422 , 3.38208255239
4.25658680783 , 3.5911623681
3.65427015769 , 3.18829967152
3.82795285976 , 3.14363720901
3.62484628912 , 3.41845593457
3.7676235524 , 3.44258064893
3.79270707379 , 3.10093630618
3.89086588232 , 3.26223751439
3.85619948869 , 3.53648877215
3.55098317261 , 3.34362649188
3.72486075959 , 3.15521528159
3.82841913295 , 3.2287476105
3.99960155088 , 3.52514592486
4.18723056873 , 3.19047624923
4.53122340738 , 3.09888620606
4.0548928299 , 3.03926527767
3.97396386813 , 3.33549233638
3.70495913918 , 3.12578660231
4.05089272022 , 3.19806450256
4.38120862475 , 3.37686496519
3.67647355701 , 3.45932219105
4.00792955535 , 3.47763848975
3.99494902089 , 3.56524057176
3.96141513582 , 3.48457856638
4.09893306147 , 2.96105523238
3.76038890405 , 3.38380271849
3.86529279007 , 3.42637780372
3.54537740477 , 3.23416247852
4.37000517167 , 3.08549505619
3.85005175189 , 3.29302771283
3.40921994416 , 3.15985030847
4.12262388743 , 3.25525912032
4.313147508 , 3.23677497586
3.88168571409 , 3.41516107969
4.3694694869 , 3.43870322819
3.81327928564 , 3.35317075313
4.15290881511 , 3.7530741657
4.43031809033 , 3.3489594649
4.27669230477 , 3.42410729805
3.88042610593 , 3.34178570446
3.54289213504 , 3.25786043425
3.96083262972 , 3.52658854275
3.95748168849 , 3.22730831596
3.92798850248 , 3.33595980304
4.13023631551 , 3.11312391641
3.9347740714 , 3.56229636859
4.11052934757 , 3.43028323703
4.14215501909 , 3.34560115211
4.06817101016 , 3.19980224614
4.13663192133 , 3.44054007079
4.09741195634 , 3.36383802072
4.17008411507 , 3.32935036676
4.33144542322 , 3.27291002965
4.06963493958 , 3.19794955355
4.16122500281 , 3.19886554178
4.07077027941 , 3.54079837697
3.87094433649 , 3.41135116559
4.03477755902 , 3.33740860451
3.86030540716 , 3.53814966819
4.08648555265 , 3.19147274163
3.82579623771 , 3.2422016965
4.06503674485 , 3.78516775176
4.11619510801 , 3.3985711574
4.04307596322 , 3.70650376616
4.07534784009 , 3.38490789618
3.83938645749 , 3.52718390463
4.0416463332 , 3.39159699225
3.9582675779 , 2.98865961065
3.870808002 , 3.48485556926
4.13199811603 , 3.45476873973
4.05025146926 , 3.51652163953
3.78067385317 , 3.46716069985
3.9822857847 , 3.43686461904
3.93220054982 , 3.69710307862
4.20882103284 , 3.77566927816
4.00795406669 , 3.5466413171
4.15986203717 , 3.32764455356
3.6990622337 , 3.71395386496
4.09267700885 , 3.33141913864
4.37869439783 , 3.37005726191
4.29419078885 , 3.7882780739
4.12312597814 , 3.45019935104
4.09493281498 , 3.32915584795
4.01902390855 , 3.14108699727
4.40355428042 , 3.36328894186
4.26885804545 , 3.56186602497
3.83360991823 , 3.31244507462
4.29900973438 , 3.59328278188
4.54652738214 , 3.65515117699
3.7292866541 , 3.76643693408
3.87138238881 , 3.57561667083
4.09012422523 , 3.42193654024
4.17442377756 , 3.43436597198
4.40322236265 , 3.47570434471
4.44209226462 , 3.5877992405
4.14411045773 , 3.62618641444
4.10254125479 , 3.32246448348
3.62927510061 , 3.10682144479
4.42953907252 , 3.70947575655
4.25136286755 , 3.32042196153
4.14047584444 , 3.87504119962
4.17862147752 , 3.42705566226
4.19615496048 , 3.2991900166
4.17392321979 , 3.61008626769
4.04564945384 , 3.53483286101
4.30952446596 , 3.61126070742
4.10965584598 , 3.63420215872
4.03447920565 , 3.54662693657
4.421094756 , 3.3852532949
4.08229998049 , 3.31711487147
4.44296247856 , 3.34087303295
3.78930133995 , 3.28990275214
3.80651589967 , 3.30059984427
4.19489509262 , 3.84734509645
4.06877948086 , 3.67901547489
4.19957660873 , 3.29001073629
3.95074532659 , 3.60066473433
4.31017323697 , 3.4882862962
4.24351773008 , 3.26127578639
4.23347057284 , 3.56795608649
3.61281693034 , 3.45869973009
4.25165277123 , 3.45469281354
4.51390849483 , 3.34287188776
3.79517016435 , 3.65356574151
4.18401538254 , 3.27827739661
4.19620779825 , 3.80941381798
4.20855010095 , 3.75026635172
3.91516219485 , 3.43621744133
4.45168038535 , 3.96210989052
4.4042648856 , 3.52515045571
4.11307016295 , 3.65163792596
4.00041800527 , 3.56892696795
4.14151254033 , 3.67491305683
4.42282201526 , 3.75375002189
4.20412610837 , 3.42211868316
4.23535408434 , 3.53257186574
4.36944279847 , 3.55638759902
4.16641157463 , 3.64367434948
4.1452774901 , 3.58243070828
4.4412302832 , 3.68275908011
4.29612249986 , 3.72211204991
3.98487394677 , 3.74573582387
4.19789857897 , 3.48351209694
3.92015332432 , 3.11641233047
4.03048584364 , 3.43196851389
4.41496889453 , 3.76242773596
4.4452953019 , 3.55251367517
4.30495778489 , 3.71028622813
4.13695623609 , 3.7358565841
4.55242774934 , 3.34636704858
4.38532225456 , 3.2128308493
4.10363382578 , 3.76935763913
4.28122397822 , 3.80377951782
4.78103428576 , 3.59016262968
4.16087994773 , 3.59460961851
4.33592972291 , 3.38387692663
4.49781042885 , 3.4784281495
4.12677273519 , 3.55187152876
4.44281816899 , 3.53421619813
4.24317125307 , 3.53100536952
4.10862700935 , 3.70976163345
4.39626408987 , 3.68487827027
4.21398131597 , 3.66354670987
4.28258334703 , 3.74945096611
4.01538908501 , 3.86551691938
4.32853238697 , 3.22884772922
4.48913289412 , 3.43519765701
3.97128570565 , 3.53557540562
4.48588662562 , 3.8134045332
4.53029691823 , 3.80869109411
4.42374559352 , 3.52679163715
4.35151135275 , 3.53305068498
4.34770367085 , 3.25580778945
4.34084814847 , 3.34341933457
4.30541972114 , 3.58442563286
4.10278591251 , 3.61075516839
4.66771911358 , 3.52504980788
4.39210078296 , 3.6122375369
4.51755690193 , 3.593787732
4.24344824813 , 3.72992389087
4.46701750685 , 3.63237907279
4.37887733312 , 3.59606218975
4.33537171502 , 3.66180399284
4.42359439272 , 3.76401411959
4.55883479741 , 3.67741124825
3.95706082067 , 3.0638329136
4.18437948484 , 3.91812542814
4.13003490584 , 3.84416332205
4.25773825775 , 3.68019369104
4.23792660218 , 3.4872247483
4.47629530508 , 3.76374642162
4.52741277913 , 3.65854386473
4.39103386109 , 3.64292282809
4.54012435071 , 3.44999572776
4.31732605615 , 3.70804177534
4.17967518582 , 3.51099254208
4.01128350787 , 3.70712242758
4.21212328044 , 3.52771125236
4.57538465856 , 3.66169159058
4.58508385073 , 3.6362410419
4.05334187244 , 3.89144840699
4.26517055501 , 3.58301067535
4.73208220359 , 3.72769482518
5.00434058646 , 3.8779162192
4.50042617337 , 3.64945701054
4.30630962202 , 3.70344291366
4.16672694616 , 3.91967192308
4.1290547393 , 3.61685011153
4.3341252037 , 3.70712817973
4.60296710036 , 3.73256739362
4.90073724978 , 3.51355847401
4.95605434686 , 3.66449409426
4.2597622894 , 3.82056607436
4.66931645156 , 3.76766170031
4.50230990395 , 3.53941111991
4.32010765277 , 3.56299290869
4.36364590157 , 3.56007258257
4.65876246511 , 3.23129762591
4.41710457835 , 3.71010605613
4.47855869736 , 3.71124214936
4.32230607595 , 3.71871511245
4.77426664488 , 3.98895912183
4.47569636629 , 3.47010132537
4.56601364794 , 3.79883024056
4.31353867182 , 3.72271858326
4.38918482323 , 3.50475843301
4.71949255876 , 3.50330027907
4.31791190582 , 3.9218699764
4.5470633797 , 4.0920545284
4.22532251721 , 3.90969844012
4.73887479715 , 3.71801312434
4.41363607717 , 3.63094035797
4.51839322238 , 3.52098855984
4.10810860825 , 3.98096540619
4.11560772243 , 3.75299425495
4.11652395838 , 3.78712525249
4.34666589512 , 3.77314459919
4.41259784043 , 3.90899487309
4.59543644816 , 3.41733545596
4.63212672558 , 3.80681775379
4.3507211829 , 3.88431075848
4.47617841754 , 3.99325507642
4.50289697032 , 3.76772016126
4.48555215118 , 3.58396307905
3.956185561 , 3.88051651349
4.45314762641 , 3.77760519899
4.82342946338 , 3.45538000688
4.7931172448 , 3.97554383025
4.7722842569 , 4.05636919148
4.4231577303 , 3.96319718031
4.50136756226 , 3.99126126463
4.20841059292 , 4.11326625009
4.50199373705 , 3.74346338125
4.21270746457 , 4.05263635682
4.65671019324 , 3.543742311
4.52493039737 , 4.07699027215
4.09788010789 , 3.80272088961
4.72928232319 , 3.34461073517
4.49694581069 , 3.5492544501
4.27671420868 , 4.01938876401
4.57119133813 , 3.99539339589
4.43213055898 , 3.70180181751
4.5992303583 , 3.61083551143
4.96099654551 , 3.99582198666
4.77406253057 , 3.76716703066
4.11108132977 , 3.79064616012
4.07999312088 , 3.91144129054
4.55700031006 , 3.6490925619
4.20118829557 , 3.89716707013
4.78760177544 , 3.77900731196
4.73791296005 , 3.93796292204
4.42480911417 , 3.91638535711
4.33002994931 , 3.96918667281
4.85120455429 , 3.90753453018
4.60254195825 , 3.73993300608
4.48660055312 , 4.21573273791
4.20674943793 , 3.61346028595
4.50757281295 , 3.73831945415
4.28521302102 , 3.85149035783
4.16579770406 , 3.59829069997
4.71914646987 , 3.97570865116
4.31516330218 , 3.58158942213
4.65866197492 , 3.78865072385
4.32043477056 , 3.83317251112
4.71090213296 , 3.80205853079
4.80209762633 , 3.97623815221
4.70768794958 , 3.91426974288
4.30287541685 , 3.67196273199
4.64447805318 , 4.25727615536
4.62630276993 , 3.76782690551
4.41631121914 , 4.09369607518
4.72080493638 , 4.05011827284
4.49181674106 , 3.63962724993
4.73423871865 , 3.79925981213
4.37299929825 , 3.80206567155
5.10963144145 , 4.23746603648
4.60445784706 , 3.55052937909
4.62377345307 , 3.97131002518
4.69590727607 , 3.46947751077
4.59785088736 , 3.98880543076
4.79233576364 , 3.95146291483
4.65870525851 , 3.74492750363
4.52669905493 , 3.61102101413
4.46758969849 , 3.94806024971
4.82381796208 , 3.71110624211
4.77708062054 , 3.8714665586
4.72380267024 , 3.74035675936
4.32407520725 , 3.52044536539
4.57013100711 , 4.18010934081
4.31631401005 , 3.78224980336
4.05671477263 , 4.06635711335
4.28861757442 , 3.93401957661
5.21675398234 , 4.29962998763
5.02387875893 , 4.13473499267
4.71746973129 , 4.28041888632
4.56815730202 , 4.20346657965
4.78505779735 , 3.93066710934
4.4308838302 , 4.14027055771
4.71297614266 , 4.30476963814
4.76929398301 , 3.98745314261
4.43538254158 , 3.98822568045
4.9372651413 , 4.05161414715
4.65031903807 , 3.81211942324
5.18451883228 , 4.20139560916
4.33819644314 , 3.98701852729
4.35959846326 , 3.94780239278
4.56654400879 , 3.88875784446
4.1497329107 , 3.91097979647
5.05219142312 , 4.33254544209
4.34614889182 , 4.14242136128
4.42334615417 , 4.33924694836
4.54226318742 , 4.28140060922
4.67180617712 , 4.05182064986
4.64950079942 , 3.85823476635
4.83187355181 , 4.34177746573
5.01495220223 , 4.06521430844
4.5918833411 , 4.14461308466
4.48108026702 , 3.98410697917
4.50281155904 , 3.96515439556
4.49568672253 , 3.84412030109
4.60516378277 , 3.86058480047
4.52441295138 , 3.96053159282
4.57878000398 , 4.01308565413
4.55871474507 , 3.6922198044
4.38656287953 , 3.93910807684
5.0121396821 , 3.60451489395
4.54752995782 , 3.57653885801
4.1553000756 , 3.80958499082
5.11716460783 , 3.95008676578
4.84229146776 , 4.16211281893
4.80375518885 , 4.06605169281
4.36919279302 , 4.14508132976
4.48968526602 , 4.21586933537
5.02834098702 , 3.97131197035
4.80585149171 , 3.94089198644
4.92567589616 , 4.27250586455
4.28801181623 , 3.86094151511
4.35635467013 , 4.36581813821
4.45999144928 , 3.79275748722
4.71335284884 , 3.77991647139
4.82581371862 , 3.96690369882
4.9753782905 , 3.97784415754
5.00193981122 , 4.19053751692
4.709127699 , 4.07493875926
4.43234740065 , 4.29669970367
4.33562306781 , 4.46418553375
4.63503089442 , 4.33146678611
4.56477240612 , 3.759691543
4.56475576651 , 3.95698926152
4.8416647374 , 4.27589025304
4.99451014781 , 4.32520978935
4.71073512238 , 4.5824099932
4.49250600547 , 4.08948753497
4.53249860681 , 4.20175066645
4.62588330853 , 4.16767485084
4.53678944427 , 4.04710781923
4.8218537421 , 4.02416223329
5.0204642567 , 4.05336722138
4.55846709734 , 4.59291395625
4.70972778863 , 4.18940355402
4.61068653182 , 4.30817127235
4.75396702202 , 4.3303805331
4.66100226848 , 4.12373125304
4.87369817141 , 4.00852808096
4.75981924839 , 4.23357159369
4.58339106911 , 4.07428929579
5.07127134759 , 4.67161884628
4.89787104331 , 4.21628381606
4.84171347989 , 4.43402982442
4.545220601 , 4.54891153037
4.8705228745 , 4.25935315055
5.08491129208 , 3.91489668822
4.72472273243 , 4.12252610662
4.68021974101 , 4.23052521011
4.56791779226 , 4.11179784527
5.00143728254 , 4.09267732833
4.90029899478 , 4.25204012474
4.70164861549 , 4.40912827586
4.57220040024 , 3.85004364137
4.26781646317 , 3.97182008755
5.02400788199 , 4.56283088544
4.31306954389 , 4.41766624465
4.38502713582 , 4.21217302196
4.63834622662 , 4.28640973882
4.94308222686 , 4.25053335327
4.83960213949 , 3.79487051545
5.10435292366 , 4.15930632538
4.84142633403 , 4.11788429645
4.69159916461 , 4.20477433883
4.84680516073 , 4.44815184209
4.68297474382 , 4.44294002482
4.68519178123 , 4.10914602338
4.93206260942 , 3.94023696212
4.82340407577 , 4.09706386893
4.71869899073 , 3.98689440359
4.80783759672 , 4.30085137002
4.9506828108 , 4.15558341127
4.77648975642 , 3.67471424053
4.62494467118 , 4.36422388247
4.89392195999 , 4.13239607605
4.49548990473 , 4.28427217227
5.04142578082 , 4.39640753949
4.94348946609 , 4.26943440611
4.98482613833 , 4.14711798809
4.89591523186 , 4.22514751526
4.74257165551 , 4.19481183892
4.64191829631 , 4.38450987874
4.56290163345 , 4.19289201865
4.4461972679 , 4.4527815565
5.02842105633 , 4.58384239371
4.86232657632 , 4.36857767366
4.92372701449 , 4.32752330919
4.54181650593 , 4.66129233323
4.83846517689 , 4.37554231637
4.8540881688 , 3.97503089329
4.80945671925 , 4.48798019867
4.76824332899 , 4.55245041066
4.84101781395 , 4.40828906874
5.01367778086 , 4.2730818617
4.60778660198 , 4.15813360886
4.78734796724 , 4.29374385213
4.98246699874 , 4.25072317754
4.4096428662 , 4.15337731606
4.83315924546 , 3.84037455381
5.18352644217 , 4.18741181124
5.08266192494 , 4.36433286023
4.59416317271 , 3.9433771548
4.90018826489 , 4.48486668174
4.72042094931 , 4.39629693
4.82463672249 , 4.20843752407
5.40464621985 , 3.98964743155
5.19395185587 , 4.23625034759
4.89738515781 , 4.34905183467
4.81824632514 , 4.11656344654
5.41857402199 , 4.58211841886
4.70014080611 , 4.56047028842
4.73198371364 , 4.28516982265
4.79359507405 , 4.63281342871
4.79262106403 , 4.11303032872
5.0734726624 , 3.84974858238
5.16793147288 , 4.19306121447
5.10872421084 , 4.30106595909
4.42320037566 , 4.38984742385
4.8123515301 , 4.18543248017
5.13216845999 , 4.3521791046
5.17069482651 , 4.18565781445
5.12862022657 , 4.35921671268
4.68776579414 , 4.37475142931
5.20105795782 , 4.11718988072
5.05861505524 , 4.46285914918
4.772322144 , 4.10951580186
4.46141587318 , 4.26268336369
4.8175893389 , 4.3673283426
4.71536880846 , 4.36060021917
4.92065200285 , 4.30743599826
4.82265006476 , 4.35759805974
4.91560722249 , 4.45347624834
4.60864243906 , 4.62039243569
4.871165297 , 4.39544213192
5.29153861439 , 4.12067621445
5.3387156594 , 4.75241011654
5.25985076212 , 4.28979034774
5.0697097773 , 4.41824535059
4.69615844117 , 4.19866338422
4.72913863765 , 4.61325900369
4.95327062895 , 4.2532726027
4.9809596359 , 4.29679923095
5.29781345963 , 4.5373099915
4.89683393758 , 4.82470021929
5.04852032522 , 4.70634550631
5.15778461636 , 4.45895444548
5.1431755419 , 4.2178244054
4.83601026997 , 4.48410559296
4.99087880137 , 4.94222634579
5.43786262115 , 4.4413025467
5.18045339009 , 4.69771727366
4.97548277044 , 4.54641502374
5.01410595257 , 4.37137391427
4.9029759658 , 4.67563079613
5.18309475805 , 4.39280506705
5.22012587798 , 4.16790397539
5.10660099117 , 4.54047449343
5.39149031041 , 4.10665065774
4.82414332088 , 4.53879768033
4.88847693664 , 4.18774541033
5.69218582541 , 4.35765033945
5.4446025454 , 4.56041892691
5.22525512749 , 4.54569317949
4.46368593612 , 4.48687827338
5.00895501018 , 4.46851446144
5.10167673185 , 4.41587169879
4.85215050978 , 4.70916308043
5.20981024866 , 4.57069615448
5.22508921499 , 4.56020261461
4.63595760568 , 4.28658574192
4.98037991065 , 4.5789897605
5.17390439815 , 4.58978633579
4.95385497157 , 4.50696685201
4.8358708865 , 4.80968350128
4.82610167647 , 4.36104063259
4.86197479267 , 4.28887299351
5.27121919405 , 4.69345101987
5.27611296011 , 4.19151531017
4.84106260464 , 4.34340900964
4.72273684651 , 4.54457196878
5.04504488459 , 4.59542987306
4.80472039655 , 4.44645370962
4.71030087873 , 4.44321087164
5.05002847656 , 4.4914935833
5.2319247271 , 4.55773879803
5.38491189867 , 4.58505855119
4.87156158589 , 4.44418184654
5.23322309705 , 4.15595396193
5.05744606435 , 4.38779237521
5.02538545735 , 4.82381950096
5.11596635451 , 4.60077448155
5.30403158443 , 4.68595539029
5.08062581354 , 4.83676068777
4.95290487809 , 4.39389620237
5.2307156 , 4.32760371405
4.90117865369 , 4.76129632814
5.01349495856 , 4.77592887075
4.96639691037 , 4.42317616457
5.05647751099 , 4.59857739481
5.17257933682 , 4.38829418011
4.91355496961 , 4.38674747579
5.12138254178 , 4.41907627065
4.56603632005 , 4.32255572186
5.09517322596 , 4.59775103252
5.1014087884 , 4.70144395525
5.25307954251 , 4.49421241082
4.97216071381 , 4.4499235997
4.859531632 , 5.15943144188
5.05048484458 , 4.76328577463
5.18308657047 , 4.46697097214
5.22319280302 , 4.66491529984
5.07597039216 , 4.76803527254
4.94652018633 , 4.56136053426
5.22329173517 , 4.36917401239
5.11545852876 , 4.83939022436
5.01760882601 , 4.59025593226
5.04836148042 , 4.79539205506
5.50700037873 , 4.93429232562
5.27797866578 , 4.73457719781
5.13944634136 , 4.23993420735
4.78085833418 , 4.8757443075
5.27015520269 , 4.94817736702
5.0780859966 , 4.69516261388
4.75825961769 , 4.72925515736
4.86508485737 , 4.76886807699
5.20828261195 , 4.86443835781
5.17051912186 , 4.35473369796
5.27905516445 , 4.92413731345
5.17091774203 , 4.42939184691
4.72031307081 , 4.76748290067
5.20213022083 , 4.24433105316
5.03824408058 , 4.29945458269
4.71343773464 , 4.74538194003
5.4551566941 , 4.95783726747
4.99471155188 , 4.49310749582
5.31383329086 , 4.85684021639
5.29124305553 , 4.86846647477
5.19830185994 , 4.67872295477
5.14940209561 , 5.11024990733
5.19737980734 , 4.68011539648
5.36672976615 , 4.46031361561
5.14883819922 , 4.70976553196
5.15236950888 , 4.30107253044
5.07305602966 , 4.53925523397
5.15058601069 , 4.72429154555
5.26245346333 , 4.28735305062
5.14871629579 , 4.95783238372
5.07461466757 , 4.59037955305
5.29383471494 , 5.21230653582
4.99176788566 , 4.59355199629
5.16532897373 , 4.89861783912
5.44124413271 , 5.20822772857
4.69778693301 , 4.41936403064
4.99281498772 , 5.18127651159
5.41307842972 , 4.45729368854
5.24938372212 , 4.73669465993
5.00943398538 , 4.71591688262
5.70210210821 , 4.86148690236
5.15185389516 , 4.50015018763
5.10073213986 , 5.10555097023
5.26662941324 , 4.84268836333
4.70689303054 , 4.80637426125
5.08675967975 , 4.61706459849
5.35496850942 , 4.62555822118
4.94765355946 , 4.96807778737
4.90621062163 , 5.13953798581
5.36040350458 , 4.51966502456
4.89411481062 , 4.67167208368
5.06643254089 , 4.81263361545
5.22324603939 , 4.57537238723
5.426896011 , 4.5518566951
5.52276060663 , 5.18393710331
5.4200114131 , 4.74639015375
4.95342462404 , 4.29279091636
4.97244950449 , 4.90506554076
5.04771797637 , 4.81838714077
5.33873354729 , 4.69504741821
5.23414982159 , 4.53141717909
5.03783730517 , 4.81343649634
5.23867562997 , 5.05886030019
5.15883815065 , 4.26829812249
5.21766557965 , 5.16401137637
5.15811165519 , 4.95128401447
5.44587781376 , 4.92477299095
5.39074514875 , 4.66962682559
5.30821706254 , 5.01887956074
5.35689873822 , 4.64578370054
5.43058585564 , 4.77432048799
5.48985174876 , 5.06730101948
5.13132700433 , 4.79488260858
5.21128749302 , 4.87826768939
5.15515894412 , 5.03010406093
4.87775877826 , 4.48772044038
4.83084082463 , 4.7388478394
5.21679574029 , 4.94170811378
5.51802798208 , 4.66049713324
5.18681028088 , 4.90578187452
5.51015337375 , 4.57312549295
5.31113681016 , 5.09520123466
5.32628876759 , 4.72186297609
5.39034793973 , 4.245606333
5.00615153874 , 4.74892912707
5.37045834031 , 4.71020058913
5.28172399227 , 4.87985482073
5.48238550901 , 4.79800106423
5.37264076141 , 4.75424552368
5.46098042886 , 4.56549762745
5.43885411193 , 4.90606212936
5.32336639521 , 4.78531160572
4.97837594414 , 4.56709626814
5.29270765939 , 4.8291126819
5.67317388774 , 4.87032779986
5.41078379493 , 4.81579622008
5.35270662655 , 5.08119494864
5.60969237576 , 5.30957290505
4.91696736909 , 5.1111886914
5.44387715656 , 4.45040882282
5.50720584173 , 5.28006950997
5.00687443596 , 4.93198794083
5.48161275596 , 4.89618088922
4.83047623704 , 5.31927357648
5.34358816694 , 5.14077742866
5.11802872503 , 4.81408161236
5.33992444972 , 5.34183017022
5.33046553873 , 4.53736988568
5.23963846577 , 4.5300108744
5.65445241653 , 5.30607286317
5.61158080926 , 4.87189747438
5.53253082425 , 4.63172901957
5.099803094 , 4.92958273926
5.57327367582 , 4.48591875739
5.49988529861 , 5.05313063067
5.06752033605 , 4.79035588713
5.24559515675 , 4.94078294268
5.70812246475 , 4.61819474828
5.20472207957 , 4.91257036538
5.45977360045 , 5.18040118513
5.63182344172 , 4.97768651156
5.05681856957 , 4.77444780984
5.69653789733 , 5.2752905133
5.36713080563 , 4.88491028814
5.70262486168 , 4.98483202339
5.4265468045 , 5.2790682552
5.68030685992 , 4.95331306468
5.34040794355 , 4.85073010665
5.34874103397 , 4.89600683447
5.73591760966 , 5.01960817641
5.28106863371 , 5.30608994907
5.38510412339 , 5.14454274108
5.59068001003 , 5.25962275125
5.28792997624 , 5.0913840371
5.2744104002 , 4.99249835793
5.36400419769 , 5.4894098913
5.20569576632 , 4.64428367242
5.13625291522 , 4.85707956738
5.54276513597 , 5.25318696718
5.11262612057 , 5.20868095845
5.33834645107 , 5.43168190024
5.38517361786 , 5.12815720026
5.71047264294 , 5.02169724366
5.39682854748 , 4.86940724675
5.19456552271 , 5.68604872784
5.48187013672 , 4.92468975057
5.2763346067 , 5.10521740856
5.74035411552 , 4.99800842963
5.5632714188 , 4.98121052291
5.24393746105 , 5.03915240792
5.24104959226 , 5.04326482481
5.07613071155 , 4.79483020981
5.05241382233 , 4.70321333341
5.40837946574 , 5.19084689633
5.28559083313 , 4.91262552631
5.44801122534 , 5.14509363915
5.37906453268 , 4.9938319852
5.26737176141 , 5.1661509949
5.23472682165 , 5.23961060719
5.5617103939 , 5.07841816093
5.01011915213 , 5.02946569455
5.32241575792 , 5.05156727098
5.07330219946 , 5.00840132618
5.54321968968 , 5.08781941929
5.93332883996 , 5.11804866772
5.18079548914 , 5.30670032276
5.49777386111 , 4.95337382893
6.00919269398 , 5.29306671141
5.25251573763 , 4.96927274174
5.37593211372 , 4.97911929221
5.43084556868 , 5.38965855985
5.24737411091 , 5.53074238568
5.50316641934 , 5.0143820822
5.37160027317 , 5.28909651731
5.28596842647 , 5.18995153524
5.45799761671 , 4.73286376771
5.49974711201 , 5.28153696474
5.72685569161 , 5.31765529682
5.84772571603 , 5.22464987141
5.5641568561 , 5.8731681944
5.3394967487 , 4.81576714274
5.53821733989 , 5.02772177322
5.79546707609 , 5.38693724224
5.5781108897 , 5.33776737025
5.49700047765 , 4.93272596841
5.5780404081 , 5.07953569504
5.76863833478 , 5.30887609767
5.53840198205 , 4.99926514405
