#  ----------------------------------------------------------------------------------
# SpeX prism spectrum of 2MASS J0028208+224905 (J0028208+224905)
# Originally observed on 2003 Sep 03
# Average resolution = 75
# Originally published in Burgasser et al. (2010) ApJ, 710, 1142-1169
#
# PLEASE CITE THE ORIGINAL DATA REFERENCE WHEN PUBLISHING OR PRESENTING THESE DATA
#
# Near infrared spectral type: L7:
# J magnitude = 15.607
# H magnitude = 14.468
# Ks magnitude = 13.781
#
#  Wavelength (micron)   F_lambda (normalized)  Noise (normalized as F_lambda)
#  ----------------------------------------------------------------------------------
0.655998	0.137714	0.186260
0.658190	0.125686	0.158392
0.660374	0.218683	0.180581
0.662549	0.356567	0.0911831
0.664718	0.166183	0.100923
0.666882	0.0220916	0.0381606
0.669040	0.162915	0.145463
0.671195	0.147845	0.0955681
0.673346	0.218129	0.0520894
0.675495	-0.0545598	0.0690931
0.677643	-0.0337239	0.158610
0.679789	0.0965431	0.0650651
0.681936	0.0337953	0.106881
0.684084	0.191653	0.0441431
0.686233	0.0557648	0.139521
0.688385	0.135701	0.0659615
0.690539	0.154281	0.0794326
0.692698	0.245777	0.102861
0.694860	0.0864748	0.0558961
0.697028	0.0450706	0.0966768
0.699201	0.188437	0.117929
0.701380	0.0826600	0.0327175
0.703566	0.0730492	0.107849
0.705760	0.0703532	0.124192
0.707961	0.0918841	0.108786
0.710171	0.152580	0.0757079
0.712390	0.144082	0.0913728
0.714619	0.0177601	0.0567159
0.716857	0.0876936	0.0129297
0.719107	0.122526	0.0471796
0.721367	0.0736898	0.0466057
0.723638	0.102893	0.0686600
0.725922	0.0459274	0.0256356
0.728217	0.115503	0.0832440
0.730526	0.142666	0.0481980
0.732847	0.0843848	0.0485823
0.735182	0.0429051	0.0461066
0.737531	0.106647	0.0705870
0.739894	0.00771385	0.0268039
0.742272	-0.0477029	0.0421443
0.744664	0.0163372	0.0305429
0.747072	0.0550399	0.0439158
0.749495	0.0201285	0.0481132
0.751934	0.00925457	0.0433829
0.754389	-0.00566910	0.0141335
0.756861	-0.0208850	0.0108135
0.759349	-0.0256489	0.0382518
0.761854	-0.0461318	0.0335784
0.764376	0.0439329	0.0570929
0.766915	-0.0394582	0.0172296
0.769472	-0.0470640	0.0345395
0.772046	-0.0187483	0.0102056
0.774639	-0.0195052	0.0124705
0.777249	-0.0668019	0.0194836
0.779878	-0.0168681	0.0201744
0.782525	-0.0148443	0.00844284
0.785191	0.0130569	0.0497527
0.787875	-0.0201833	0.00978367
0.790578	0.0175429	0.0233882
0.793301	0.0611727	0.0393498
0.796042	0.0666347	0.00879749
0.798802	0.0459675	0.0360447
0.801582	0.0958694	0.00550552
0.804381	0.0959389	0.0186585
0.807199	0.0705951	0.0216669
0.810037	0.131240	0.00977241
0.812894	0.119050	0.0123353
0.815771	0.0922401	0.0139338
0.818668	0.142763	0.0253130
0.821584	0.137764	0.0140302
0.824520	0.105037	0.0172117
0.827475	0.154750	0.0190587
0.830450	0.130241	0.0133815
0.833445	0.138642	0.0271246
0.836460	0.179449	0.0121436
0.839495	0.137655	0.0172582
0.842549	0.210529	0.0155994
0.845622	0.221413	0.0138170
0.848716	0.143013	0.0128936
0.851829	0.159733	0.0170689
0.854961	0.228400	0.0270310
0.858113	0.196253	0.0244634
0.861285	0.197301	0.0289951
0.864476	0.157006	0.0123845
0.867686	0.139541	0.0225142
0.870916	0.126547	0.0257034
0.874164	0.141864	0.0160996
0.877432	0.156179	0.0310722
0.880719	0.171546	0.0297510
0.884025	0.173810	0.0212661
0.887349	0.195717	0.00531852
0.890692	0.209486	0.00321958
0.894054	0.198207	0.0203865
0.897435	0.210149	0.0225508
0.900834	0.180768	0.0387871
0.904251	0.231926	0.0161576
0.907686	0.272186	0.0353227
0.911139	0.258010	0.00431185
0.914611	0.253084	0.0167898
0.918099	0.300438	0.0230184
0.921606	0.311685	0.0200828
0.925130	0.314389	0.0308554
0.928671	0.286936	0.00769114
0.932230	0.330331	0.0283024
0.935806	0.283173	0.0304701
0.939398	0.308434	0.00369488
0.943007	0.325680	0.0159855
0.946633	0.385411	0.0415133
0.950275	0.406169	0.0282801
0.953934	0.387179	0.0374115
0.957608	0.428641	0.0131994
0.961298	0.391779	0.0207475
0.965004	0.421807	0.00751248
0.968726	0.422267	0.0147936
0.972463	0.413372	0.0252528
0.976215	0.454762	0.0135407
0.979982	0.431243	0.0130393
0.983764	0.468770	0.0279978
0.987560	0.431203	0.0151714
0.991371	0.432776	0.0236336
0.995197	0.420360	0.00715658
0.999036	0.348189	0.0279378
1.00289	0.336989	0.0134633
1.00676	0.360492	0.0233204
1.01064	0.406493	0.0233490
1.01453	0.396456	0.0442251
1.01844	0.442756	0.00574283
1.02235	0.448059	0.0235550
1.02629	0.433027	0.0247711
1.03023	0.448862	0.0217364
1.03419	0.456858	0.0210428
1.03816	0.507738	0.0220374
1.04214	0.497278	0.0200999
1.04613	0.542397	0.0394982
1.05013	0.532964	0.0265926
1.05415	0.539029	0.0318203
1.05817	0.553748	0.0198438
1.06221	0.567523	0.0270823
1.06626	0.585279	0.0273783
1.07031	0.605738	0.0268162
1.07438	0.623537	0.0224102
1.07846	0.642966	0.0271973
1.08255	0.641504	0.0292664
1.08664	0.686925	0.0253936
1.09075	0.706780	0.0304072
1.09486	0.699785	0.0134419
1.09899	0.735700	0.0180145
1.10312	0.712755	0.0186133
1.10726	0.688938	0.0137417
1.11141	0.674871	0.0106622
1.11557	0.644753	0.0191911
1.11974	0.686772	0.0238266
1.12391	0.690385	0.0127790
1.12809	0.673912	0.0227060
1.13228	0.661216	0.0371434
1.13647	0.717546	0.0315360
1.14067	0.671282	0.0103118
1.14488	0.651528	0.00712156
1.14910	0.697720	0.0368445
1.15332	0.741632	0.0419942
1.15754	0.744018	0.0214465
1.16178	0.766010	0.0123874
1.16601	0.774505	0.0260439
1.17026	0.725461	0.00877147
1.17451	0.690773	0.0140449
1.17876	0.682182	0.0210543
1.18302	0.707346	0.0157286
1.18728	0.692081	0.0157323
1.19155	0.741675	0.0252878
1.19582	0.743874	0.0220866
1.20010	0.743582	0.0204147
1.20438	0.710206	0.0156803
1.20866	0.733266	0.0161855
1.21295	0.792084	0.0311636
1.21724	0.800420	0.0266166
1.22153	0.812068	0.0307211
1.22583	0.843954	0.0166231
1.23012	0.836221	0.0271850
1.23443	0.868753	0.0305391
1.23873	0.874924	0.0227920
1.24303	0.841500	0.0216141
1.24734	0.839843	0.0159529
1.25165	0.818071	0.0291035
1.25596	0.835267	0.0286314
1.26028	0.832488	0.0232736
1.26459	0.894952	0.0364438
1.26890	0.940459	0.0215831
1.27322	0.980883	0.0311204
1.27754	1.01060	0.0225881
1.28185	1.02273	0.0557749
1.28617	1.00139	0.0269092
1.29049	1.02136	0.0239321
1.29481	1.00170	0.0285511
1.29913	1.01238	0.0278739
1.30344	0.979857	0.0240246
1.30776	1.00035	0.0205205
1.31208	0.992089	0.0195842
1.31639	0.967956	0.0287958
1.32071	0.989588	0.0253977
1.32502	0.942150	0.0199440
1.32934	0.911256	0.00978017
1.33365	0.841975	0.0192386
1.33796	0.746667	0.0147978
1.34227	0.617136	0.0120013
1.34658	0.559335	0.0106572
1.35089	0.549838	0.00544899
1.35519	0.519960	0.00245172
1.35949	0.480499	0.00681693
1.36379	0.429457	0.0213213
1.36809	0.470374	0.0171029
1.37238	0.448450	0.0327858
1.37668	0.510282	0.0412982
1.38097	0.570599	0.0298691
1.38525	0.641270	0.0159884
1.38954	0.547337	0.0143847
1.39382	0.486968	0.0298835
1.39810	0.581135	0.0227766
1.40237	0.561989	0.0151437
1.40665	0.529255	0.0115927
1.41091	0.504068	0.0194818
1.41518	0.494188	0.0201791
1.41944	0.479910	0.0277280
1.42370	0.492386	0.0144892
1.42795	0.487193	0.0238303
1.43220	0.523348	0.0232493
1.43644	0.521259	0.0164296
1.44069	0.532705	0.00961856
1.44492	0.496632	0.0111881
1.44915	0.559469	0.0363056
1.45338	0.536006	0.0126746
1.45761	0.560834	0.0227711
1.46183	0.569387	0.0167498
1.46604	0.597276	0.0208510
1.47025	0.577498	0.0175874
1.47445	0.557586	0.00335643
1.47865	0.565726	0.0222936
1.48285	0.576080	0.0210910
1.48704	0.619014	0.0184079
1.49122	0.615775	0.0232666
1.49540	0.606250	0.00801805
1.49958	0.659821	0.0132269
1.50374	0.648888	0.0162041
1.50791	0.661355	0.0276637
1.51207	0.671886	0.00774734
1.51622	0.689733	0.0301949
1.52036	0.709564	0.0128871
1.52451	0.708826	0.0187440
1.52864	0.757405	0.0263254
1.53277	0.763820	0.0250201
1.53690	0.766235	0.0260877
1.54101	0.773379	0.0217798
1.54513	0.797670	0.0266195
1.54923	0.812978	0.0367112
1.55333	0.814382	0.0254037
1.55743	0.823140	0.0340941
1.56151	0.809404	0.0125017
1.56560	0.835679	0.0223292
1.56967	0.859875	0.0118156
1.57374	0.874201	0.0290810
1.57781	0.880578	0.0160220
1.58186	0.869218	0.0260053
1.58591	0.869812	0.0382633
1.58996	0.874206	0.00949428
1.59400	0.843441	0.0294506
1.59803	0.878144	0.0205487
1.60206	0.877698	0.00708294
1.60608	0.898799	0.0221766
1.61009	0.880238	0.0342734
1.61410	0.865500	0.0379198
1.61810	0.883347	0.0211205
1.62209	0.889959	0.0237274
1.62608	0.886941	0.0339903
1.63006	0.908372	0.0198660
1.63403	0.892359	0.0163152
1.63800	0.897745	0.0262198
1.64196	0.927005	0.0204902
1.64591	0.947114	0.0109518
1.64986	0.925208	0.0231315
1.65380	0.941863	0.0318697
1.65774	0.941934	0.0284573
1.66167	0.945744	0.0440449
1.66559	0.951148	0.0280427
1.66950	0.938049	0.0236328
1.67341	0.972939	0.0241112
1.67732	0.947679	0.0210203
1.68121	0.968411	0.0296703
1.68510	0.935236	0.0200110
1.68898	0.956236	0.0319136
1.69286	0.937905	0.0295804
1.69673	0.965982	0.0115163
1.70059	0.951939	0.0362928
1.70445	0.939299	0.0275090
1.70830	0.944780	0.0275733
1.71214	0.928725	0.0311793
1.71598	0.899034	0.0309852
1.71981	0.905904	0.0145101
1.72363	0.878508	0.0192200
1.72745	0.857355	0.0173443
1.73126	0.860651	0.0240310
1.73506	0.825838	0.0161200
1.73886	0.840197	0.0182018
1.74265	0.811685	0.0212336
1.74644	0.769162	0.00934086
1.75022	0.753548	0.00739126
1.75399	0.750357	0.0220774
1.75776	0.712947	0.0208868
1.76152	0.709003	0.0144537
1.76527	0.677247	0.0214182
1.76902	0.680735	0.0264648
1.77276	0.631898	0.0126803
1.77649	0.631922	0.0137751
1.78022	0.632727	0.0169555
1.78394	0.608296	0.0209257
1.78766	0.593477	0.0142530
1.79137	0.563958	0.0137752
1.79507	0.561730	0.00925424
1.79877	0.573296	0.0108696
1.80246	0.539925	0.00939180
1.80615	0.525235	0.0125364
1.80983	0.504714	0.0154955
1.81350	0.529245	0.0179055
1.81717	0.501131	0.0183266
1.82083	0.525815	0.0144757
1.82449	0.499631	0.00504935
1.82814	0.491184	0.0174891
1.83178	0.590698	0.0170099
1.83542	0.537486	0.0130409
1.83906	0.509242	0.0436522
1.84268	0.487456	0.0439559
1.84630	0.410940	0.0448644
1.84992	0.498706	0.0278186
1.85353	0.569420	0.0532566
1.85713	0.466203	0.0427067
1.86073	0.473097	0.0347004
1.86433	0.392513	0.0124526
1.86791	0.461043	0.0400404
1.87150	0.536519	0.0968559
1.87507	0.547117	0.0714710
1.87864	0.337498	0.0501442
1.88221	0.433931	0.0413144
1.88577	0.520018	0.0481290
1.88932	0.554539	0.0181757
1.89287	0.508835	0.00724810
1.89642	0.513971	0.0380456
1.89996	0.504149	0.0407892
1.90349	0.599284	0.0372676
1.90702	0.495467	0.0279224
1.91054	0.525643	0.0220912
1.91406	0.596299	0.0296966
1.91757	0.588805	0.0142845
1.92108	0.578547	0.0224431
1.92458	0.547984	0.0165716
1.92808	0.594402	0.0112049
1.93157	0.541626	0.00503732
1.93506	0.512189	0.0134556
1.93854	0.490705	0.0250250
1.94202	0.519040	0.0184971
1.94549	0.501840	0.00900806
1.94896	0.535426	0.0122268
1.95242	0.504997	0.0180343
1.95588	0.493019	0.0114891
1.95933	0.481448	0.00742576
1.96278	0.470135	0.0146564
1.96622	0.510857	0.0179207
1.96966	0.469687	0.0128733
1.97309	0.488582	0.0205864
1.97652	0.480686	0.0268172
1.97994	0.478454	0.0109359
1.98336	0.479833	0.0139696
1.98677	0.479297	0.0180189
1.99018	0.475471	0.0209073
1.99359	0.464935	0.0111136
1.99699	0.460699	0.00675134
2.00038	0.487183	0.0257754
2.00377	0.482866	0.00722122
2.00716	0.471384	0.0152508
2.01054	0.429477	0.0338294
2.01392	0.498596	0.0218812
2.01729	0.520458	0.0118764
2.02066	0.542522	0.0127821
2.02402	0.500546	0.0228722
2.02738	0.512879	0.0362064
2.03073	0.548171	0.0222562
2.03408	0.544549	0.0280199
2.03742	0.542230	0.0190801
2.04076	0.541708	0.0204921
2.04410	0.534262	0.0202127
2.04743	0.509577	0.00920077
2.05076	0.540194	0.0133815
2.05408	0.533304	0.0214411
2.05739	0.535939	0.0253472
2.06071	0.548578	0.0132135
2.06402	0.582174	0.0223768
2.06732	0.578945	0.0200622
2.07062	0.566550	0.0252412
2.07391	0.589246	0.0334883
2.07720	0.584498	0.0214197
2.08049	0.588365	0.0204393
2.08377	0.597645	0.0155659
2.08705	0.613993	0.0142365
2.09032	0.618363	0.0180355
2.09359	0.605278	0.0273351
2.09685	0.618784	0.0258895
2.10011	0.635678	0.0191853
2.10336	0.629670	0.0161302
2.10661	0.628194	0.0230779
2.10985	0.638337	0.0127433
2.11310	0.628937	0.0222599
2.11633	0.630537	0.00422763
2.11956	0.647584	0.0211054
2.12279	0.648533	0.0224100
2.12601	0.646938	0.0223279
2.12923	0.661240	0.0295707
2.13244	0.660027	0.0197004
2.13565	0.641394	0.0219502
2.13885	0.657133	0.0212884
2.14205	0.651571	0.0211961
2.14525	0.659869	0.0258333
2.14843	0.666131	0.0294662
2.15162	0.667401	0.0270344
2.15480	0.687634	0.0162053
2.15798	0.647896	0.0157337
2.16115	0.667090	0.0195798
2.16431	0.674473	0.00924533
2.16747	0.682829	0.0166547
2.17063	0.675929	0.0229147
2.17378	0.678531	0.0160319
2.17693	0.674085	0.00929123
2.18007	0.636646	0.0210780
2.18321	0.656506	0.0180384
2.18634	0.652328	0.0170809
2.18947	0.679662	0.0155938
2.19259	0.651403	0.0296518
2.19571	0.669054	0.0192471
2.19882	0.668690	0.0152283
2.20193	0.664287	0.0192681
2.20503	0.670372	0.0222911
2.20813	0.661177	0.0120977
2.21122	0.654364	0.0193975
2.21431	0.649515	0.0259230
2.21740	0.660751	0.0145222
2.22047	0.660736	0.0180196
2.22355	0.657488	0.0334516
2.22662	0.625152	0.0282755
2.22968	0.648188	0.0162234
2.23274	0.647493	0.0151329
2.23579	0.641936	0.0189937
2.23884	0.639545	0.00977926
2.24188	0.648859	0.0168523
2.24492	0.651657	0.0204573
2.24795	0.651576	0.0262798
2.25098	0.647196	0.0210117
2.25400	0.653727	0.0125562
2.25702	0.636569	0.0186584
2.26003	0.627049	0.0272763
2.26304	0.626709	0.0204997
2.26604	0.640225	0.0106792
2.26904	0.624764	0.0239178
2.27203	0.642405	0.0234215
2.27501	0.638261	0.0232784
2.27799	0.619929	0.0201901
2.28097	0.627619	0.0120801
2.28394	0.607669	0.0287409
2.28691	0.607190	0.0142081
2.28987	0.611066	0.0213199
2.29282	0.582050	0.00803535
2.29577	0.560992	0.00357257
2.29871	0.508236	0.00552531
2.30165	0.445514	0.00852650
2.30459	0.461676	0.00804019
2.30752	0.462079	0.0106363
2.31044	0.474389	0.0103426
2.31336	0.482799	0.0109770
2.31627	0.472056	0.0227331
2.31918	0.471219	0.0235992
2.32209	0.475990	0.0116436
2.32498	0.436323	0.0194993
2.32788	0.425657	0.00804186
2.33077	0.423250	0.00892676
2.33365	0.428584	0.0115558
2.33653	0.410214	0.00819331
2.33940	0.442860	0.0142734
2.34227	0.451694	0.00329387
2.34513	0.453641	0.0192414
2.34799	0.430055	0.0116262
2.35085	0.447037	0.0236598
2.35370	0.456106	0.00459431
2.35654	0.437505	0.00294323
2.35938	0.416178	0.0179821
2.36222	0.404128	0.00854408
2.36505	0.419322	0.0181797
2.36788	0.420094	0.0197007
2.37070	0.416942	0.00821171
2.37352	0.400340	0.0266079
2.37633	0.396125	0.0121389
2.37914	0.426913	0.0159651
2.38195	0.435979	0.0160770
2.38475	0.408008	0.0109262
2.38755	0.423525	0.0257258
2.39034	0.384515	0.0194481
2.39314	0.422812	0.0107638
2.39592	0.410656	0.0106358
2.39871	0.418386	0.0104138
2.40149	0.415654	0.00558410
2.40426	0.379372	0.00841898
2.40704	0.427716	0.00908841
2.40981	0.396595	0.00776373
2.41258	0.395914	0.0115342
2.41534	0.421456	0.00822221
2.41810	0.400639	0.0245330
2.42086	0.419703	0.0203544
2.42362	0.383037	0.0163661
2.42638	0.390356	0.0105714
2.42913	0.365963	0.00281135
2.43188	0.370611	0.0208973
2.43463	0.380719	0.0132514
2.43738	0.366985	0.0212555
2.44013	0.340610	0.0143813
2.44288	0.296695	0.0157304
2.44562	0.379332	0.0273353
2.44837	0.345010	0.00788313
2.45111	0.297076	0.00314843
2.45385	0.342366	0.0195835
2.45660	0.336373	0.00555813
2.45934	0.306938	0.0224051
2.46209	0.344459	0.0227558
2.46483	0.314505	0.0206669
2.46758	0.322032	0.0236534
2.47032	0.319033	0.0151860
2.47307	0.309640	0.00334840
2.47582	0.286594	0.0131069
2.47857	0.255484	0.0216301
2.48133	0.265884	0.0152993
2.48408	0.297651	0.0230696
2.48684	0.325816	0.0303118
2.48960	0.331801	0.0263260
2.49237	0.303105	0.0189888
2.49514	0.255341	0.0131739
2.49791	0.183490	0.0217915
2.50069	0.289061	0.00802433
2.50347	0.292721	0.0284437
2.50626	0.282020	0.0396849
2.50906	0.214393	0.0530942
2.51186	0.345850	0.0219244
2.51466	0.274298	0.0267517
2.51748	0.222432	0.0572146
2.52030	0.328830	0.0459842
2.52312	0.197757	0.0270398
2.52596	0.293330	0.0819408
2.52880	0.176879	0.0625981
2.53166	0.300617	0.178921
2.53452	0.129100	0.0886505
2.53739	0.260928	0.113327
2.54028	0.216188	0.0420863
2.54317	0.218033	0.148385
2.54608	0.127908	0.210515
2.54899	0.204317	0.303099
2.55192	-0.238000	0.143313
2.55486	-0.159317	0.292954
2.55782	0.706359	0.365475
2.56079	0.188352	0.231054
2.56378	0.345266	0.309119
