#  ----------------------------------------------------------------------------------
# SpeX prism spectrum of 2MASS J22425317+2542573 (J22425317+2542573)
# Originally observed on 2008 Jul 12
# Average resolution = 120
# Originally published in Burgasser et al. (2010) ApJ, 710, 1142-1169
#
# PLEASE CITE THE ORIGINAL DATA REFERENCE WHEN PUBLISHING OR PRESENTING THESE DATA
#
# Optical spectral type: L3
# Near infrared spectral type: L
# J magnitude = 14.812
# H magnitude = 13.744
# Ks magnitude = 13.048
#
#  Wavelength (micron)   F_lambda (normalized)  Noise (normalized as F_lambda)
#  ----------------------------------------------------------------------------------
0.648096	0.0125259	0.118747
0.650326	0.256493	0.119221
0.652545	0.0963929	0.116243
0.654752	-0.0152784	0.108573
0.656949	0.0166677	0.0948342
0.659137	0.154144	0.0854482
0.661317	0.0325281	0.0832129
0.663490	-0.0696733	0.0885048
0.665656	-0.0442111	0.0832799
0.667817	-0.103935	0.0830651
0.669974	-0.113037	0.0807051
0.672127	0.159865	0.0786890
0.674277	0.0218310	0.0805836
0.676426	-0.0311708	0.0706392
0.678573	-0.00181586	0.0667540
0.680719	0.0765443	0.0665763
0.682867	0.0727168	0.0616030
0.685015	0.0434152	0.0624266
0.687165	0.134940	0.0612618
0.689318	0.0409851	0.0591022
0.691474	0.120199	0.0557149
0.693634	0.105452	0.0542205
0.695799	0.0916010	0.0494967
0.697969	0.0636224	0.0524594
0.700144	0.0653967	0.0450725
0.702327	0.0903435	0.0456011
0.704516	0.127265	0.0425622
0.706713	0.162518	0.0407199
0.708918	0.160021	0.0411130
0.711132	0.0557672	0.0389829
0.713355	0.0533092	0.0366527
0.715587	0.133423	0.0364677
0.717831	0.0480855	0.0349885
0.720084	0.0236258	0.0344871
0.722349	0.199827	0.0339865
0.724626	0.00486684	0.0322318
0.726915	0.0278615	0.0312378
0.729216	0.0739220	0.0318703
0.731530	0.165762	0.0297437
0.733857	0.0987443	0.0293698
0.736198	0.0548751	0.0278734
0.738553	0.0659883	0.0277945
0.740922	0.0992487	0.0265727
0.743306	0.0596395	0.0255415
0.745706	0.0431068	0.0237166
0.748120	0.0558568	0.0246694
0.750550	0.0464416	0.0229070
0.752996	0.0395759	0.0236523
0.755458	0.0692335	0.0219410
0.757937	0.0470869	0.0249999
0.760432	0.0192712	0.0283368
0.762944	0.0482213	0.0288865
0.765474	-0.0138148	0.0257505
0.768021	0.0193310	0.0235482
0.770585	0.0488086	0.0200293
0.773167	0.0272774	0.0191750
0.775768	0.0459339	0.0186528
0.778386	0.0637259	0.0188748
0.781023	0.0494892	0.0176664
0.783678	0.0690456	0.0179083
0.786352	0.0756953	0.0175733
0.789044	0.0823826	0.0182001
0.791755	0.111909	0.0171046
0.794486	0.115080	0.0174098
0.797235	0.132843	0.0174799
0.800004	0.142255	0.0171626
0.802792	0.133767	0.0168660
0.805599	0.132646	0.0171033
0.808426	0.133861	0.0162470
0.811272	0.167767	0.0163461
0.814138	0.150803	0.0159739
0.817024	0.189036	0.0159147
0.819929	0.199954	0.0149224
0.822853	0.194113	0.0152631
0.825798	0.229622	0.0149547
0.828762	0.206288	0.0151380
0.831746	0.218120	0.0146147
0.834749	0.289658	0.0142159
0.837772	0.234596	0.0144481
0.840815	0.227294	0.0144427
0.843878	0.247272	0.0137939
0.846960	0.225198	0.0138813
0.850062	0.228672	0.0127863
0.853184	0.219860	0.0127598
0.856324	0.202305	0.0123084
0.859485	0.221486	0.0122172
0.862665	0.196277	0.0119694
0.865864	0.152335	0.0119907
0.869083	0.157819	0.0117912
0.872321	0.159279	0.0126397
0.875578	0.187346	0.0115250
0.878854	0.194511	0.0118498
0.882149	0.192961	0.0115355
0.885463	0.221136	0.0116570
0.888795	0.207888	0.0112286
0.892147	0.202692	0.0113335
0.895517	0.250580	0.0110519
0.898905	0.263887	0.0110006
0.902312	0.252485	0.0103858
0.905737	0.282578	0.0107267
0.909180	0.269335	0.0105023
0.912641	0.305598	0.0107728
0.916120	0.331017	0.0106869
0.919616	0.341294	0.0108414
0.923131	0.364704	0.0101882
0.926662	0.377515	0.00997617
0.930211	0.354320	0.0101999
0.933777	0.399416	0.0107137
0.937360	0.393979	0.0104243
0.940960	0.377892	0.0103818
0.944576	0.422394	0.0105544
0.948209	0.437851	0.0116002
0.951858	0.485555	0.0103989
0.955524	0.452900	0.00955486
0.959205	0.439268	0.00927469
0.962902	0.456944	0.00961407
0.966615	0.466107	0.00890288
0.970343	0.498172	0.00910451
0.974087	0.500367	0.00892793
0.977845	0.505821	0.00875163
0.981619	0.539667	0.00846619
0.985407	0.494998	0.00833415
0.989210	0.426276	0.00799621
0.993027	0.398129	0.00809484
0.996858	0.383847	0.00792132
1.00070	0.403125	0.00781067
1.00456	0.433179	0.00759978
1.00843	0.444816	0.00764517
1.01232	0.461761	0.00767062
1.01622	0.486730	0.00760729
1.02013	0.483715	0.00843683
1.02406	0.461459	0.00770833
1.02799	0.499043	0.00741864
1.03194	0.508589	0.00741435
1.03591	0.545294	0.00839818
1.03988	0.553031	0.00740231
1.04386	0.559879	0.00722066
1.04786	0.574451	0.00707442
1.05187	0.575222	0.00671776
1.05589	0.575442	0.00649952
1.05992	0.580018	0.00644552
1.06396	0.598752	0.00648827
1.06801	0.619993	0.00655180
1.07207	0.647887	0.00670883
1.07615	0.668608	0.00677448
1.08023	0.682500	0.00701944
1.08432	0.735625	0.00696788
1.08842	0.762682	0.00710974
1.09253	0.786695	0.00761939
1.09665	0.761127	0.00678870
1.10078	0.779310	0.00672816
1.10491	0.794171	0.00663835
1.10906	0.769204	0.00642302
1.11321	0.760878	0.00628648
1.11737	0.790826	0.00625511
1.12154	0.793880	0.00631627
1.12572	0.797046	0.00637432
1.12990	0.783786	0.00654176
1.13409	0.727220	0.00639968
1.13829	0.716624	0.00638641
1.14250	0.758468	0.00642995
1.14671	0.805762	0.00648476
1.15092	0.840672	0.00663499
1.15515	0.863913	0.00634746
1.15938	0.848963	0.00624086
1.16361	0.807382	0.00591219
1.16785	0.798618	0.00567099
1.17210	0.754003	0.00537264
1.17635	0.746151	0.00522795
1.18061	0.786575	0.00518347
1.18487	0.795405	0.00525022
1.18913	0.792884	0.00515529
1.19340	0.753347	0.00514213
1.19767	0.730708	0.00530155
1.20195	0.720040	0.00533430
1.20623	0.749481	0.00550064
1.21052	0.790579	0.00556619
1.21481	0.805301	0.00551421
1.21910	0.850792	0.00572640
1.22339	0.892324	0.00558139
1.22769	0.899955	0.00558423
1.23199	0.890461	0.00556668
1.23629	0.827221	0.00516858
1.24059	0.794924	0.00497137
1.24490	0.797723	0.00493952
1.24921	0.799913	0.00484129
1.25352	0.864468	0.00493637
1.25783	0.905917	0.00516313
1.26214	0.939742	0.00563820
1.26646	0.971025	0.00607142
1.27077	1.00017	0.00634384
1.27509	1.00782	0.00651134
1.27941	1.00673	0.00612438
1.28372	0.977729	0.00581365
1.28804	0.982841	0.00569873
1.29236	0.988808	0.00547285
1.29668	0.986141	0.00556268
1.30100	0.985860	0.00540884
1.30531	0.989210	0.00539321
1.30963	1.00891	0.00543775
1.31395	1.02211	0.00540675
1.31826	1.03225	0.00522470
1.32258	1.01941	0.00512481
1.32689	0.950844	0.00482416
1.33121	0.849483	0.00465150
1.33552	0.761455	0.00442175
1.33983	0.706275	0.00431435
1.34414	0.661675	0.00443963
1.34845	0.640110	0.00458317
1.35275	0.618056	0.00494587
1.35705	0.604450	0.00592282
1.36136	0.613343	0.00621033
1.36565	0.624491	0.00650077
1.36995	0.606253	0.00633171
1.37424	0.605526	0.00617457
1.37854	0.608400	0.00637677
1.38283	0.631842	0.00620885
1.38711	0.652773	0.00624002
1.39139	0.639572	0.00598700
1.39567	0.608630	0.00591311
1.39995	0.588746	0.00599023
1.40422	0.567403	0.00587456
1.40850	0.579279	0.00567013
1.41276	0.573900	0.00554256
1.41702	0.576871	0.00540369
1.42128	0.574183	0.00508348
1.42554	0.579435	0.00478989
1.42979	0.564410	0.00466712
1.43404	0.566222	0.00479107
1.43828	0.578155	0.00476097
1.44252	0.586241	0.00457531
1.44676	0.592680	0.00455201
1.45099	0.615602	0.00515323
1.45521	0.617402	0.00496860
1.45943	0.631152	0.00493848
1.46365	0.627193	0.00478477
1.46786	0.631557	0.00477094
1.47207	0.623954	0.00457563
1.47627	0.624005	0.00454113
1.48047	0.621363	0.00455046
1.48466	0.632326	0.00471277
1.48885	0.650105	0.00461509
1.49303	0.657035	0.00439618
1.49721	0.677787	0.00423568
1.50138	0.682531	0.00483035
1.50555	0.694582	0.00522791
1.50971	0.709682	0.00521371
1.51387	0.718581	0.00497783
1.51802	0.736589	0.00459104
1.52216	0.749251	0.00475309
1.52630	0.764301	0.00500885
1.53043	0.770664	0.00521654
1.53456	0.792822	0.00505098
1.53868	0.788566	0.00499936
1.54280	0.810561	0.00479184
1.54691	0.813761	0.00465534
1.55101	0.830054	0.00461317
1.55511	0.836040	0.00461588
1.55920	0.835635	0.00473413
1.56328	0.840100	0.00479782
1.56736	0.842370	0.00477242
1.57144	0.842543	0.00455106
1.57550	0.855611	0.00447557
1.57956	0.840697	0.00504739
1.58362	0.819297	0.00539717
1.58767	0.814834	0.00522849
1.59171	0.827667	0.00495434
1.59575	0.829237	0.00437077
1.59978	0.843663	0.00532016
1.60380	0.850406	0.00555448
1.60782	0.823158	0.00524510
1.61183	0.804173	0.00515859
1.61583	0.812692	0.00525232
1.61983	0.824516	0.00503202
1.62382	0.809961	0.00469103
1.62780	0.803985	0.00471746
1.63178	0.811845	0.00460957
1.63575	0.835838	0.00441313
1.63972	0.838541	0.00499203
1.64367	0.848275	0.00461899
1.64763	0.877858	0.00474972
1.65157	0.872961	0.00469551
1.65551	0.881427	0.00453495
1.65944	0.881593	0.00424222
1.66337	0.882397	0.00438845
1.66729	0.885053	0.00513825
1.67120	0.880019	0.00524004
1.67510	0.881312	0.00515850
1.67900	0.887363	0.00463456
1.68290	0.885007	0.00421312
1.68678	0.890145	0.00460472
1.69066	0.874986	0.00485070
1.69454	0.881991	0.00493158
1.69840	0.887444	0.00505722
1.70226	0.894697	0.00483444
1.70612	0.879915	0.00486314
1.70996	0.880053	0.00475113
1.71380	0.866435	0.00452060
1.71764	0.858837	0.00446099
1.72146	0.825071	0.00433585
1.72528	0.817965	0.00432562
1.72910	0.811713	0.00431390
1.73291	0.808269	0.00431463
1.73671	0.777103	0.00429692
1.74050	0.767801	0.00442791
1.74429	0.755190	0.00443046
1.74808	0.745646	0.00427317
1.75185	0.724479	0.00401607
1.75562	0.718611	0.00381305
1.75938	0.700826	0.00400318
1.76314	0.683365	0.00463363
1.76689	0.676743	0.00482183
1.77064	0.656594	0.00484177
1.77438	0.644111	0.00420794
1.77811	0.635466	0.00395119
1.78183	0.612888	0.00391191
1.78555	0.605068	0.00433919
1.78927	0.591819	0.00434534
1.79297	0.598783	0.00436978
1.79668	0.585674	0.00453193
1.80037	0.578177	0.00456915
1.80406	0.561198	0.00478703
1.80774	0.558599	0.00477777
1.81142	0.563712	0.00470531
1.81509	0.560114	0.00477780
1.81876	0.544759	0.00483270
1.82242	0.558415	0.00475717
1.82607	0.539739	0.00499068
1.82972	0.559648	0.00521011
1.83336	0.536844	0.00543417
1.83700	0.539191	0.00558434
1.84063	0.540613	0.00571824
1.84425	0.515875	0.00602065
1.84787	0.507178	0.00606347
1.85148	0.517198	0.00616250
1.85509	0.488226	0.00589153
1.85869	0.484533	0.00537897
1.86229	0.484844	0.00503270
1.86588	0.506054	0.00536929
1.86947	0.492010	0.00673912
1.87305	0.514615	0.00791330
1.87662	0.506141	0.00691523
1.88019	0.512307	0.00577130
1.88375	0.519497	0.00469634
1.88731	0.531558	0.00454882
1.89086	0.521428	0.00446311
1.89441	0.542412	0.00467484
1.89795	0.531384	0.00492205
1.90149	0.545293	0.00534954
1.90502	0.549416	0.00551533
1.90855	0.554055	0.00542885
1.91207	0.544657	0.00510163
1.91558	0.553191	0.00503526
1.91909	0.541686	0.00498590
1.92260	0.552487	0.00517153
1.92610	0.517691	0.00505535
1.92959	0.516957	0.00469073
1.93308	0.514109	0.00434238
1.93657	0.505804	0.00421727
1.94005	0.505067	0.00416778
1.94352	0.495580	0.00399742
1.94699	0.492958	0.00398853
1.95046	0.491754	0.00428136
1.95392	0.497833	0.00471987
1.95737	0.507326	0.00490766
1.96082	0.503840	0.00484232
1.96427	0.496578	0.00457985
1.96771	0.510803	0.00450170
1.97114	0.484306	0.00430561
1.97458	0.479992	0.00410087
1.97800	0.457814	0.00383980
1.98142	0.466392	0.00364735
1.98484	0.459941	0.00338694
1.98825	0.462943	0.00329780
1.99166	0.481196	0.00336498
1.99506	0.480889	0.00393118
1.99846	0.480350	0.00541832
2.00185	0.483638	0.00699608
2.00524	0.503613	0.00765958
2.00862	0.484052	0.00670660
2.01200	0.487294	0.00585980
2.01538	0.485855	0.00545783
2.01875	0.509288	0.00498713
2.02211	0.495961	0.00451062
2.02547	0.491157	0.00437706
2.02883	0.501208	0.00419892
2.03218	0.498964	0.00415660
2.03553	0.505516	0.00390933
2.03887	0.514371	0.00413429
2.04221	0.514114	0.00407439
2.04554	0.517878	0.00415033
2.04887	0.521041	0.00416735
2.05220	0.518164	0.00458746
2.05552	0.528975	0.00483341
2.05883	0.537214	0.00470673
2.06214	0.527830	0.00443971
2.06545	0.543849	0.00408013
2.06875	0.535082	0.00414568
2.07205	0.544163	0.00411874
2.07534	0.543318	0.00396468
2.07863	0.550000	0.00380433
2.08191	0.552054	0.00360220
2.08519	0.549356	0.00361436
2.08846	0.557363	0.00371661
2.09173	0.562949	0.00366310
2.09500	0.566591	0.00358847
2.09826	0.568792	0.00348888
2.10152	0.576340	0.00352090
2.10477	0.581820	0.00396684
2.10802	0.586616	0.00373084
2.11126	0.590030	0.00382066
2.11450	0.595869	0.00382176
2.11773	0.593031	0.00379409
2.12096	0.598156	0.00385938
2.12419	0.596972	0.00383049
2.12740	0.594707	0.00377102
2.13062	0.598373	0.00378566
2.13383	0.610877	0.00403045
2.13704	0.609332	0.00364782
2.14024	0.599807	0.00360002
2.14344	0.620775	0.00360580
2.14663	0.620255	0.00377511
2.14982	0.621046	0.00412899
2.15300	0.608875	0.00427098
2.15618	0.629032	0.00429885
2.15935	0.609384	0.00393766
2.16252	0.627781	0.00381828
2.16568	0.626977	0.00376072
2.16884	0.622666	0.00377118
2.17200	0.627458	0.00379053
2.17515	0.612527	0.00381438
2.17829	0.614787	0.00403071
2.18143	0.614236	0.00408169
2.18457	0.614521	0.00410943
2.18770	0.609184	0.00434915
2.19082	0.609820	0.00388121
2.19394	0.599847	0.00449763
2.19706	0.616359	0.00419679
2.20017	0.618508	0.00425920
2.20327	0.605393	0.00417366
2.20638	0.596414	0.00400718
2.20947	0.593221	0.00404824
2.21256	0.600130	0.00413579
2.21565	0.600298	0.00412510
2.21873	0.596155	0.00406956
2.22181	0.604567	0.00392972
2.22488	0.613477	0.00398140
2.22794	0.602063	0.00405472
2.23100	0.602853	0.00419747
2.23406	0.606667	0.00446328
2.23711	0.587154	0.00411522
2.24016	0.590335	0.00402303
2.24320	0.590531	0.00406790
2.24623	0.595707	0.00411418
2.24926	0.590359	0.00412848
2.25229	0.589350	0.00420376
2.25531	0.598107	0.00421449
2.25832	0.584707	0.00417614
2.26133	0.586122	0.00421400
2.26434	0.570737	0.00421395
2.26734	0.582236	0.00427440
2.27033	0.566583	0.00426046
2.27332	0.570360	0.00433188
2.27630	0.573592	0.00434163
2.27928	0.570331	0.00437191
2.28226	0.568743	0.00435304
2.28522	0.566536	0.00431538
2.28819	0.567346	0.00436542
2.29115	0.538724	0.00436011
2.29410	0.480763	0.00432023
2.29705	0.454826	0.00443403
2.29999	0.432895	0.00443656
2.30293	0.448539	0.00561000
2.30586	0.454870	0.00437579
2.30878	0.463003	0.00433921
2.31171	0.463643	0.00431397
2.31462	0.473243	0.00457007
2.31753	0.465152	0.00463201
2.32044	0.452157	0.00465867
2.32334	0.423865	0.00458506
2.32624	0.412022	0.00447494
2.32913	0.407312	0.00443136
2.33202	0.414090	0.00447333
2.33490	0.425042	0.00454003
2.33777	0.430069	0.00466062
2.34065	0.427785	0.00476081
2.34351	0.423710	0.00482574
2.34637	0.437737	0.00495986
2.34923	0.426639	0.00507983
2.35208	0.413636	0.00510940
2.35493	0.396070	0.00505193
2.35777	0.385702	0.00498646
2.36061	0.400310	0.00494479
2.36345	0.401615	0.00490010
2.36628	0.406723	0.00502376
2.36910	0.401120	0.00545660
2.37192	0.409297	0.00562328
2.37474	0.406244	0.00558325
2.37755	0.408272	0.00557688
2.38036	0.393992	0.00620781
2.38316	0.384485	0.00605091
2.38596	0.380400	0.00556382
2.38876	0.382139	0.00538375
2.39155	0.394929	0.00533727
2.39434	0.389849	0.00533064
2.39713	0.386201	0.00526116
2.39991	0.377291	0.00525259
2.40269	0.375326	0.00532710
2.40547	0.367239	0.00536587
2.40824	0.383336	0.00546604
2.41101	0.370169	0.00546124
2.41377	0.354906	0.00567244
2.41654	0.355763	0.00587247
2.41930	0.357261	0.00594095
2.42206	0.348266	0.00579215
2.42482	0.345168	0.00555150
2.42757	0.337773	0.00547925
2.43032	0.345101	0.00568319
2.43308	0.338074	0.00633785
2.43582	0.337483	0.00632698
2.43857	0.326259	0.00623873
2.44132	0.338613	0.00599854
2.44407	0.321121	0.00620221
2.44681	0.326006	0.00663433
2.44955	0.310149	0.00716865
2.45230	0.310942	0.00669384
2.45504	0.310184	0.00639025
2.45779	0.288467	0.00630241
2.46053	0.304997	0.00726004
2.46327	0.164294	0.00574726
2.46602	0.303494	0.00676144
2.46877	0.294139	0.00706522
2.47151	0.285117	0.00741679
2.47426	0.300257	0.00740727
2.47701	0.295047	0.00735917
2.47976	0.282626	0.00746428
2.48252	0.301619	0.00821491
2.48528	0.275992	0.00881265
2.48804	0.269309	0.00899313
2.49080	0.284247	0.00916282
2.49357	0.267039	0.00926671
2.49634	0.274537	0.00884069
2.49912	0.287040	0.00848540
2.50190	0.275178	0.00871012
2.50468	0.257478	0.00939479
2.50747	0.274650	0.0101439
2.51027	0.266506	0.0107986
2.51307	0.271741	0.0119751
2.51588	0.245166	0.0135848
2.51870	0.256186	0.0136336
2.52152	0.257017	0.0132598
2.52435	0.247197	0.0133451
2.52719	0.253896	0.0150358
2.53004	0.246247	0.0184266
2.53290	0.229708	0.0222305
2.53576	0.297167	0.0241859
2.53864	0.247738	0.0224502
2.54153	0.211065	0.0227036
2.54443	0.237744	0.0270903
2.54734	0.264203	0.0328966
2.55026	0.252868	0.0378551
2.55320	0.202204	0.0367764
