#  ----------------------------------------------------------------------------------
# SpeX prism spectrum of 2MASS J14343616+2202463 (J14343616+2202463)
# Originally observed on 2008 Jun 18
# Average resolution = 120
# Originally published in Sheppard & Cushing (2009) AJ, 137, 304
#
# PLEASE CITE THE ORIGINAL DATA REFERENCE WHEN PUBLISHING OR PRESENTING THESE DATA
#
# Near infrared spectral type: L2.5+/-1.5
# J magnitude = 14.519
# H magnitude = 13.833
# Ks magnitude = 13.545
#
#  Wavelength (micron)   F_lambda (normalized)  Noise (normalized as F_lambda)
#  ----------------------------------------------------------------------------------
0.634718	0.0391977	0.222894
0.637042	0.428685	0.198902
0.639347	0.761341	0.193134
0.641634	-0.0777918	0.193621
0.643906	0.00560582	0.191128
0.646162	0.0466861	0.186442
0.648404	0.0592476	0.193374
0.650633	0.664754	0.192137
0.652849	0.558339	0.181553
0.655055	0.400004	0.140666
0.657251	0.319827	0.130840
0.659438	-0.0531522	0.132540
0.661617	0.233989	0.130487
0.663789	0.322749	0.134926
0.665954	0.202108	0.128455
0.668115	0.153341	0.120007
0.670271	0.111218	0.121976
0.672424	0.130919	0.105332
0.674573	0.195100	0.106598
0.676722	0.217341	0.100523
0.678869	0.397778	0.0979609
0.681015	0.429850	0.0963916
0.683163	0.150538	0.0970046
0.685311	0.220398	0.0918098
0.687462	0.190192	0.105004
0.689615	0.166262	0.0840335
0.691771	0.227643	0.0830223
0.693932	0.184005	0.0734879
0.696097	0.0589971	0.0757619
0.698268	0.210458	0.0696735
0.700445	0.145813	0.0674544
0.702628	0.257960	0.0625164
0.704818	0.260900	0.0645711
0.707016	0.0902748	0.0576368
0.709222	0.0887897	0.0595067
0.711437	0.149998	0.0554167
0.713662	0.124101	0.0533001
0.715896	0.0275812	0.0511207
0.718141	0.130652	0.0541766
0.720396	0.0808688	0.0500845
0.722662	0.0923687	0.0487521
0.724941	0.172017	0.0486897
0.727231	0.0897100	0.0455245
0.729534	0.106994	0.0428934
0.731850	0.123965	0.0433643
0.734179	0.187173	0.0370826
0.736522	0.0864634	0.0391987
0.738879	0.189661	0.0352249
0.741250	0.163241	0.0367637
0.743636	0.129311	0.0329438
0.746037	0.150985	0.0325085
0.748454	0.113718	0.0311441
0.750886	0.172497	0.0309888
0.753334	0.0936762	0.0294016
0.755799	0.0851801	0.0305365
0.758280	0.100554	0.0330614
0.760777	0.122465	0.0387937
0.763292	0.0746043	0.0383820
0.765824	0.0755341	0.0319954
0.768373	0.00467422	0.0268798
0.770940	0.0370850	0.0257435
0.773525	0.0515400	0.0243318
0.776127	0.0628144	0.0254827
0.778748	0.0689077	0.0230930
0.781388	0.0983809	0.0237467
0.784045	0.109685	0.0227759
0.786722	0.165421	0.0226675
0.789417	0.131920	0.0221758
0.792131	0.112574	0.0220423
0.794864	0.138873	0.0209434
0.797616	0.156715	0.0208254
0.800387	0.143026	0.0199263
0.803178	0.200804	0.0203957
0.805988	0.285054	0.0197711
0.808817	0.316898	0.0200005
0.811666	0.343190	0.0193723
0.814535	0.354898	0.0201210
0.817423	0.357276	0.0191557
0.820331	0.354231	0.0194305
0.823258	0.384910	0.0184079
0.826205	0.361442	0.0184503
0.829172	0.366099	0.0176640
0.832159	0.348578	0.0179433
0.835165	0.371666	0.0171118
0.838191	0.322744	0.0170792
0.841236	0.346478	0.0166253
0.844302	0.283487	0.0174544
0.847387	0.231668	0.0155184
0.850491	0.266964	0.0154095
0.853615	0.262699	0.0149837
0.856759	0.273436	0.0151223
0.859922	0.291948	0.0143218
0.863105	0.278364	0.0151706
0.866307	0.296088	0.0139867
0.869528	0.301820	0.0138657
0.872769	0.289564	0.0135459
0.876028	0.321981	0.0139734
0.879307	0.372366	0.0135562
0.882604	0.418794	0.0139399
0.885921	0.392619	0.0131948
0.889256	0.367085	0.0133653
0.892610	0.395731	0.0133403
0.895983	0.437906	0.0139395
0.899374	0.472067	0.0133737
0.902783	0.484683	0.0131778
0.906210	0.503108	0.0128884
0.909656	0.572193	0.0130718
0.913120	0.616430	0.0131091
0.916601	0.672895	0.0131717
0.920100	0.683315	0.0124900
0.923616	0.624393	0.0118957
0.927150	0.630543	0.0126324
0.930702	0.649555	0.0147777
0.934270	0.603588	0.0156035
0.937855	0.648301	0.0149802
0.941457	0.661523	0.0145683
0.945076	0.691389	0.0147154
0.948711	0.740457	0.0137804
0.952363	0.693870	0.0134955
0.956030	0.733117	0.0133173
0.959714	0.747374	0.0139832
0.963413	0.730180	0.0124894
0.967128	0.716855	0.0116054
0.970858	0.754067	0.0103801
0.974604	0.761668	0.0102606
0.978365	0.808646	0.0100528
0.982140	0.832138	0.00984282
0.985930	0.811039	0.00936726
0.989735	0.648258	0.00932909
0.993554	0.524578	0.00928927
0.997387	0.548721	0.00927611
1.00123	0.605377	0.00918115
1.00510	0.631376	0.00899125
1.00897	0.659399	0.00877165
1.01286	0.714709	0.00905405
1.01676	0.699109	0.00879335
1.02067	0.709112	0.00906092
1.02460	0.692067	0.00867896
1.02854	0.715740	0.00869451
1.03249	0.760267	0.00840178
1.03645	0.796273	0.00825522
1.04043	0.816673	0.00840768
1.04442	0.861039	0.00838958
1.04841	0.853067	0.00785142
1.05242	0.845520	0.00772496
1.05644	0.841829	0.00744712
1.06048	0.833898	0.00735549
1.06452	0.870657	0.00719821
1.06857	0.891589	0.00756270
1.07264	0.921884	0.00779134
1.07671	0.941127	0.00777136
1.08079	0.964105	0.00788088
1.08488	0.998768	0.00805279
1.08899	1.03732	0.00812525
1.09310	1.01951	0.00798859
1.09722	1.00010	0.00779553
1.10135	0.973373	0.00764766
1.10549	0.921323	0.00719735
1.10963	0.923124	0.00733305
1.11379	0.950133	0.00774642
1.11795	0.954528	0.00816540
1.12212	0.933537	0.00844880
1.12630	0.917062	0.00864995
1.13048	0.913117	0.00911893
1.13467	0.797430	0.00847556
1.13887	0.724909	0.00764232
1.14308	0.803716	0.00799949
1.14729	0.899119	0.00814292
1.15151	0.895229	0.00743252
1.15573	0.909834	0.00734243
1.15996	0.904159	0.00738122
1.16420	0.871945	0.00659342
1.16844	0.816860	0.00616689
1.17268	0.792608	0.00572313
1.17694	0.765452	0.00555736
1.18119	0.807266	0.00543300
1.18545	0.875901	0.00550180
1.18972	0.879164	0.00535180
1.19399	0.849177	0.00544210
1.19826	0.791329	0.00599124
1.20254	0.805697	0.00602745
1.20682	0.845062	0.00584055
1.21111	0.885885	0.00619445
1.21540	0.899178	0.00591149
1.21969	0.926306	0.00577750
1.22398	0.949732	0.00596280
1.22828	0.966681	0.00596640
1.23258	0.933908	0.00575620
1.23688	0.916279	0.00552111
1.24119	0.831339	0.00520600
1.24549	0.847940	0.00503965
1.24980	0.843425	0.00496178
1.25411	0.895012	0.00509730
1.25843	0.962747	0.00566016
1.26274	1.00519	0.00659772
1.26705	1.00566	0.00785709
1.27137	1.01377	0.00814942
1.27569	1.01112	0.00790784
1.28000	1.03891	0.00717937
1.28432	1.00090	0.00607359
1.28864	1.00110	0.00587576
1.29296	0.984940	0.00594432
1.29727	0.982736	0.00546534
1.30159	0.982758	0.00564588
1.30591	0.972917	0.00577476
1.31023	0.962776	0.00569990
1.31454	0.955912	0.00543356
1.31886	0.960555	0.00531601
1.32317	0.942785	0.00527958
1.32749	0.867005	0.00504730
1.33180	0.718876	0.00469618
1.33611	0.575292	0.00457349
1.34042	0.529495	0.00445531
1.34473	0.523115	0.00497197
1.34904	0.533471	0.00664483
1.35334	0.529574	0.0101342
1.35765	0.526244	0.0186634
1.36195	0.564360	0.0267690
1.36625	0.527121	0.0302407
1.37054	0.462807	0.0192316
1.37484	0.456291	0.0143796
1.37913	0.488831	0.0169274
1.38342	0.518140	0.0188568
1.38770	0.458383	0.0129630
1.39198	0.477185	0.0125117
1.39626	0.431263	0.0135467
1.40054	0.396559	0.0137315
1.40481	0.414320	0.0121763
1.40908	0.402962	0.0104666
1.41335	0.380672	0.00931459
1.41761	0.381929	0.00848365
1.42187	0.366416	0.00675334
1.42613	0.365865	0.00586765
1.43038	0.376952	0.00593219
1.43462	0.366506	0.00636275
1.43887	0.363835	0.00568511
1.44311	0.378801	0.00491920
1.44734	0.390720	0.00505478
1.45157	0.404901	0.00565743
1.45580	0.409954	0.00531026
1.46002	0.410925	0.00521507
1.46423	0.418937	0.00524675
1.46844	0.403003	0.00528994
1.47265	0.386800	0.00508334
1.47685	0.391542	0.00501820
1.48105	0.403860	0.00528660
1.48524	0.402010	0.00529072
1.48943	0.418350	0.00494116
1.49361	0.429613	0.00436751
1.49779	0.431443	0.00375556
1.50196	0.439118	0.00452642
1.50612	0.442256	0.00579727
1.51028	0.458311	0.00511922
1.51444	0.468908	0.00385170
1.51859	0.474231	0.00388691
1.52273	0.488186	0.00462029
1.52687	0.490705	0.00486961
1.53100	0.502821	0.00484075
1.53513	0.500105	0.00484693
1.53925	0.511458	0.00457435
1.54336	0.519751	0.00447517
1.54747	0.527300	0.00425093
1.55157	0.536691	0.00413160
1.55567	0.538888	0.00443229
1.55976	0.543109	0.00440668
1.56385	0.556012	0.00463808
1.56793	0.563636	0.00444892
1.57200	0.568602	0.00401603
1.57606	0.582165	0.00380565
1.58012	0.580656	0.00480838
1.58418	0.557561	0.00572472
1.58823	0.568942	0.00509998
1.59227	0.573525	0.00389063
1.59630	0.584666	0.00400880
1.60033	0.589642	0.00451868
1.60435	0.582519	0.00494707
1.60837	0.568330	0.00479871
1.61238	0.570880	0.00488289
1.61638	0.582103	0.00466120
1.62038	0.596059	0.00447418
1.62437	0.576238	0.00460591
1.62835	0.567834	0.00414717
1.63233	0.573762	0.00403110
1.63630	0.586002	0.00428122
1.64026	0.581367	0.00419087
1.64422	0.591149	0.00436990
1.64817	0.608577	0.00476058
1.65211	0.612193	0.00435232
1.65605	0.606175	0.00383391
1.65998	0.599777	0.00349727
1.66391	0.600596	0.00362002
1.66783	0.586660	0.00501566
1.67174	0.601758	0.00561619
1.67564	0.598094	0.00436318
1.67954	0.592715	0.00346288
1.68343	0.596254	0.00354106
1.68732	0.596216	0.00420447
1.69120	0.582222	0.00473754
1.69507	0.585071	0.00458511
1.69893	0.576210	0.00458183
1.70279	0.579051	0.00460263
1.70665	0.561418	0.00420439
1.71049	0.547552	0.00432832
1.71433	0.536622	0.00424343
1.71816	0.512413	0.00374726
1.72199	0.509183	0.00387362
1.72581	0.493444	0.00401247
1.72962	0.489041	0.00381712
1.73343	0.466077	0.00379476
1.73723	0.449501	0.00410082
1.74103	0.446694	0.00429814
1.74481	0.445185	0.00416917
1.74860	0.421909	0.00377861
1.75237	0.411377	0.00343044
1.75614	0.391447	0.00314900
1.75990	0.385263	0.00322710
1.76366	0.369865	0.00473786
1.76741	0.363556	0.00533867
1.77115	0.349104	0.00412266
1.77489	0.345393	0.00313793
1.77862	0.335067	0.00315531
1.78235	0.329375	0.00349178
1.78607	0.310857	0.00440195
1.78978	0.310809	0.00457192
1.79349	0.316631	0.00389834
1.79719	0.326114	0.00503295
1.80088	0.314138	0.00643831
1.80457	0.286427	0.00577094
1.80825	0.285666	0.00584097
1.81193	0.301873	0.00695274
1.81560	0.320311	0.00696820
1.81926	0.309181	0.00660081
1.82292	0.323477	0.00734065
1.82658	0.330357	0.00929392
1.83022	0.327330	0.0129390
1.83386	0.349334	0.0173028
1.83750	0.305414	0.0272282
1.84113	0.271799	0.0178039
1.84475	0.265827	0.0159927
1.84837	0.322930	0.0178326
1.85198	0.261644	0.0180355
1.85559	0.273536	0.0182029
1.85919	0.236979	0.0139998
1.86279	0.233003	0.0106799
1.86638	0.317251	0.0158172
1.86996	0.402123	0.0377578
1.87354	0.297645	0.0375416
1.87711	0.182353	0.0131677
1.88068	0.253944	0.00888524
1.88424	0.278200	0.00786099
1.88780	0.298243	0.00879652
1.89135	0.275051	0.00915575
1.89490	0.292761	0.00932400
1.89844	0.331533	0.0132122
1.90198	0.314230	0.0193702
1.90551	0.267378	0.0131048
1.90903	0.302750	0.0119391
1.91255	0.266818	0.0116111
1.91607	0.263200	0.00847000
1.91958	0.284317	0.00750093
1.92308	0.287452	0.00843451
1.92658	0.279600	0.00868825
1.93007	0.249735	0.00704690
1.93356	0.250030	0.00591310
1.93705	0.246976	0.00573339
1.94053	0.232863	0.00468327
1.94400	0.226809	0.00459656
1.94747	0.228106	0.00407893
1.95094	0.249038	0.00472701
1.95439	0.244583	0.00565655
1.95785	0.235164	0.00516273
1.96130	0.241250	0.00469649
1.96474	0.239606	0.00443951
1.96818	0.240158	0.00420527
1.97162	0.222071	0.00394579
1.97505	0.216615	0.00390398
1.97847	0.210504	0.00362835
1.98189	0.221132	0.00301465
1.98531	0.226214	0.00282348
1.98872	0.217683	0.00272519
1.99213	0.227627	0.00276273
1.99553	0.235941	0.00329557
1.99893	0.255642	0.00590578
2.00232	0.252490	0.00835872
2.00571	0.230235	0.00613841
2.00909	0.220382	0.00455076
2.01247	0.240186	0.00450889
2.01584	0.227908	0.00427265
2.01921	0.231012	0.00379686
2.02258	0.235899	0.00334603
2.02594	0.231586	0.00378461
2.02929	0.230928	0.00372422
2.03264	0.244794	0.00338115
2.03599	0.248832	0.00323497
2.03933	0.246168	0.00367315
2.04267	0.244158	0.00380230
2.04600	0.250195	0.00318637
2.04933	0.253969	0.00329791
2.05265	0.245778	0.00398344
2.05597	0.256608	0.00446862
2.05929	0.251479	0.00386680
2.06260	0.252190	0.00300287
2.06590	0.257116	0.00295582
2.06920	0.253518	0.00317071
2.07250	0.252800	0.00350595
2.07579	0.256284	0.00310729
2.07908	0.263110	0.00268597
2.08236	0.266592	0.00271325
2.08564	0.267103	0.00290552
2.08892	0.268342	0.00300321
2.09218	0.272880	0.00289669
2.09545	0.269577	0.00260616
2.09871	0.269913	0.00252219
2.10197	0.276625	0.00264528
2.10522	0.280179	0.00289492
2.10846	0.281037	0.00305348
2.11171	0.279544	0.00307308
2.11494	0.283431	0.00302425
2.11818	0.285165	0.00305593
2.12141	0.285440	0.00301512
2.12463	0.281972	0.00312851
2.12785	0.284466	0.00295616
2.13106	0.284433	0.00280457
2.13427	0.294586	0.00276435
2.13748	0.282617	0.00262203
2.14068	0.285606	0.00256295
2.14388	0.287604	0.00256791
2.14707	0.294782	0.00282603
2.15025	0.291357	0.00361956
2.15344	0.282669	0.00379245
2.15661	0.291367	0.00324025
2.15979	0.285945	0.00280407
2.16295	0.288279	0.00271215
2.16612	0.295345	0.00272134
2.16928	0.291806	0.00282632
2.17243	0.290184	0.00284982
2.17558	0.287843	0.00278958
2.17872	0.287436	0.00318034
2.18186	0.287908	0.00343133
2.18500	0.285631	0.00311610
2.18813	0.282668	0.00303532
2.19125	0.287090	0.00295339
2.19437	0.283459	0.00329107
2.19749	0.291387	0.00359020
2.20060	0.286404	0.00320965
2.20370	0.280582	0.00304498
2.20680	0.282950	0.00308502
2.20990	0.280476	0.00306694
2.21299	0.291280	0.00338183
2.21607	0.283441	0.00318888
2.21915	0.285100	0.00278079
2.22223	0.275567	0.00275679
2.22530	0.279895	0.00293130
2.22837	0.276884	0.00302863
2.23143	0.283915	0.00327005
2.23448	0.279455	0.00319553
2.23753	0.277931	0.00287303
2.24058	0.276222	0.00280796
2.24362	0.273423	0.00286286
2.24665	0.276423	0.00293429
2.24968	0.276354	0.00299983
2.25271	0.280120	0.00306356
2.25572	0.275406	0.00300723
2.25874	0.276604	0.00288985
2.26175	0.267897	0.00309380
2.26475	0.267431	0.00293737
2.26775	0.269352	0.00300587
2.27074	0.268324	0.00305040
2.27373	0.266886	0.00307986
2.27672	0.261794	0.00306003
2.27969	0.260007	0.00294649
2.28267	0.258576	0.00294411
2.28563	0.265098	0.00300642
2.28860	0.261545	0.00299507
2.29155	0.254296	0.00303144
2.29451	0.227951	0.00304093
2.29745	0.228745	0.00315043
2.30039	0.223259	0.00338784
2.30333	0.233073	0.00311022
2.30626	0.229910	0.00302900
2.30919	0.229596	0.00301223
2.31211	0.226949	0.00296615
2.31502	0.229852	0.00310903
2.31794	0.232094	0.00329388
2.32084	0.218755	0.00325471
2.32374	0.205141	0.00316105
2.32664	0.211337	0.00311118
2.32953	0.212692	0.00309288
2.33241	0.210840	0.00317449
2.33529	0.218661	0.00316061
2.33817	0.218381	0.00326496
2.34104	0.212798	0.00336490
2.34391	0.215235	0.00334333
2.34677	0.220932	0.00343952
2.34962	0.200762	0.00378857
2.35248	0.203686	0.00373550
2.35532	0.198312	0.00358947
2.35817	0.195149	0.00345184
2.36100	0.197018	0.00343093
2.36384	0.208693	0.00388759
2.36667	0.203581	0.00459367
2.36949	0.206541	0.00429508
2.37231	0.198098	0.00412333
2.37513	0.201794	0.00385909
2.37794	0.197730	0.00392193
2.38075	0.195330	0.00396013
2.38355	0.190914	0.00412567
2.38635	0.182634	0.00416980
2.38915	0.185584	0.00409017
2.39194	0.195135	0.00400531
2.39473	0.190919	0.00399251
2.39751	0.187723	0.00394988
2.40029	0.183545	0.00390471
2.40307	0.181767	0.00414329
2.40585	0.172303	0.00447699
2.40862	0.168328	0.00448518
2.41139	0.179427	0.00455430
2.41416	0.172734	0.00520377
2.41692	0.171592	0.00586748
2.41968	0.174692	0.00583515
2.42244	0.166958	0.00463209
2.42520	0.157257	0.00443763
2.42795	0.166001	0.00411117
2.43070	0.162601	0.00448717
2.43345	0.159246	0.00640028
2.43620	0.143889	0.00680138
2.43895	0.154948	0.00460732
2.44170	0.158191	0.00466765
2.44444	0.151390	0.00707845
2.44719	0.146813	0.00855844
2.44993	0.124914	0.00775607
2.45268	0.127291	0.00650218
2.45542	0.135623	0.00507797
2.45816	0.141848	0.00460295
2.46091	0.143820	0.00569266
2.46365	0.149306	0.00593139
2.46640	0.131266	0.00559172
2.46914	0.145033	0.00697493
2.47189	0.138581	0.00853580
2.47464	0.117355	0.00702513
2.47739	0.125865	0.00697181
2.48014	0.114610	0.00927287
2.48290	0.124535	0.0108702
2.48566	0.127603	0.0121184
2.48842	0.114694	0.0122976
2.49118	0.123257	0.0129436
2.49395	0.126088	0.0136913
2.49672	0.118106	0.0102451
2.49950	0.124275	0.00850135
2.50228	0.126825	0.0113679
2.50507	0.124392	0.0138214
2.50786	0.113547	0.0129678
2.51066	0.120400	0.0160490
2.51346	0.137585	0.0214343
2.51627	0.101810	0.0317505
2.51909	0.119366	0.0249612
2.52191	0.111499	0.0188493
2.52474	0.145390	0.0263816
2.52758	0.0689985	0.0411980
2.53043	0.184842	0.0665314
2.53329	0.131887	0.0973091
2.53616	0.0617690	0.0910553
2.53904	0.0640265	0.0737205
2.54193	0.0317577	0.0680111
