#  ----------------------------------------------------------------------------------
# SpeX prism spectrum of Gliese 570D (J14571496-2121477)
# Originally observed on 2003 May 22
# Average resolution = 120
# Originally published in Burgasser et al. (2004) AJ, 127, 2856
#
# PLEASE CITE THE ORIGINAL DATA REFERENCE WHEN PUBLISHING OR PRESENTING THESE DATA
#
# Optical spectral type: T7
# Near infrared spectral type: T7.5
# J magnitude = 15.324
# H magnitude = 15.268
# Ks magnitude = 15.242
#
#  Wavelength (micron)   F_lambda (normalized)  Noise (normalized as F_lambda)
#  ----------------------------------------------------------------------------------
0.657971	0.0836885	0.130403
0.660155	-0.0421107	0.00000
0.662332	-0.0809450	0.00000
0.664501	-0.0173781	0.00000
0.666665	0.0845507	0.161249
0.668824	-0.0810677	0.00000
0.670979	0.0733908	0.0836187
0.673131	-0.0181195	0.00000
0.675280	0.130036	0.151895
0.677427	0.127587	0.0925533
0.679574	0.218320	0.113866
0.681721	0.195421	0.0867673
0.683869	0.113580	0.149170
0.686018	0.0411369	0.195862
0.688169	0.112249	0.142225
0.690323	-0.00530780	0.00000
0.692481	0.0871869	0.108172
0.694643	0.0967765	0.0971045
0.696810	0.102214	0.0551438
0.698983	0.0736543	0.149898
0.701162	-0.119258	0.00000
0.703347	-0.0302499	0.00000
0.705540	0.0912552	0.0262048
0.707740	0.0573323	0.0754464
0.709950	-0.0910113	0.00000
0.712168	0.00657212	0.0980736
0.714395	0.0545880	0.0422835
0.716633	0.0694210	0.0339316
0.718881	0.0438532	0.0567919
0.721140	0.150384	0.0978575
0.723410	0.0309960	0.0824210
0.725692	-0.0149555	0.00000
0.727987	0.0422605	0.0353260
0.730294	0.0910755	0.0485790
0.732614	0.0440483	0.0448848
0.734948	-0.00991002	0.00000
0.737295	0.0539047	0.0572034
0.739657	-0.00621835	0.00000
0.742033	0.0364530	0.0440317
0.744424	0.0381340	0.0403936
0.746830	0.0203635	0.0331801
0.749252	-0.0349072	0.00000
0.751689	-0.0345341	0.00000
0.754143	-0.0142209	0.00000
0.756613	0.0454056	0.0367083
0.759099	-0.0283865	0.00000
0.761602	0.0249969	0.0202021
0.764122	0.0359009	0.0250701
0.766660	0.0625081	0.0404934
0.769215	0.0723334	0.0252934
0.771788	-0.0425031	0.00000
0.774378	0.00584123	0.0144699
0.776987	0.0156586	0.0490440
0.779614	-0.0533402	0.00000
0.782259	0.0804229	0.0446357
0.784923	0.0508499	0.0278764
0.787606	-0.0130247	0.00000
0.790307	-0.00302624	0.00000
0.793027	-0.00841290	0.00000
0.795766	-0.0348638	0.00000
0.798525	0.000408298	0.0364243
0.801302	-0.00947761	0.00000
0.804100	-0.00148042	0.00000
0.806916	0.0229121	0.0147529
0.809752	0.0322981	0.0215504
0.812607	-0.0380839	0.00000
0.815482	0.0558992	0.00507123
0.818377	0.0564128	0.0125726
0.821291	0.0275043	0.0246530
0.824225	0.00534221	0.00163468
0.827178	0.0392286	0.0350509
0.830152	0.0451205	0.0312052
0.833145	0.0190289	0.00745909
0.836157	-0.00435838	0.00000
0.839190	0.0204234	0.0126053
0.842242	0.0561562	0.0198119
0.845314	0.0302467	0.00919697
0.848405	0.0426962	0.0215993
0.851516	0.0141546	0.0210186
0.854647	0.0219571	0.00878169
0.857797	0.00319865	0.0125308
0.860966	0.0459996	0.0292030
0.864155	0.0194576	0.0223806
0.867364	0.0540805	0.0230818
0.870591	0.0521936	0.00709769
0.873838	0.0394034	0.00848178
0.877104	0.0487460	0.0296447
0.880389	0.0551067	0.0271369
0.883693	0.0620544	0.0295036
0.887015	0.0862807	0.0166410
0.890357	0.0468430	0.0424480
0.893717	0.0582218	0.0160318
0.897095	0.0472168	0.0332794
0.900492	0.0367308	0.0148849
0.903908	0.0488176	0.00690596
0.907341	0.0659572	0.0132271
0.910793	0.0601120	0.00564734
0.914262	0.0696187	0.0214467
0.917749	0.0698818	0.00672153
0.921254	0.0839757	0.00902569
0.924776	0.0637920	0.00623974
0.928316	0.0695547	0.0260865
0.931873	0.0381093	0.0136036
0.935447	0.0424014	0.00769102
0.939038	0.0426275	0.0329289
0.942645	0.106390	0.0308976
0.946269	0.0884713	0.0242889
0.949910	0.0723835	0.00732534
0.953566	0.0753401	0.00678025
0.957239	0.0817618	0.0111236
0.960928	0.0907218	0.0133596
0.964633	0.0756343	0.0232294
0.968353	0.0899414	0.0277592
0.972088	0.107602	0.0269586
0.975839	0.140909	0.00781735
0.979604	0.155215	0.00290671
0.983385	0.169577	0.00849243
0.987180	0.175811	0.0145768
0.990989	0.217166	0.0201109
0.994813	0.222830	0.0165304
0.998651	0.250507	0.0111819
1.00250	0.252007	0.0130659
1.00637	0.252987	0.0144392
1.01025	0.279340	0.00484307
1.01414	0.319797	0.00705817
1.01804	0.372901	0.00294374
1.02196	0.374831	0.0145930
1.02589	0.440061	0.00807522
1.02984	0.455741	0.0224416
1.03379	0.445914	0.0199045
1.03776	0.509355	0.0162079
1.04174	0.531021	0.0255377
1.04573	0.546694	0.0156641
1.04973	0.577520	0.0241948
1.05374	0.604603	0.0273106
1.05777	0.631287	0.0157151
1.06180	0.660198	0.0217088
1.06585	0.661210	0.00559660
1.06991	0.705204	0.0132744
1.07397	0.714415	0.0315854
1.07805	0.730137	0.0247728
1.08214	0.724483	0.0241522
1.08623	0.690452	0.0220374
1.09034	0.627376	0.0194121
1.09445	0.475511	0.0123506
1.09858	0.336435	0.0279854
1.10271	0.272245	0.00914076
1.10685	0.176380	0.00835752
1.11100	0.142183	0.00205420
1.11515	0.0886090	0.0103451
1.11932	0.0652710	0.0130399
1.12349	0.0870314	0.0117051
1.12767	0.0952908	0.00375734
1.13186	0.0942617	0.0113154
1.13605	0.0895829	0.00910584
1.14025	0.0961723	0.00252166
1.14446	0.0839828	0.00499862
1.14867	0.0666352	0.0149227
1.15289	0.0538248	0.00548468
1.15712	0.0540881	0.00713935
1.16135	0.0617972	0.00723274
1.16559	0.0551384	0.00565621
1.16983	0.0725710	0.0174453
1.17408	0.0819987	0.00906777
1.17833	0.106642	0.00529088
1.18259	0.123736	0.00362610
1.18686	0.159246	0.00485531
1.19112	0.188700	0.0134169
1.19539	0.217730	0.0130084
1.19967	0.275784	0.00644424
1.20395	0.332535	0.0260503
1.20823	0.405678	0.0134379
1.21252	0.416647	0.0139957
1.21681	0.461829	0.0230136
1.22110	0.524625	0.0101567
1.22540	0.583385	0.0202648
1.22969	0.666562	0.0257262
1.23399	0.724001	0.0195922
1.23830	0.745983	0.00928600
1.24260	0.819877	0.0139205
1.24691	0.891126	0.0340993
1.25122	0.922112	0.0149513
1.25553	0.997770	0.0161735
1.25984	1.05313	0.0251530
1.26416	1.10843	0.0227045
1.26847	1.09737	0.0234848
1.27279	1.09623	0.0346097
1.27710	1.09649	0.0205507
1.28142	0.948912	0.0119086
1.28574	0.932570	0.0260005
1.29006	0.855855	0.0302975
1.29437	0.803214	0.0129375
1.29869	0.741849	0.0270941
1.30301	0.638786	0.0310301
1.30733	0.578240	0.0180715
1.31165	0.516751	0.0129375
1.31596	0.479400	0.00812561
1.32028	0.412903	0.0221748
1.32459	0.310070	0.0132055
1.32891	0.223790	0.0109972
1.33322	0.131706	0.0106405
1.33753	0.0488556	0.00282773
1.34184	0.0204212	0.00797970
1.34615	0.0191812	0.00247428
1.35045	-7.36192e-05	0.00000
1.35476	0.00732297	0.00163880
1.35906	-0.00642808	0.00000
1.36336	0.00625220	0.0173228
1.36766	0.00475092	0.0106498
1.37195	0.0178749	0.0165010
1.37625	-0.0273321	0.00000
1.38054	-0.0140636	0.00000
1.38483	0.00698211	0.0142830
1.38911	-0.00264948	0.00000
1.39339	0.0126118	0.0152119
1.39767	0.00279563	0.0117975
1.40195	-0.00652105	0.00000
1.40622	-0.0230656	0.00000
1.41049	0.00531155	0.0125834
1.41475	-0.0195014	0.00000
1.41901	-0.00130063	0.00000
1.42327	-0.00418843	0.00000
1.42752	0.00547846	0.00522524
1.43177	0.00301259	0.00582821
1.43602	0.0168247	0.00660643
1.44026	-0.00249842	0.00000
1.44450	0.0299720	0.00525897
1.44873	0.0383839	0.00617014
1.45296	0.0341704	0.00642725
1.45718	0.0555959	0.00500400
1.46140	0.0464704	0.0219939
1.46562	0.0424303	0.0133789
1.46983	0.0514856	0.0134076
1.47403	0.0431908	0.0155793
1.47823	0.0387216	0.00968357
1.48243	0.0695663	0.00298134
1.48662	0.0491793	0.0221195
1.49080	0.0620278	0.0119895
1.49498	0.0643139	0.00981230
1.49916	0.0884246	0.0142690
1.50333	0.119424	0.00534189
1.50749	0.102440	0.0221099
1.51165	0.128361	0.0188502
1.51580	0.143111	0.00874110
1.51995	0.127174	0.0228377
1.52409	0.165315	0.0161666
1.52823	0.211141	0.00958928
1.53236	0.215449	0.0137594
1.53648	0.234046	0.0162900
1.54060	0.288053	0.0205554
1.54471	0.319063	0.0137969
1.54882	0.310831	0.0276228
1.55292	0.341338	0.0260470
1.55702	0.360184	0.0121947
1.56111	0.388938	0.0295287
1.56519	0.407858	0.0211434
1.56926	0.476962	0.0120687
1.57334	0.490228	0.0134461
1.57740	0.498266	0.0241809
1.58146	0.513831	0.0141854
1.58551	0.521122	0.0234356
1.58955	0.497420	0.0216757
1.59359	0.472114	0.0304912
1.59763	0.416582	0.0212928
1.60165	0.358420	0.0249187
1.60567	0.303603	0.00666624
1.60969	0.195987	0.0205573
1.61369	0.170420	0.0237261
1.61770	0.108528	0.00418424
1.62169	0.0987145	0.00727789
1.62568	0.0942436	0.0108842
1.62966	0.0839901	0.0262308
1.63363	0.0597554	0.000928857
1.63760	0.0520046	0.00653832
1.64156	0.0806007	0.00492886
1.64552	0.0451583	0.0173608
1.64947	0.0657775	0.00834265
1.65341	0.0983296	0.0107441
1.65735	0.0850802	0.00360563
1.66127	0.0927484	0.00952687
1.66520	0.0655986	0.0116574
1.66911	0.0530523	0.00363948
1.67302	0.0200965	0.0145062
1.67692	0.0492084	0.00569576
1.68082	0.0666351	0.0132148
1.68471	0.0648317	0.00556209
1.68859	0.0781057	0.00761153
1.69247	0.0785219	0.0116760
1.69634	0.0759874	0.0210237
1.70020	0.0630865	0.00398366
1.70406	0.0375369	0.0194436
1.70791	0.0544328	0.00299770
1.71175	0.0466006	0.00389866
1.71559	0.0600073	0.0154703
1.71942	0.0811965	0.00830322
1.72325	0.0624121	0.0108096
1.72707	0.0692080	0.00818240
1.73088	0.0623462	0.0110304
1.73468	0.0573696	0.00692935
1.73848	0.0406131	0.0100447
1.74227	0.0218663	0.00847776
1.74606	0.0471686	0.00372527
1.74984	0.0622068	0.00910171
1.75361	0.0612048	0.00975162
1.75738	0.0427848	0.0109918
1.76114	0.0361609	0.0221196
1.76489	0.0368100	0.0123783
1.76864	0.0591902	0.00516530
1.77238	0.0280245	0.00800731
1.77612	0.0184961	0.00997163
1.77985	0.0215758	0.0138360
1.78357	0.0189652	0.00797867
1.78729	0.0340577	0.0154778
1.79100	0.0189710	0.00561567
1.79470	0.0242902	0.00541426
1.79840	0.0330264	0.00182832
1.80209	0.0189088	0.0163000
1.80578	0.0250474	0.0195681
1.80946	0.0107124	0.0130594
1.81314	0.00946092	0.00226890
1.81680	0.0176117	0.00880460
1.82047	0.0268835	0.0121904
1.82412	0.0379812	0.0153019
1.82777	0.0158675	0.00621484
1.83142	0.0264423	0.0136691
1.83506	0.0305567	0.0210366
1.83869	0.0193987	0.00981346
1.84232	0.0222540	0.0143952
1.84594	0.0376364	0.0380633
1.84956	0.0155975	0.0221830
1.85317	-0.0200506	0.00000
1.85677	0.0243844	0.0183381
1.86037	0.0308989	0.0145587
1.86397	-0.00125624	0.00000
1.86755	0.00406734	0.00379679
1.87114	0.0405872	0.0478085
1.87471	0.00135823	0.0421455
1.87829	-0.0135679	0.00000
1.88185	0.00757101	0.00646250
1.88541	0.0228629	0.00488322
1.88897	0.0378852	0.0164976
1.89252	0.0308290	0.00825489
1.89606	0.0199233	0.00865627
1.89960	0.0522198	0.00629650
1.90314	0.0199209	0.00637266
1.90667	0.0258674	0.0127446
1.91019	0.0362504	0.0150393
1.91371	0.0453233	0.00700037
1.91722	0.0402816	0.00598868
1.92073	0.0522927	0.00846961
1.92423	0.0413741	0.0204895
1.92773	0.0419676	0.00603554
1.93122	0.00909596	0.0158791
1.93471	0.0256063	0.00400309
1.93819	0.0231751	0.00934113
1.94167	0.0160105	0.00213044
1.94514	0.0263145	0.00377073
1.94861	0.00890083	0.0130410
1.95207	0.0186926	0.00995627
1.95553	0.00962140	0.00518489
1.95898	0.0255372	0.0134998
1.96243	0.0289756	0.00743300
1.96587	0.00495739	0.00656222
1.96931	0.0241795	0.00148789
1.97275	0.0378897	0.00698591
1.97618	0.0341402	0.00513945
1.97960	0.0402516	0.00618280
1.98302	0.0367594	0.00517308
1.98643	0.0451222	0.00405105
1.98984	0.0366189	0.00314401
1.99325	0.0517063	0.00239790
1.99665	0.0410613	0.00907009
2.00004	0.0679056	0.0285422
2.00343	0.0271656	0.00487456
2.00682	0.0402035	0.00706137
2.01020	0.0661620	0.00883812
2.01358	0.0677285	0.00882177
2.01695	0.0678713	0.00723443
2.02032	0.0665187	0.0143656
2.02368	0.0878683	0.0103125
2.02704	0.0691077	0.00525550
2.03039	0.0808953	0.00604468
2.03374	0.0902016	0.00391323
2.03709	0.0775394	0.0131028
2.04043	0.0833510	0.00805596
2.04377	0.106553	0.0125964
2.04710	0.0929390	0.00480290
2.05042	0.102872	0.0109252
2.05375	0.0896695	0.00809935
2.05706	0.118743	0.00519355
2.06038	0.0927172	0.00330866
2.06368	0.124685	0.00293800
2.06699	0.123021	0.00596809
2.07029	0.117456	0.00766002
2.07358	0.134920	0.00460739
2.07687	0.117669	0.00582622
2.08016	0.120650	0.0117692
2.08344	0.112159	0.00863608
2.08672	0.116447	0.00498453
2.08999	0.120310	0.00646280
2.09326	0.111791	0.00777966
2.09652	0.125273	0.00236025
2.09978	0.107740	0.00361979
2.10304	0.111283	0.00644086
2.10629	0.119519	0.00704492
2.10953	0.111383	0.00856796
2.11277	0.106197	0.00928202
2.11601	0.0969525	0.00857774
2.11924	0.0921187	0.00463934
2.12247	0.0857990	0.00994291
2.12569	0.0916515	0.00633771
2.12891	0.0904074	0.00439114
2.13212	0.0934435	0.00515843
2.13533	0.0828522	0.00761306
2.13853	0.0867227	0.00476690
2.14173	0.0828501	0.00377022
2.14493	0.0756726	0.00650539
2.14812	0.0684262	0.0106527
2.15130	0.0661187	0.00749461
2.15448	0.0538787	0.00697344
2.15766	0.0593876	0.00113012
2.16083	0.0520940	0.00538902
2.16400	0.0583195	0.00422201
2.16716	0.0533417	0.00496313
2.17031	0.0582824	0.00481581
2.17347	0.0476062	0.00275339
2.17661	0.0325092	0.00423966
2.17976	0.0438348	0.00469110
2.18289	0.0417972	0.0147372
2.18603	0.0388275	0.0105971
2.18915	0.0386194	0.00727674
2.19228	0.0215034	0.00856646
2.19540	0.0187984	0.00469417
2.19851	0.0210897	0.00699814
2.20162	0.00708914	0.00253329
2.20472	-0.00807659	0.00000
2.20782	-0.00275393	0.00000
2.21091	0.0152343	0.00393224
2.21400	0.0188331	0.0245752
2.21709	0.0159009	0.00581038
2.22017	0.0179634	0.00966770
2.22324	0.0150382	0.00473047
2.22631	0.0141714	0.00675947
2.22937	0.00998167	0.0197792
2.23243	0.0139566	0.00531270
2.23548	0.0148810	0.00160312
2.23853	0.0118415	0.00616727
2.24158	0.00512310	0.00262138
2.24461	0.00411476	0.00289135
2.24765	0.00967222	0.00708961
2.25068	0.00923803	0.0104676
2.25370	-0.00159407	0.00000
2.25672	-0.00580550	0.00000
2.25973	0.0102584	0.00297762
2.26274	0.00125176	0.00192481
2.26574	-0.00383114	0.00000
2.26874	0.00635987	0.00612792
2.27173	0.00954968	0.00763108
2.27471	0.00797361	0.00596885
2.27770	-0.0135205	0.00000
2.28067	0.00708815	0.00384196
2.28364	0.0132714	0.00562283
2.28661	0.00522457	0.00735445
2.28957	-0.0120801	0.00000
2.29252	0.0136679	0.00171723
2.29547	-0.00346008	0.00000
2.29842	0.00282004	0.00252826
2.30136	0.00273229	0.00468091
2.30429	0.00611259	0.00979858
2.30722	0.0152802	0.00261907
2.31015	0.00270938	0.0107172
2.31307	-0.00191781	0.00000
2.31598	0.00271968	0.0138002
2.31889	0.00599927	0.0167689
2.32179	0.0158069	0.0132149
2.32469	0.00491813	0.00425952
2.32759	-0.00611003	0.00000
2.33048	0.00815055	0.0104179
2.33336	0.00820620	0.00773470
2.33624	-0.00526049	0.00000
2.33911	-0.00375575	0.00000
2.34198	-0.0103669	0.00000
2.34485	0.00788810	0.00352653
2.34771	0.0162871	0.0149766
2.35056	0.00327636	0.00644930
2.35341	0.00141667	0.00708256
2.35626	0.00732188	0.00791284
2.35910	0.0101333	0.0124148
2.36194	0.00887367	0.00339423
2.36477	0.00931258	0.00775047
2.36760	-0.0107087	0.00000
2.37042	0.00652433	0.00349918
2.37324	-0.00157890	0.00000
2.37605	0.0102997	0.0115007
2.37886	0.00798130	0.00370858
2.38167	-0.000657222	0.00000
2.38447	-0.00470345	0.00000
2.38727	2.56657e-05	0.0198123
2.39006	-0.00546552	0.00000
2.39286	-0.00706551	0.00000
2.39564	0.0170884	0.00695877
2.39843	0.0149274	0.0121197
2.40121	0.00559882	0.00556266
2.40399	0.00748231	0.00699184
2.40676	0.0138707	0.00885782
2.40953	-0.0127625	0.00000
2.41230	-0.00216100	0.00000
2.41506	-0.00899446	0.00000
2.41783	0.00742773	0.00283081
2.42059	0.0141129	0.0110532
2.42335	0.0136571	0.0159546
2.42610	0.0227398	0.0103269
2.42886	0.00824777	0.00723844
2.43161	0.0190701	0.0149530
2.43436	-0.00120824	0.00000
2.43711	-0.0273154	0.00000
2.43985	0.0246740	0.0157379
2.44260	0.000434179	0.0179282
2.44535	-0.00500822	0.00000
2.44809	0.0219810	0.0151911
2.45083	-0.00992974	0.00000
2.45358	0.00963347	0.00726796
2.45632	-0.00206506	0.00000
2.45907	-0.0191346	0.00000
2.46181	0.0229141	0.0198408
2.46455	0.00744300	0.00529917
2.46730	0.0167543	0.0268561
2.47005	-0.0207767	0.00000
2.47279	0.0111576	0.0139108
2.47554	0.0329871	0.0233202
2.47830	-0.00286798	0.00000
2.48105	0.0238287	0.00636983
2.48381	0.0124157	0.00854287
2.48656	0.0250555	0.0443793
2.48933	0.0153457	0.0194678
2.49209	0.0204900	0.0240975
2.49486	-0.00725203	0.00000
2.49764	0.00393471	0.0525629
2.50041	0.0100086	0.0200147
2.50320	0.0168074	0.00651921
2.50598	0.0453798	0.0334176
2.50878	0.0153879	0.0166469
2.51158	-0.0117090	0.00000
2.51438	0.0158704	0.0202341
2.51719	-0.0866956	0.00000
2.52001	0.00988656	0.0668255
2.52284	0.00190554	0.0295878
2.52568	-0.0461427	0.00000
2.52852	0.0597837	0.0841388
2.53137	0.0313721	0.0859462
2.53423	-0.0226847	0.00000
2.53710	0.0843098	0.114496
2.53999	0.0597655	0.0531797
2.54288	0.0993420	0.0663608
2.54578	-0.0303860	0.00000
2.54870	-0.0208181	0.00000
2.55163	0.140147	0.127103
2.55457	-0.0656263	0.00000
2.55752	-0.0944015	0.00000
2.56049	0.0365831	0.0638150
