#  ----------------------------------------------------------------------------------
# SpeX prism spectrum of 2MASSI J0908380+503208 (J09083803+5032088)
# Originally observed on 2004 Nov 08
# Average resolution = 120
# Originally published in Siegler et al. (2007) AJ, 133, 2320
#
# PLEASE CITE THE ORIGINAL DATA REFERENCE WHEN PUBLISHING OR PRESENTING THESE DATA
#
# Optical spectral type: L5
# Near infrared spectral type: L9+/-1
# J magnitude = 14.549
# H magnitude = 13.477
# Ks magnitude = 12.945
#
#  Wavelength (micron)   F_lambda (normalized)  Noise (normalized as F_lambda)
#  ----------------------------------------------------------------------------------
0.648262	0.272715	0.299522
0.650491	-0.0343142	0.100044
0.652709	0.270359	0.182111
0.654916	0.167402	0.124580
0.657112	0.378910	0.310516
0.659299	0.135542	0.0776580
0.661479	0.360200	0.214523
0.663651	-0.149121	0.0938222
0.665817	0.215271	0.101769
0.667978	0.127589	0.252691
0.670134	0.136364	0.0502571
0.672287	0.0564509	0.0757233
0.674437	-0.0187822	0.0901619
0.676585	0.108215	0.190959
0.678732	0.0220221	0.104577
0.680879	0.0380719	0.0421828
0.683026	0.0399798	0.112629
0.685175	0.100689	0.127882
0.687325	0.0229905	0.122582
0.689478	0.0456916	0.0880707
0.691634	0.121192	0.134937
0.693795	0.0361429	0.0694355
0.695960	0.0298575	0.0626291
0.698130	0.00379217	0.0366320
0.700306	0.0507107	0.0315967
0.702489	0.0725305	0.156167
0.704679	0.0810658	0.0410528
0.706876	0.137718	0.0402858
0.709082	0.0482027	0.0407032
0.711297	0.0899020	0.00812395
0.713520	0.0860016	0.0867381
0.715754	0.0848685	0.0758398
0.717998	0.0312300	0.106118
0.720252	0.0960122	0.0690453
0.722518	0.0191919	0.0508054
0.724796	0.0717514	0.0621866
0.727085	0.0690834	0.0831595
0.729387	0.0291712	0.0763543
0.731702	0.111584	0.0146446
0.734031	0.0379170	0.0409062
0.736373	0.0467544	0.0404292
0.738729	0.0953121	0.0152138
0.741099	0.0534556	0.0307680
0.743484	-0.0284174	0.0343871
0.745884	0.0449534	0.0246016
0.748300	0.0246420	0.0154579
0.750731	0.00824889	0.00829164
0.753178	-0.0109245	0.00758695
0.755642	0.0311571	0.0296498
0.758122	-0.0111685	0.0190283
0.760618	-0.0614046	0.0454759
0.763132	0.0292078	0.0346448
0.765663	0.0160787	0.0405645
0.768211	-0.0104439	0.0273677
0.770777	-0.00464392	0.0336871
0.773360	-0.0251551	0.0122256
0.775962	-0.00237694	0.0229829
0.778581	0.0255774	0.0289428
0.781219	0.0494077	0.0398184
0.783876	0.0133936	0.0232928
0.786551	0.0693851	0.0217260
0.789245	0.0313302	0.0130408
0.791958	0.0392211	0.0150330
0.794690	0.0296511	0.0154014
0.797441	0.0461977	0.0244298
0.800211	0.0455042	0.0139123
0.803000	0.0787657	0.0109515
0.805809	0.0564889	0.0339300
0.808637	0.0871246	0.0190441
0.811485	0.123126	0.0114555
0.814352	0.136051	0.0127062
0.817239	0.165925	0.0154044
0.820145	0.131038	0.00898309
0.823072	0.163800	0.0200931
0.826017	0.129664	0.0198417
0.828983	0.182129	0.0223371
0.831968	0.192155	0.0290254
0.834973	0.189073	0.0246375
0.837998	0.196639	0.0213597
0.841042	0.201417	0.0288515
0.844106	0.229430	0.0277479
0.847190	0.220590	0.0114842
0.850294	0.210677	0.0222495
0.853417	0.225905	0.0134282
0.856559	0.243444	0.0203472
0.859721	0.230757	0.0148868
0.862902	0.241695	0.0174246
0.866103	0.188678	0.00816145
0.869323	0.193478	0.0114494
0.872562	0.230425	0.0156998
0.875821	0.224948	0.00985587
0.879098	0.244540	0.0125824
0.882395	0.278061	0.0119045
0.885710	0.270462	0.0119848
0.889044	0.295905	0.0186179
0.892397	0.291857	0.0100476
0.895768	0.299823	0.0158956
0.899158	0.327291	0.0210867
0.902566	0.324170	0.0172094
0.905992	0.371420	0.0221383
0.909437	0.385284	0.0113469
0.912899	0.398145	0.0136587
0.916379	0.414301	0.0212872
0.919877	0.416833	0.0241131
0.923393	0.431086	0.0179557
0.926926	0.424479	0.0189582
0.930476	0.441522	0.0180769
0.934043	0.424684	0.0131212
0.937627	0.493942	0.0221688
0.941228	0.490716	0.0141140
0.944846	0.513695	0.0198690
0.948480	0.502919	0.0169327
0.952130	0.517965	0.0199297
0.955797	0.543658	0.0151034
0.959479	0.514794	0.0194673
0.963178	0.530514	0.0162675
0.966892	0.553579	0.0214578
0.970621	0.576480	0.0163772
0.974366	0.585251	0.0205861
0.978125	0.589085	0.0219072
0.981900	0.633275	0.0211312
0.985689	0.585556	0.0233145
0.989493	0.546050	0.0134426
0.993311	0.526772	0.0223455
0.997144	0.479266	0.0168902
1.00099	0.503050	0.0190552
1.00485	0.525201	0.0162948
1.00872	0.535428	0.0170516
1.01261	0.565295	0.0186958
1.01651	0.568703	0.0152790
1.02042	0.593855	0.0186847
1.02435	0.605585	0.0219654
1.02829	0.604911	0.0165485
1.03224	0.625635	0.0223533
1.03620	0.652973	0.0221782
1.04018	0.661809	0.0161635
1.04416	0.690338	0.0202158
1.04816	0.696980	0.0212405
1.05217	0.709104	0.0181914
1.05619	0.709257	0.0209552
1.06022	0.719353	0.0214046
1.06426	0.739028	0.0250955
1.06831	0.745474	0.0158259
1.07238	0.750396	0.0205669
1.07645	0.770028	0.0158108
1.08053	0.774460	0.0184761
1.08462	0.803872	0.0229412
1.08873	0.783394	0.0182236
1.09284	0.781717	0.0211416
1.09696	0.770200	0.0205560
1.10109	0.788664	0.0231898
1.10522	0.752890	0.0216303
1.10937	0.755311	0.0213474
1.11352	0.739227	0.0225334
1.11768	0.754369	0.0218558
1.12185	0.769731	0.0226313
1.12603	0.761407	0.0177664
1.13021	0.744443	0.0157145
1.13441	0.735972	0.0136419
1.13860	0.719574	0.0170519
1.14281	0.727624	0.0149246
1.14702	0.766943	0.0166942
1.15124	0.796138	0.0138331
1.15546	0.793377	0.0143068
1.15969	0.778997	0.0146935
1.16393	0.749816	0.0140796
1.16817	0.723136	0.0135856
1.17241	0.697794	0.0113999
1.17667	0.712563	0.0107115
1.18092	0.762025	0.0108273
1.18518	0.783065	0.00960583
1.18945	0.817722	0.0124192
1.19372	0.828475	0.0121398
1.19799	0.790229	0.0147005
1.20227	0.815336	0.0136189
1.20655	0.823510	0.0141447
1.21084	0.854875	0.0117198
1.21512	0.883353	0.0134995
1.21942	0.886608	0.0133934
1.22371	0.914770	0.0143601
1.22801	0.920354	0.0123764
1.23231	0.917576	0.0172950
1.23661	0.902033	0.0114483
1.24091	0.896726	0.0133345
1.24522	0.886069	0.00755203
1.24953	0.883947	0.0100030
1.25384	0.920413	0.0118995
1.25815	0.943617	0.00916919
1.26247	0.992035	0.00866361
1.26678	1.00553	0.0125878
1.27109	1.01451	0.0165576
1.27541	1.02040	0.0127290
1.27973	1.01015	0.00829323
1.28405	1.00431	0.0128013
1.28836	0.996652	0.00937962
1.29268	1.00001	0.0144419
1.29700	0.990800	0.0145108
1.30132	0.982367	0.00958729
1.30564	0.983230	0.00757101
1.30995	0.980719	0.00858117
1.31427	0.985974	0.00977587
1.31859	0.986845	0.00945477
1.32290	0.961711	0.00990087
1.32721	0.881794	0.0131751
1.33153	0.754175	0.0124605
1.33584	0.620400	0.0105392
1.34015	0.509571	0.00965683
1.34446	0.446874	0.00662415
1.34877	0.437532	0.0137223
1.35307	0.438564	0.00877600
1.35737	0.448217	0.00962760
1.36167	0.450755	0.00861748
1.36597	0.441944	0.00775357
1.37027	0.445221	0.0124028
1.37456	0.471565	0.0140326
1.37886	0.473732	0.00615822
1.38314	0.523141	0.0142210
1.38743	0.496942	0.0164654
1.39171	0.464011	0.00895358
1.39599	0.453403	0.00815225
1.40027	0.423754	0.0113267
1.40454	0.429231	0.00655596
1.40881	0.436688	0.00934605
1.41308	0.421089	0.0107792
1.41734	0.408728	0.00736408
1.42160	0.402356	0.00630922
1.42586	0.405461	0.00665971
1.43011	0.397606	0.00673473
1.43435	0.405824	0.00771506
1.43860	0.414006	0.00354504
1.44284	0.422453	0.00599084
1.44707	0.434746	0.00631929
1.45130	0.445200	0.00709886
1.45553	0.478297	0.00698756
1.45975	0.492965	0.00740529
1.46397	0.503234	0.00420749
1.46818	0.496557	0.00507372
1.47238	0.506585	0.00797508
1.47659	0.527628	0.00295470
1.48078	0.536780	0.00539457
1.48498	0.545282	0.00860630
1.48916	0.548135	0.00542961
1.49334	0.564044	0.00575182
1.49752	0.581494	0.00476096
1.50169	0.590502	0.00877796
1.50586	0.602468	0.00589167
1.51002	0.620068	0.00453655
1.51417	0.648241	0.00343683
1.51832	0.658396	0.00658898
1.52247	0.669999	0.00420581
1.52661	0.686811	0.00486904
1.53074	0.704934	0.00397672
1.53487	0.718923	0.00793244
1.53899	0.722698	0.00985470
1.54310	0.743149	0.00693328
1.54721	0.761708	0.00443541
1.55131	0.778712	0.0117713
1.55541	0.784427	0.00655389
1.55950	0.795602	0.00285573
1.56359	0.794381	0.00684503
1.56767	0.811819	0.00277774
1.57174	0.813896	0.00525554
1.57581	0.826556	0.00214472
1.57987	0.829415	0.00426224
1.58392	0.821679	0.00694752
1.58797	0.807131	0.00379082
1.59201	0.823705	0.0115053
1.59605	0.843835	0.00896679
1.60007	0.853257	0.00679952
1.60410	0.847272	0.00479311
1.60811	0.841840	0.00515030
1.61212	0.831124	0.00648211
1.61613	0.832521	0.00839302
1.62012	0.855698	0.00434767
1.62411	0.846983	0.00566708
1.62810	0.838899	0.00559030
1.63208	0.839124	0.00701212
1.63605	0.834083	0.00483227
1.64001	0.852407	0.00588751
1.64397	0.852159	0.00471442
1.64792	0.871295	0.00200523
1.65186	0.864507	0.00986982
1.65580	0.856194	0.00513365
1.65973	0.844763	0.00341315
1.66366	0.846510	0.00799997
1.66758	0.844974	0.00592596
1.67149	0.825270	0.0112950
1.67539	0.839419	0.00826153
1.67929	0.841963	0.00651367
1.68319	0.845572	0.00968317
1.68707	0.854449	0.00765292
1.69095	0.844644	0.00658386
1.69482	0.828744	0.00656108
1.69869	0.806281	0.00581658
1.70255	0.820203	0.00883472
1.70640	0.788341	0.00855034
1.71025	0.794182	0.00624453
1.71409	0.764534	0.00388592
1.71792	0.766685	0.00509463
1.72175	0.746510	0.00474510
1.72557	0.734315	0.00432442
1.72938	0.708307	0.00347685
1.73319	0.697976	0.00446862
1.73699	0.671089	0.00545270
1.74079	0.674047	0.00580935
1.74457	0.638379	0.00387928
1.74836	0.623065	0.00631682
1.75213	0.594173	0.00632601
1.75590	0.580964	0.00571937
1.75966	0.562694	0.00418338
1.76342	0.538031	0.00361695
1.76717	0.537994	0.00458379
1.77092	0.511167	0.00432676
1.77465	0.492676	0.00471827
1.77839	0.487381	0.00430212
1.78211	0.462436	0.00267230
1.78583	0.461191	0.00395480
1.78954	0.453029	0.00632077
1.79325	0.440193	0.00480794
1.79695	0.439130	0.00664899
1.80065	0.448945	0.00651293
1.80434	0.439441	0.0100898
1.80802	0.432618	0.00786471
1.81170	0.454421	0.00579749
1.81537	0.441987	0.00592753
1.81903	0.468781	0.00839779
1.82269	0.476407	0.00722886
1.82634	0.483338	0.00485894
1.82999	0.491699	0.0126619
1.83363	0.460363	0.0144164
1.83727	0.416753	0.0109041
1.84090	0.396687	0.00738586
1.84452	0.375127	0.00764069
1.84814	0.410821	0.0111802
1.85175	0.417464	0.0177136
1.85536	0.368163	0.00789613
1.85896	0.379099	0.00588640
1.86256	0.366873	0.00417797
1.86615	0.325229	0.0160928
1.86973	0.391015	0.0252835
1.87331	0.400244	0.0133089
1.87689	0.407724	0.0239718
1.88045	0.384248	0.0124545
1.88402	0.397547	0.00385284
1.88757	0.424577	0.0110192
1.89113	0.421746	0.00380196
1.89467	0.455681	0.00642955
1.89822	0.435818	0.0130593
1.90175	0.469797	0.0117549
1.90528	0.473632	0.0139621
1.90881	0.494775	0.0153937
1.91233	0.485964	0.00949873
1.91584	0.485077	0.00743563
1.91935	0.487137	0.00460660
1.92286	0.467096	0.0112581
1.92636	0.447714	0.0108165
1.92985	0.434564	0.0106428
1.93334	0.415866	0.00578582
1.93683	0.387881	0.00701702
1.94031	0.372647	0.0108655
1.94378	0.372669	0.00262054
1.94725	0.374371	0.00223406
1.95072	0.384764	0.00560201
1.95417	0.370459	0.00472042
1.95763	0.360847	0.00702500
1.96108	0.355538	0.00494912
1.96452	0.355085	0.00572216
1.96796	0.361799	0.00269452
1.97140	0.365152	0.0136885
1.97483	0.362828	0.00490306
1.97826	0.361810	0.00389936
1.98168	0.367018	0.00619110
1.98509	0.366203	0.00598292
1.98851	0.366699	0.00470967
1.99191	0.382030	0.00360280
1.99531	0.384377	0.00668453
1.99871	0.419684	0.0129320
2.00210	0.413062	0.00683415
2.00549	0.423371	0.00228996
2.00888	0.411868	0.00811375
2.01225	0.407335	0.00644288
2.01563	0.421816	0.00325343
2.01900	0.439646	0.00683534
2.02236	0.437530	0.00408105
2.02572	0.448785	0.00443855
2.02908	0.434400	0.00387627
2.03243	0.434830	0.00481355
2.03578	0.455665	0.00721030
2.03912	0.464099	0.00623736
2.04246	0.461789	0.00674256
2.04579	0.479481	0.00874814
2.04912	0.470705	0.00426691
2.05244	0.488157	0.00644102
2.05576	0.496064	0.00462264
2.05908	0.503036	0.00412392
2.06239	0.491416	0.00486249
2.06569	0.499785	0.00589447
2.06899	0.506538	0.00518854
2.07229	0.499154	0.00287878
2.07558	0.499287	0.00460955
2.07887	0.497796	0.00434576
2.08215	0.508312	0.00604252
2.08543	0.503429	0.00482107
2.08871	0.508099	0.00875541
2.09198	0.514977	0.00302354
2.09524	0.511597	0.00674602
2.09850	0.516572	0.00381716
2.10176	0.517445	0.00732410
2.10501	0.520740	0.00268688
2.10826	0.520847	0.00594572
2.11150	0.523018	0.00671810
2.11474	0.520456	0.00717024
2.11797	0.519917	0.00588440
2.12120	0.523051	0.00491068
2.12442	0.523602	0.00658726
2.12764	0.520550	0.00517244
2.13086	0.520564	0.00378890
2.13407	0.524765	0.00513932
2.13728	0.514807	0.00207281
2.14048	0.522408	0.00726042
2.14367	0.524046	0.00864202
2.14686	0.525795	0.00625873
2.15005	0.512142	0.00702955
2.15323	0.512050	0.00691993
2.15641	0.508758	0.00522692
2.15959	0.496131	0.00622979
2.16275	0.497438	0.00728873
2.16592	0.515102	0.00342356
2.16908	0.509365	0.00241363
2.17223	0.504975	0.00753972
2.17538	0.505278	0.00421834
2.17852	0.503982	0.00362578
2.18166	0.492967	0.00692057
2.18480	0.488919	0.00288814
2.18793	0.495148	0.00403896
2.19105	0.483526	0.00687145
2.19417	0.491469	0.00547506
2.19729	0.479938	0.00563701
2.20040	0.481917	0.00627714
2.20351	0.475975	0.00719437
2.20661	0.476835	0.00376553
2.20970	0.469474	0.00711402
2.21279	0.472657	0.00518016
2.21588	0.464499	0.00525361
2.21896	0.467313	0.00638221
2.22203	0.459298	0.00329471
2.22511	0.459392	0.00494814
2.22817	0.460814	0.00432004
2.23123	0.457283	0.00312909
2.23429	0.453703	0.00697933
2.23734	0.453569	0.00642900
2.24038	0.449883	0.00629285
2.24342	0.447283	0.00560082
2.24646	0.446890	0.00506800
2.24949	0.442159	0.00661372
2.25251	0.446753	0.00613600
2.25553	0.442984	0.00369243
2.25855	0.443545	0.00474209
2.26156	0.438316	0.00509666
2.26456	0.434247	0.00480649
2.26756	0.430085	0.00333546
2.27055	0.434390	0.00354418
2.27354	0.430853	0.00379428
2.27653	0.425445	0.00718677
2.27950	0.429665	0.00399634
2.28248	0.428557	0.00505555
2.28545	0.424563	0.00409058
2.28841	0.423692	0.00657878
2.29137	0.408832	0.00621709
2.29432	0.381176	0.00279498
2.29727	0.365126	0.00345402
2.30021	0.350794	0.00718024
2.30314	0.345680	0.00515155
2.30608	0.342849	0.00439146
2.30900	0.342495	0.00428944
2.31192	0.343017	0.00355890
2.31484	0.345920	0.00560697
2.31775	0.341997	0.00519567
2.32066	0.341551	0.00209351
2.32356	0.327623	0.00230055
2.32645	0.329325	0.00487576
2.32934	0.327187	0.00501373
2.33223	0.329327	0.00375555
2.33511	0.342227	0.00332381
2.33799	0.328139	0.00383951
2.34086	0.332189	0.00280645
2.34372	0.335613	0.00686879
2.34659	0.342284	0.00325571
2.34944	0.348079	0.00242627
2.35230	0.340367	0.00519610
2.35514	0.336541	0.00316596
2.35799	0.328297	0.00318541
2.36082	0.334294	0.00618460
2.36366	0.332940	0.00485202
2.36649	0.331007	0.00311876
2.36931	0.319254	0.00377218
2.37213	0.340818	0.00704530
2.37495	0.336899	0.00603093
2.37776	0.337274	0.00564226
2.38057	0.327383	0.00425337
2.38337	0.327418	0.00606122
2.38617	0.324782	0.00368849
2.38897	0.324479	0.00471663
2.39176	0.332590	0.00477681
2.39455	0.336514	0.00187187
2.39734	0.331291	0.00436938
2.40012	0.328160	0.00459501
2.40290	0.322572	0.00392807
2.40567	0.321732	0.00464068
2.40844	0.318564	0.00318763
2.41121	0.318140	0.00606038
2.41398	0.304845	0.00347685
2.41674	0.297666	0.0114072
2.41951	0.309582	0.00592893
2.42226	0.303235	0.00213454
2.42502	0.305048	0.00619536
2.42778	0.306262	0.00280115
2.43053	0.300017	0.00526090
2.43328	0.290313	0.00507105
2.43603	0.304185	0.00626227
2.43878	0.294426	0.0140167
2.44152	0.298567	0.00441938
2.44427	0.278644	0.00708815
2.44701	0.276197	0.00687979
2.44976	0.257482	0.00604533
2.45250	0.272539	0.00246158
2.45525	0.269763	0.00514463
2.45799	0.262543	0.00912407
2.46073	0.265372	0.00749314
2.46348	0.265106	0.00894372
2.46622	0.267129	0.00480905
2.46897	0.255100	0.00837434
2.47172	0.240074	0.00788765
2.47447	0.237266	0.00214529
2.47722	0.207131	0.00460476
2.47997	0.223656	0.00626586
2.48272	0.232869	0.00783482
2.48548	0.251970	0.0151842
2.48824	0.215938	0.0152337
2.49101	0.210892	0.00756663
2.49378	0.208041	0.0100321
2.49655	0.226835	0.00834159
2.49932	0.219640	0.00645990
2.50210	0.211842	0.0189042
2.50489	0.224682	0.0182148
2.50768	0.223085	0.0191389
2.51048	0.239806	0.00907864
2.51328	0.246229	0.0138858
2.51609	0.229420	0.00639155
2.51891	0.193899	0.0117943
2.52173	0.188037	0.0286616
2.52456	0.166059	0.0184229
2.52740	0.135740	0.0167412
2.53025	0.139610	0.0327973
2.53311	0.270880	0.0442585
2.53598	0.210173	0.0474777
2.53886	0.181545	0.0584458
2.54174	0.298004	0.0622098
2.54464	0.106983	0.0554259
2.54755	0.316680	0.0844076
2.55048	0.424727	0.171928
2.55341	0.364106	0.214759
2.55636	0.342096	0.154530
