#  ----------------------------------------------------------------------------------
# SpeX prism spectrum of SDSS J080531.84+481233.0 (J08053189+4812330)
# Originally observed on 2006 Dec 24
# Average resolution = 120
# Originally published in Burgasser (2007) AJ, 134, 1330
#
# PLEASE CITE THE ORIGINAL DATA REFERENCE WHEN PUBLISHING OR PRESENTING THESE DATA
#
# Optical spectral type: L4
# Near infrared spectral type: L9+/-1.5
# J magnitude = 14.734
# H magnitude = 13.917
# Ks magnitude = 13.444
#
#  Wavelength (micron)   F_lambda (normalized)  Noise (normalized as F_lambda)
#  ----------------------------------------------------------------------------------
0.649086	0.301855	0.147915
0.651311	0.231978	0.131761
0.653524	0.392123	0.118435
0.655727	0.110991	0.104568
0.657920	0.207303	0.0934040
0.660104	0.233089	0.0921315
0.662281	0.267735	0.0929462
0.664451	0.208290	0.0938892
0.666615	0.253711	0.0918004
0.668774	-0.0190132	0.0876708
0.670929	0.623392	0.0895838
0.673081	0.414689	0.0858774
0.675230	0.0996870	0.0813687
0.677377	0.0814845	0.0791086
0.679524	0.179144	0.0782632
0.681671	0.0359934	0.0721436
0.683819	0.115961	0.0748332
0.685968	0.284329	0.0720992
0.688119	0.165626	0.0697155
0.690273	0.0600431	0.0660968
0.692431	0.233206	0.0611693
0.694593	0.222682	0.0613531
0.696760	0.0839742	0.0568959
0.698932	0.173269	0.0537821
0.701111	0.0863651	0.0541614
0.703296	0.344234	0.0505448
0.705489	0.0470113	0.0481741
0.707689	0.222112	0.0454429
0.709898	0.272767	0.0430179
0.712116	0.00401864	0.0428879
0.714343	0.0795456	0.0419213
0.716581	0.163926	0.0397925
0.718828	0.00537661	0.0440040
0.721087	0.0317492	0.0379118
0.723357	0.111081	0.0379770
0.725639	0.206712	0.0354988
0.727933	0.164759	0.0336506
0.730240	0.149686	0.0331999
0.732560	0.100645	0.0322772
0.734893	0.123589	0.0304822
0.737240	0.00835335	0.0297063
0.739601	0.0355106	0.0282437
0.741977	0.0610933	0.0277858
0.744368	0.00772303	0.0265220
0.746774	0.152479	0.0261376
0.749195	0.0750082	0.0242167
0.751632	0.0474184	0.0248376
0.754085	0.0836036	0.0234937
0.756555	0.0350360	0.0250227
0.759041	0.0211708	0.0262820
0.761544	0.0475323	0.0283157
0.764063	0.0100151	0.0290648
0.766601	0.00481490	0.0236873
0.769155	0.0477285	0.0211838
0.771728	0.0206225	0.0203466
0.774318	-0.0353876	0.0191128
0.776926	0.0382377	0.0197492
0.779552	0.0285221	0.0195697
0.782197	0.0714837	0.0192878
0.784861	0.0274377	0.0185138
0.787543	0.127062	0.0182773
0.790244	0.109588	0.0182910
0.792964	0.0559341	0.0191006
0.795702	0.0885548	0.0189080
0.798460	0.0982656	0.0173784
0.801238	0.127987	0.0165839
0.804034	0.195283	0.0165736
0.806850	0.216100	0.0157805
0.809685	0.0777271	0.0193254
0.812540	0.131532	0.0153910
0.815415	0.0906035	0.0153688
0.818309	0.131604	0.0151428
0.821223	0.113632	0.0154367
0.824156	0.160812	0.0149433
0.827109	0.143530	0.0152719
0.830082	0.128631	0.0151640
0.833075	0.171359	0.0146872
0.836087	0.201032	0.0146219
0.839119	0.172286	0.0144786
0.842170	0.170758	0.0138895
0.845242	0.127319	0.0139570
0.848333	0.163272	0.0127396
0.851443	0.193832	0.0127467
0.854573	0.187652	0.0120933
0.857723	0.158532	0.0119003
0.860892	0.135637	0.0117861
0.864081	0.141691	0.0121539
0.867289	0.102893	0.0123036
0.870516	0.145967	0.0115486
0.873762	0.125733	0.0118037
0.877028	0.142249	0.0119075
0.880312	0.144834	0.0119755
0.883615	0.165941	0.0119296
0.886938	0.155582	0.0119660
0.890279	0.191764	0.0117471
0.893638	0.192567	0.0115951
0.897016	0.194539	0.0116492
0.900413	0.226183	0.0107778
0.903828	0.207827	0.0105531
0.907261	0.223416	0.0111559
0.910712	0.241227	0.0101526
0.914181	0.285597	0.0100524
0.917668	0.317525	0.0108968
0.921172	0.307017	0.00958508
0.924694	0.289581	0.0100969
0.928233	0.278530	0.0110525
0.931790	0.312503	0.0122237
0.935363	0.326747	0.0128800
0.938954	0.335961	0.0126727
0.942561	0.385888	0.0123654
0.946185	0.408861	0.0121797
0.949825	0.410288	0.0116500
0.953481	0.400448	0.0108235
0.957154	0.401424	0.0100016
0.960842	0.413803	0.00959111
0.964546	0.441806	0.00954686
0.968266	0.460670	0.00935931
0.972001	0.471056	0.00944243
0.975751	0.508350	0.00957579
0.979516	0.512688	0.00914551
0.983296	0.495838	0.00913968
0.987091	0.459312	0.00900294
0.990900	0.390212	0.00932456
0.994723	0.339096	0.00939863
0.998561	0.339378	0.00927440
1.00241	0.352796	0.00880862
1.00628	0.399672	0.00855078
1.01016	0.420864	0.00848047
1.01405	0.430767	0.00902250
1.01795	0.447442	0.00905341
1.02187	0.437659	0.00921856
1.02580	0.460841	0.00922773
1.02974	0.493638	0.00905420
1.03370	0.503831	0.00928538
1.03767	0.559458	0.00900283
1.04164	0.602558	0.00887628
1.04564	0.624545	0.00866070
1.04964	0.603862	0.00798025
1.05365	0.611230	0.00737256
1.05768	0.634933	0.00703825
1.06171	0.643511	0.00681336
1.06576	0.665302	0.00738616
1.06981	0.674792	0.00792958
1.07388	0.701331	0.00806951
1.07795	0.722725	0.00869626
1.08204	0.757623	0.00849347
1.08614	0.746251	0.00876201
1.09024	0.760690	0.00870837
1.09436	0.717501	0.00829215
1.09848	0.728660	0.00833554
1.10261	0.697880	0.00800372
1.10675	0.658083	0.00750123
1.11090	0.672415	0.00713736
1.11506	0.662098	0.00703960
1.11922	0.688480	0.00698894
1.12339	0.692703	0.00762036
1.12757	0.663448	0.00841262
1.13176	0.653660	0.00846181
1.13595	0.607813	0.00860921
1.14015	0.627270	0.00867168
1.14436	0.652924	0.00828547
1.14858	0.712826	0.00865815
1.15280	0.730751	0.00839040
1.15702	0.718886	0.00809784
1.16125	0.690904	0.00762456
1.16549	0.656245	0.00711346
1.16973	0.623862	0.00636270
1.17398	0.607415	0.00586248
1.17824	0.648581	0.00564727
1.18249	0.681774	0.00539473
1.18676	0.735403	0.00524959
1.19102	0.714283	0.00566921
1.19529	0.684810	0.00635994
1.19957	0.683684	0.00666351
1.20385	0.694474	0.00702980
1.20813	0.743040	0.00718745
1.21242	0.789225	0.00694326
1.21671	0.824934	0.00729821
1.22100	0.860934	0.00710172
1.22530	0.863735	0.00715199
1.22959	0.876087	0.00711465
1.23389	0.835435	0.00671891
1.23820	0.824126	0.00702375
1.24250	0.813528	0.00654993
1.24681	0.786510	0.00625902
1.25112	0.848760	0.00626075
1.25543	0.929559	0.00655587
1.25974	0.953809	0.00721058
1.26406	0.998008	0.00739832
1.26837	1.00935	0.00857503
1.27269	1.03736	0.00896830
1.27700	1.06595	0.00864755
1.28132	1.00224	0.00790172
1.28564	1.01113	0.00769251
1.28996	0.996717	0.00710394
1.29427	0.970939	0.00715637
1.29859	0.984966	0.00695442
1.30291	0.969370	0.00704100
1.30723	0.953969	0.00705311
1.31155	0.977136	0.00675676
1.31586	0.945064	0.00701172
1.32018	0.929177	0.00623106
1.32449	0.855075	0.00573156
1.32881	0.735751	0.00564507
1.33312	0.585008	0.00474773
1.33743	0.468876	0.00455891
1.34174	0.400354	0.00439725
1.34605	0.400400	0.00495694
1.35035	0.352226	0.00570721
1.35466	0.370887	0.00777200
1.35896	0.349999	0.0106699
1.36326	0.348151	0.0130695
1.36756	0.343850	0.0130220
1.37185	0.369609	0.0110031
1.37615	0.336378	0.0105229
1.38044	0.374965	0.0107898
1.38473	0.407617	0.0108430
1.38901	0.405410	0.0105038
1.39329	0.393949	0.0101671
1.39757	0.367903	0.0111022
1.40185	0.317184	0.0117042
1.40612	0.348941	0.0118617
1.41039	0.343709	0.0115444
1.41465	0.338257	0.0107775
1.41891	0.338290	0.00909975
1.42317	0.332047	0.00775402
1.42742	0.313130	0.00679419
1.43167	0.321704	0.00716375
1.43592	0.351599	0.00856983
1.44016	0.319524	0.00783643
1.44440	0.345007	0.00661371
1.44863	0.340867	0.00732112
1.45286	0.379138	0.00789715
1.45709	0.368513	0.00828017
1.46130	0.389024	0.00774950
1.46552	0.393207	0.00787607
1.46973	0.396808	0.00738421
1.47393	0.391364	0.00797313
1.47814	0.413737	0.00803506
1.48233	0.413890	0.00831883
1.48652	0.436123	0.00809864
1.49071	0.442354	0.00712805
1.49489	0.438081	0.00615011
1.49906	0.453124	0.00719891
1.50323	0.453635	0.00831541
1.50739	0.489036	0.00851602
1.51155	0.499509	0.00801792
1.51571	0.523297	0.00635924
1.51985	0.530112	0.00690900
1.52400	0.538713	0.00769355
1.52813	0.576373	0.00827910
1.53226	0.570064	0.00810628
1.53639	0.589708	0.00798783
1.54051	0.597910	0.00985466
1.54462	0.634202	0.00704147
1.54873	0.646943	0.00731676
1.55283	0.663038	0.00706524
1.55692	0.677801	0.00744510
1.56101	0.682379	0.00764718
1.56509	0.689590	0.00734513
1.56917	0.691084	0.00659295
1.57324	0.710159	0.00588929
1.57730	0.703071	0.00712214
1.58136	0.685028	0.00852572
1.58542	0.662289	0.00847893
1.58946	0.679311	0.00790498
1.59350	0.681899	0.00596941
1.59753	0.687688	0.00656060
1.60156	0.682540	0.00739811
1.60558	0.664692	0.00812870
1.60959	0.648726	0.00840696
1.61360	0.635266	0.00778180
1.61760	0.624190	0.00806260
1.62160	0.626768	0.00740972
1.62558	0.613642	0.00692100
1.62957	0.630195	0.00699180
1.63354	0.636615	0.00650339
1.63751	0.646784	0.00687484
1.64147	0.661313	0.00712391
1.64543	0.656901	0.00730126
1.64938	0.672317	0.00861776
1.65332	0.681099	0.00645106
1.65725	0.667484	0.00535884
1.66118	0.660859	0.00519606
1.66511	0.663197	0.00719117
1.66902	0.646806	0.00793605
1.67293	0.645184	0.00834859
1.67683	0.676852	0.00673128
1.68073	0.675142	0.00510750
1.68462	0.670228	0.00591864
1.68850	0.665005	0.00674135
1.69238	0.668264	0.00707371
1.69625	0.650884	0.00763477
1.70011	0.655830	0.00716406
1.70397	0.639293	0.00714190
1.70782	0.644010	0.00711265
1.71167	0.625217	0.00643765
1.71550	0.613824	0.00702396
1.71933	0.597498	0.00609747
1.72316	0.585949	0.00591208
1.72698	0.563866	0.00602635
1.73079	0.562752	0.00608788
1.73459	0.533096	0.00619692
1.73839	0.516233	0.00650224
1.74218	0.509235	0.00650429
1.74597	0.504931	0.00602218
1.74975	0.486356	0.00529101
1.75352	0.458009	0.00445541
1.75729	0.440261	0.00449200
1.76105	0.430916	0.00653248
1.76481	0.413530	0.00735750
1.76855	0.399293	0.00741424
1.77230	0.393067	0.00619789
1.77603	0.385112	0.00453318
1.77976	0.360089	0.00454352
1.78348	0.360413	0.00589547
1.78720	0.346108	0.00613368
1.79091	0.345247	0.00625235
1.79462	0.330978	0.00694289
1.79832	0.331260	0.00711785
1.80201	0.325143	0.00800196
1.80569	0.329626	0.00845604
1.80938	0.315879	0.00814860
1.81305	0.322565	0.00822099
1.81672	0.332155	0.00831131
1.82038	0.325394	0.00935847
1.82404	0.328150	0.00838981
1.82769	0.325609	0.00919244
1.83133	0.292542	0.00988351
1.83497	0.278392	0.0103846
1.83861	0.269835	0.0123185
1.84224	0.251805	0.0141009
1.84586	0.252159	0.0137736
1.84947	0.272708	0.0139435
1.85308	0.255580	0.0137946
1.85669	0.244807	0.0120896
1.86029	0.215340	0.00982439
1.86388	0.264653	0.00941583
1.86747	0.222732	0.0116002
1.87105	0.274731	0.0187869
1.87463	0.269414	0.0181391
1.87820	0.274906	0.0118932
1.88177	0.279428	0.00816412
1.88533	0.273685	0.00684186
1.88889	0.276767	0.00700024
1.89244	0.295381	0.00691732
1.89598	0.297104	0.00787663
1.89952	0.295471	0.00906706
1.90305	0.315801	0.0106521
1.90658	0.320415	0.0101011
1.91011	0.316761	0.00931306
1.91363	0.347015	0.00842801
1.91714	0.332496	0.00901830
1.92065	0.342702	0.00998729
1.92415	0.324165	0.00969080
1.92765	0.321847	0.00894892
1.93114	0.290561	0.00760581
1.93463	0.297711	0.00630177
1.93811	0.277703	0.00575714
1.94159	0.270886	0.00490486
1.94506	0.277028	0.00464080
1.94853	0.279044	0.00517676
1.95199	0.278944	0.00610421
1.95545	0.269292	0.00674710
1.95890	0.260847	0.00689700
1.96235	0.270788	0.00655032
1.96579	0.273839	0.00641799
1.96923	0.277951	0.00619150
1.97267	0.274889	0.00610865
1.97610	0.263019	0.00552256
1.97952	0.270630	0.00495472
1.98294	0.266287	0.00414636
1.98635	0.272684	0.00367276
1.98976	0.271069	0.00354778
1.99317	0.260504	0.00391894
1.99657	0.276032	0.00623014
1.99996	0.271085	0.00854759
2.00335	0.286472	0.0104669
2.00674	0.271711	0.00915316
2.01012	0.276062	0.00653927
2.01350	0.275471	0.00591354
2.01687	0.292780	0.00565584
2.02024	0.295656	0.00528945
2.02360	0.302186	0.00577326
2.02696	0.290791	0.00551229
2.03032	0.310516	0.00562583
2.03367	0.312497	0.00503446
2.03701	0.315517	0.00557974
2.04035	0.317095	0.00545809
2.04369	0.329874	0.00544740
2.04702	0.329442	0.00506517
2.05035	0.338538	0.00519386
2.05367	0.321657	0.00642558
2.05699	0.335222	0.00617124
2.06030	0.338306	0.00558613
2.06361	0.355891	0.00426332
2.06691	0.343169	0.00435557
2.07021	0.363159	0.00498256
2.07351	0.356107	0.00479077
2.07680	0.364207	0.00446637
2.08008	0.359171	0.00376447
2.08336	0.369026	0.00383478
2.08664	0.363567	0.00416878
2.08991	0.384663	0.00420723
2.09318	0.365330	0.00385861
2.09645	0.377616	0.00355413
2.09970	0.381743	0.00343597
2.10296	0.380067	0.00383073
2.10621	0.384370	0.00427397
2.10945	0.384638	0.00448551
2.11270	0.388958	0.00505530
2.11593	0.386464	0.00444197
2.11916	0.385494	0.00477757
2.12239	0.401879	0.00447711
2.12561	0.387516	0.00420392
2.12883	0.388740	0.00418106
2.13204	0.400601	0.00383404
2.13525	0.386674	0.00365228
2.13846	0.387763	0.00371861
2.14166	0.392692	0.00324454
2.14485	0.398216	0.00362826
2.14804	0.386554	0.00473858
2.15123	0.386370	0.00527987
2.15441	0.386087	0.00533827
2.15758	0.384013	0.00459515
2.16075	0.383422	0.00382118
2.16392	0.383951	0.00356133
2.16708	0.386962	0.00365207
2.17024	0.382865	0.00372518
2.17339	0.378484	0.00380768
2.17654	0.381925	0.00429221
2.17968	0.375748	0.00449858
2.18282	0.377021	0.00464730
2.18595	0.378449	0.00449907
2.18908	0.376702	0.00406891
2.19221	0.364307	0.00467701
2.19532	0.371882	0.00482199
2.19844	0.374227	0.00485976
2.20155	0.368077	0.00473845
2.20465	0.359859	0.00423725
2.20775	0.366113	0.00443209
2.21084	0.359002	0.00480638
2.21393	0.360840	0.00458158
2.21702	0.359561	0.00448619
2.22009	0.364256	0.00413230
2.22317	0.361787	0.00391191
2.22624	0.351287	0.00412306
2.22930	0.357494	0.00457658
2.23236	0.356674	0.00454740
2.23541	0.345367	0.00443335
2.23846	0.348819	0.00398635
2.24151	0.349792	0.00377954
2.24454	0.342822	0.00386400
2.24758	0.344093	0.00406132
2.25061	0.346583	0.00423935
2.25363	0.343835	0.00420738
2.25665	0.334398	0.00413065
2.25966	0.342925	0.00446229
2.26267	0.341148	0.00397269
2.26567	0.324819	0.00404228
2.26867	0.325778	0.00411530
2.27166	0.326439	0.00424408
2.27464	0.336963	0.00426519
2.27763	0.331504	0.00416735
2.28060	0.325515	0.00407919
2.28357	0.333032	0.00400370
2.28654	0.322837	0.00401687
2.28950	0.321490	0.00407958
2.29246	0.292693	0.00412761
2.29541	0.272223	0.00457899
2.29835	0.263142	0.00425144
2.30129	0.262349	0.00435673
2.30423	0.269509	0.00423263
2.30716	0.261953	0.00414736
2.31008	0.274109	0.00408761
2.31300	0.264989	0.00449241
2.31591	0.263916	0.00428939
2.31882	0.258829	0.00457965
2.32173	0.247258	0.00449097
2.32463	0.242426	0.00437587
2.32752	0.247801	0.00430190
2.33041	0.253870	0.00431667
2.33329	0.245346	0.00430577
2.33617	0.247174	0.00437163
2.33905	0.252186	0.00450012
2.34192	0.252078	0.00462723
2.34478	0.258468	0.00475460
2.34764	0.255503	0.00484179
2.35050	0.250077	0.00504745
2.35335	0.252885	0.00510742
2.35619	0.237190	0.00501341
2.35903	0.245339	0.00484323
2.36187	0.245870	0.00473016
2.36470	0.240339	0.00481054
2.36753	0.235017	0.00513936
2.37035	0.238572	0.00555463
2.37317	0.247605	0.00579855
2.37599	0.239599	0.00587386
2.37880	0.243428	0.00603993
2.38160	0.232465	0.00595536
2.38441	0.233145	0.00574924
2.38720	0.220811	0.00563927
2.39000	0.237978	0.00556944
2.39279	0.230039	0.00547160
2.39558	0.235580	0.00543449
2.39836	0.228016	0.00539362
2.40114	0.231351	0.00549237
2.40392	0.238599	0.00566601
2.40670	0.223345	0.00585921
2.40947	0.211091	0.00594205
2.41223	0.209271	0.00627647
2.41500	0.215883	0.00680403
2.41776	0.206933	0.00702400
2.42052	0.204887	0.00681672
2.42328	0.206897	0.00626545
2.42604	0.202598	0.00581264
2.42879	0.205821	0.00585608
2.43154	0.192001	0.00680934
2.43429	0.189547	0.00746512
2.43704	0.196153	0.00764244
2.43979	0.188237	0.00679701
2.44254	0.190597	0.00678703
2.44528	0.178597	0.00780408
2.44803	0.168700	0.00892646
2.45077	0.170781	0.00887176
2.45351	0.185145	0.00832250
2.45626	0.173561	0.00761316
2.45900	0.168098	0.00799134
2.46175	0.154352	0.00794364
2.46449	0.176162	0.00785954
2.46724	0.163206	0.00805234
2.46998	0.155182	0.00917156
2.47273	0.152843	0.00933892
2.47548	0.153569	0.00948541
2.47823	0.153858	0.00939934
2.48099	0.162041	0.0107290
2.48374	0.165354	0.0125436
2.48650	0.151612	0.0133835
2.48926	0.141406	0.0137761
2.49203	0.145480	0.0145446
2.49480	0.118541	0.0135287
2.49757	0.134159	0.0123624
2.50035	0.151399	0.0119343
2.50313	0.140331	0.0131345
2.50592	0.124605	0.0146032
2.50871	0.115796	0.0165393
2.51151	0.161098	0.0178092
2.51432	0.113388	0.0232983
2.51713	0.156101	0.0254897
2.51995	0.0851396	0.0245790
2.52277	0.140960	0.0232526
2.52561	0.116058	0.0256811
2.52845	0.132882	0.0347257
2.53130	0.154014	0.0497281
2.53417	0.210512	0.0589924
2.53704	0.140821	0.0627003
2.53992	0.169004	0.0536753
2.54281	0.152818	0.0634996
2.54572	0.0974172	0.0827297
2.54863	0.386728	0.127402
2.55156	0.0123677	0.150448
2.55450	0.0287490	0.122904
2.55746	0.125368	0.0857655
