#  ----------------------------------------------------------------------------------
# SpeX prism spectrum of SDSSp J083008.12+482847.4 (J08300825+4828482)
# Originally observed on 2006 Dec 24
# Average resolution = 120
# Originally published in Burgasser et al. (2008) ApJ, 681, 579
#
# PLEASE CITE THE ORIGINAL DATA REFERENCE WHEN PUBLISHING OR PRESENTING THESE DATA
#
# Optical spectral type: L8
# Near infrared spectral type: L9+/-1
# J magnitude = 15.444
# H magnitude = 14.343
# Ks magnitude = 13.676
#
#  Wavelength (micron)   F_lambda (normalized)  Noise (normalized as F_lambda)
#  ----------------------------------------------------------------------------------
0.649086	-0.322439	0.130785
0.651311	-0.00956623	0.110415
0.653524	0.0756155	0.104356
0.655727	0.0450092	0.0919857
0.657920	0.0857819	0.0822665
0.660104	-0.415999	0.0791878
0.662281	-0.187144	0.0810848
0.664451	0.163404	0.0820570
0.666615	-0.0612390	0.0821655
0.668774	0.144086	0.0758566
0.670929	0.0527057	0.0756832
0.673081	0.0720255	0.0736902
0.675230	0.183793	0.0764173
0.677377	0.00526992	0.0686914
0.679524	-0.0340062	0.0673736
0.681671	-0.0341063	0.0632565
0.683819	-0.0383540	0.0653820
0.685968	0.182990	0.0615652
0.688119	0.0505992	0.0596140
0.690273	0.139224	0.0576339
0.692431	-0.0315201	0.0533480
0.694593	0.0496803	0.0539574
0.696760	-0.0532792	0.0506613
0.698932	0.0595283	0.0479305
0.701111	-0.0330297	0.0477891
0.703296	0.0401224	0.0445485
0.705489	0.0487733	0.0430986
0.707689	0.132564	0.0400680
0.709898	-0.0132409	0.0387171
0.712116	0.00913445	0.0373646
0.714343	0.0749494	0.0375128
0.716581	0.115889	0.0351605
0.718828	0.00502028	0.0363300
0.721087	-0.0197485	0.0348362
0.723357	0.0857421	0.0346950
0.725639	0.0857429	0.0324591
0.727933	0.0212287	0.0310872
0.730240	0.0118513	0.0302232
0.732560	-0.0183401	0.0301459
0.734893	0.0508506	0.0276575
0.737240	-0.0368576	0.0275229
0.739601	0.0115727	0.0261586
0.741977	0.0480457	0.0262489
0.744368	-0.0369786	0.0244798
0.746774	0.0286408	0.0248004
0.749195	-0.0271313	0.0226952
0.751632	-0.0481186	0.0238824
0.754085	-0.0168892	0.0222635
0.756555	-0.0139065	0.0237885
0.759041	0.00292265	0.0263014
0.761544	0.0120967	0.0300062
0.764063	-0.0695212	0.0281165
0.766601	-0.0352493	0.0256095
0.769155	-0.0285725	0.0221775
0.771728	-0.0391932	0.0207757
0.774318	-0.0219498	0.0191329
0.776926	-0.0528214	0.0194956
0.779552	-0.0413101	0.0187043
0.782197	0.0157322	0.0187776
0.784861	-0.0189226	0.0179826
0.787543	-0.00252653	0.0181445
0.790244	0.0327956	0.0177021
0.792964	-0.0123203	0.0178932
0.795702	0.0202211	0.0181624
0.798460	0.0569477	0.0183705
0.801238	0.0520343	0.0176932
0.804034	0.0748665	0.0179110
0.806850	0.0870311	0.0170723
0.809685	0.0686462	0.0169181
0.812540	0.0676793	0.0165373
0.815415	0.0512670	0.0168494
0.818309	0.0651600	0.0144714
0.821223	0.0897009	0.0151440
0.824156	0.104618	0.0158065
0.827109	0.107650	0.0160634
0.830082	0.0754413	0.0155122
0.833075	0.127089	0.0147723
0.836087	0.130736	0.0157487
0.839119	0.138425	0.0161121
0.842170	0.0938342	0.0154815
0.845242	0.141038	0.0161354
0.848333	0.146792	0.0143140
0.851443	0.154602	0.0133362
0.854573	0.191959	0.0122532
0.857723	0.185864	0.0119996
0.860892	0.179332	0.0120836
0.864081	0.205946	0.0123055
0.867289	0.203291	0.0115653
0.870516	0.229070	0.0120708
0.873762	0.206222	0.0122399
0.877028	0.220530	0.0125547
0.880312	0.228985	0.0125753
0.883615	0.245157	0.0125649
0.886938	0.283824	0.0123312
0.890279	0.264897	0.0122772
0.893638	0.264651	0.0121905
0.897016	0.278014	0.0123180
0.900413	0.278299	0.0111617
0.903828	0.291688	0.0110787
0.907261	0.334309	0.0121146
0.910712	0.318525	0.0115051
0.914181	0.344089	0.0110641
0.917668	0.388884	0.0119081
0.921172	0.345751	0.0105312
0.924694	0.329828	0.0108514
0.928233	0.323724	0.0117977
0.931790	0.317754	0.0129794
0.935363	0.327661	0.0135143
0.938954	0.383129	0.0133709
0.942561	0.384528	0.0129564
0.946185	0.412134	0.0126536
0.949825	0.428361	0.0120785
0.953481	0.403015	0.0111234
0.957154	0.407785	0.0102654
0.960842	0.433894	0.0106813
0.964546	0.444563	0.0104160
0.968266	0.461025	0.0102505
0.972001	0.476239	0.0103056
0.975751	0.503027	0.00990901
0.979516	0.489325	0.00939167
0.983296	0.528377	0.00956170
0.987091	0.540652	0.00957105
0.990900	0.503126	0.0101938
0.994723	0.503572	0.0104072
0.998561	0.511034	0.0104106
1.00241	0.542623	0.00971652
1.00628	0.553624	0.00936252
1.01016	0.559733	0.00935575
1.01405	0.573146	0.00998962
1.01795	0.612354	0.0100274
1.02187	0.596033	0.0102133
1.02580	0.621355	0.0102494
1.02974	0.617252	0.00996204
1.03370	0.636593	0.0101536
1.03767	0.659981	0.00974910
1.04164	0.676733	0.00967762
1.04564	0.699954	0.00941141
1.04964	0.709370	0.00861148
1.05365	0.702423	0.00787491
1.05768	0.714251	0.00739006
1.06171	0.734528	0.00711712
1.06576	0.744602	0.00785687
1.06981	0.743202	0.00858473
1.07388	0.754680	0.00865837
1.07795	0.764766	0.00949206
1.08204	0.785502	0.00912712
1.08614	0.756686	0.00937048
1.09024	0.736499	0.00923324
1.09436	0.695879	0.00878402
1.09848	0.682917	0.00889704
1.10261	0.686454	0.00979368
1.10675	0.618488	0.00795886
1.11090	0.588696	0.00749552
1.11506	0.581562	0.00726431
1.11922	0.609058	0.00707458
1.12339	0.609799	0.00787264
1.12757	0.604798	0.00955593
1.13176	0.612902	0.00910193
1.13595	0.586156	0.00938509
1.14015	0.622976	0.00951623
1.14436	0.618863	0.00896927
1.14858	0.647317	0.00931658
1.15280	0.658501	0.00956245
1.15702	0.642769	0.00873871
1.16125	0.647994	0.00827462
1.16549	0.634869	0.00769457
1.16973	0.600581	0.00689926
1.17398	0.637135	0.00628138
1.17824	0.658367	0.00588210
1.18249	0.684541	0.00567471
1.18676	0.740254	0.00546966
1.19102	0.768242	0.00610819
1.19529	0.783902	0.00706394
1.19957	0.816435	0.00750266
1.20385	0.814364	0.00792129
1.20813	0.863817	0.00806373
1.21242	0.870037	0.00768131
1.21671	0.878987	0.00803531
1.22100	0.907202	0.00779977
1.22530	0.921028	0.00790600
1.22959	0.926803	0.00787316
1.23389	0.949873	0.00751849
1.23820	0.935158	0.00698958
1.24250	0.933511	0.00655096
1.24681	0.926093	0.00618642
1.25112	0.951213	0.00611456
1.25543	0.955068	0.00641914
1.25974	1.00562	0.00715875
1.26406	0.982310	0.00852069
1.26837	1.01654	0.0100872
1.27269	1.01154	0.0104473
1.27700	1.02254	0.0100398
1.28132	0.981370	0.00903409
1.28564	0.999716	0.00865866
1.28996	1.00785	0.00787812
1.29427	0.983272	0.00796806
1.29859	0.991195	0.00775157
1.30291	0.998052	0.00782852
1.30723	0.959575	0.00784758
1.31155	0.961439	0.00752064
1.31586	0.970564	0.00722792
1.32018	0.939514	0.00688047
1.32449	0.865621	0.00628128
1.32881	0.731981	0.00623871
1.33312	0.570057	0.00516800
1.33743	0.422293	0.00496335
1.34174	0.343531	0.00471295
1.34605	0.310549	0.00545811
1.35035	0.285953	0.00618641
1.35466	0.278669	0.00869241
1.35896	0.286583	0.0120103
1.36326	0.271863	0.0143837
1.36756	0.259417	0.0143080
1.37185	0.321021	0.0123265
1.37615	0.308333	0.0116668
1.38044	0.338690	0.0117285
1.38473	0.347202	0.0117608
1.38901	0.329141	0.0114647
1.39329	0.308012	0.0112486
1.39757	0.296641	0.0123992
1.40185	0.283524	0.0130171
1.40612	0.274372	0.0133948
1.41039	0.263331	0.0129980
1.41465	0.256480	0.0121928
1.41891	0.267911	0.0101858
1.42317	0.261166	0.00872693
1.42742	0.267555	0.00762667
1.43167	0.271612	0.00806566
1.43592	0.288174	0.00786901
1.44016	0.292653	0.00723222
1.44440	0.303239	0.00730127
1.44863	0.329631	0.00819768
1.45286	0.371930	0.00894017
1.45709	0.394666	0.00939207
1.46130	0.395127	0.00885451
1.46552	0.392981	0.00904494
1.46973	0.408924	0.00844238
1.47393	0.443900	0.00924189
1.47814	0.443982	0.00925185
1.48233	0.465200	0.00965884
1.48652	0.482666	0.00933948
1.49071	0.483277	0.00824635
1.49489	0.504163	0.00705131
1.49906	0.525992	0.00823731
1.50323	0.534264	0.00955570
1.50739	0.556636	0.00979214
1.51155	0.584792	0.00923737
1.51571	0.608032	0.00729987
1.51985	0.639161	0.00787690
1.52400	0.676751	0.00873352
1.52813	0.703277	0.00952963
1.53226	0.699449	0.00938359
1.53639	0.717681	0.00921760
1.54051	0.749331	0.00896588
1.54462	0.767378	0.00926458
1.54873	0.783461	0.00855316
1.55283	0.802774	0.00821205
1.55692	0.825901	0.00872093
1.56101	0.852389	0.00894770
1.56509	0.851982	0.00855571
1.56917	0.877275	0.00766673
1.57324	0.900748	0.00679434
1.57730	0.900164	0.00810988
1.58136	0.896815	0.00988170
1.58542	0.913148	0.00982125
1.58946	0.937896	0.00920212
1.59350	0.939245	0.00694042
1.59753	0.931121	0.00754538
1.60156	0.949678	0.00847739
1.60558	0.958728	0.00936359
1.60959	0.947785	0.00969832
1.61360	0.972670	0.00906436
1.61760	0.952773	0.00935478
1.62160	0.970745	0.00866621
1.62558	0.955493	0.00813323
1.62957	0.958904	0.00827823
1.63354	0.947696	0.00768381
1.63751	0.962737	0.00807184
1.64147	0.950550	0.00831969
1.64543	0.977198	0.00848257
1.64938	0.977558	0.00829787
1.65332	0.979084	0.00757518
1.65725	0.959491	0.00627719
1.66118	0.968340	0.00605101
1.66511	0.955014	0.00832994
1.66902	0.939677	0.00925070
1.67293	0.928916	0.00976315
1.67683	0.949487	0.00786277
1.68073	0.947081	0.00591801
1.68462	0.970473	0.00718759
1.68850	0.939621	0.00825487
1.69238	0.920288	0.00871392
1.69625	0.923689	0.00938690
1.70011	0.919445	0.00885879
1.70397	0.904888	0.00878691
1.70782	0.878208	0.00880982
1.71167	0.864217	0.00754990
1.71550	0.829792	0.00747685
1.71933	0.814527	0.00720069
1.72316	0.808019	0.00697558
1.72698	0.758582	0.00707844
1.73079	0.754042	0.00716387
1.73459	0.705163	0.00734093
1.73839	0.678137	0.00764969
1.74218	0.668821	0.00761313
1.74597	0.637659	0.00702871
1.74975	0.607014	0.00618515
1.75352	0.582740	0.00516969
1.75729	0.553719	0.00513556
1.76105	0.552095	0.00752197
1.76481	0.536666	0.00849979
1.76855	0.495128	0.00859964
1.77230	0.481709	0.00721683
1.77603	0.449322	0.00519343
1.77976	0.422028	0.00545808
1.78348	0.400092	0.00680206
1.78720	0.391643	0.00704859
1.79091	0.380226	0.00715055
1.79462	0.385214	0.00806902
1.79832	0.367184	0.00831943
1.80201	0.359542	0.00935616
1.80569	0.363406	0.00998372
1.80938	0.340957	0.00954727
1.81305	0.377279	0.00967329
1.81672	0.365437	0.00962514
1.82038	0.390288	0.00885847
1.82404	0.374169	0.00973436
1.82769	0.384496	0.0108680
1.83133	0.334320	0.0117814
1.83497	0.342928	0.0118676
1.83861	0.305135	0.0138641
1.84224	0.272259	0.0157888
1.84586	0.315473	0.0156129
1.84947	0.306133	0.0160013
1.85308	0.308599	0.0155692
1.85669	0.266108	0.0136131
1.86029	0.243248	0.0111918
1.86388	0.248384	0.0106866
1.86747	0.238015	0.0134909
1.87105	0.284346	0.0206088
1.87463	0.283190	0.0195248
1.87820	0.318407	0.0130156
1.88177	0.312823	0.00962491
1.88533	0.336192	0.00770565
1.88889	0.336324	0.00788209
1.89244	0.354380	0.00798001
1.89598	0.358161	0.00887210
1.89952	0.373100	0.0102461
1.90305	0.381496	0.0118021
1.90658	0.406107	0.0112171
1.91011	0.401758	0.0103031
1.91363	0.426541	0.00942241
1.91714	0.411269	0.0100861
1.92065	0.419284	0.0114733
1.92415	0.396848	0.0111378
1.92765	0.380687	0.0103047
1.93114	0.347629	0.00881868
1.93463	0.322889	0.00719134
1.93811	0.291411	0.00653865
1.94159	0.310885	0.00546007
1.94506	0.305197	0.00517913
1.94853	0.324769	0.00598380
1.95199	0.307241	0.00709043
1.95545	0.307517	0.00788784
1.95890	0.295087	0.00800705
1.96235	0.296479	0.00757251
1.96579	0.314819	0.00744087
1.96923	0.323249	0.00722975
1.97267	0.341563	0.00712762
1.97610	0.334011	0.00647163
1.97952	0.329775	0.00575929
1.98294	0.343776	0.00481443
1.98635	0.333960	0.00423684
1.98976	0.352058	0.00409731
1.99317	0.354440	0.00458690
1.99657	0.369091	0.00758164
1.99996	0.371675	0.0102716
2.00335	0.375575	0.0123234
2.00674	0.369632	0.0107200
2.01012	0.392422	0.00787877
2.01350	0.374794	0.00675645
2.01687	0.415465	0.00646770
2.02024	0.434032	0.00606266
2.02360	0.438522	0.00666152
2.02696	0.440820	0.00639876
2.03032	0.449624	0.00657063
2.03367	0.475185	0.00594995
2.03701	0.493367	0.00657228
2.04035	0.489092	0.00642489
2.04369	0.512740	0.00644370
2.04702	0.525342	0.00603073
2.05035	0.525079	0.00613922
2.05367	0.529616	0.00766018
2.05699	0.539635	0.00733808
2.06030	0.548770	0.00665343
2.06361	0.547849	0.00502572
2.06691	0.552383	0.00506590
2.07021	0.561321	0.00582703
2.07351	0.561863	0.00563865
2.07680	0.584840	0.00525085
2.08008	0.579811	0.00441985
2.08336	0.590082	0.00451011
2.08664	0.589575	0.00495591
2.08991	0.599840	0.00501685
2.09318	0.599111	0.00458067
2.09645	0.606496	0.00417977
2.09970	0.600662	0.00399341
2.10296	0.600695	0.00450655
2.10621	0.602642	0.00505034
2.10945	0.608813	0.00531965
2.11270	0.619408	0.00531362
2.11593	0.609277	0.00526374
2.11916	0.609701	0.00506967
2.12239	0.606959	0.00525348
2.12561	0.612729	0.00490508
2.12883	0.604089	0.00490365
2.13204	0.623985	0.00453674
2.13525	0.611368	0.00449699
2.13846	0.608136	0.00396161
2.14166	0.612069	0.00372162
2.14485	0.607917	0.00413637
2.14804	0.600448	0.00548070
2.15123	0.602066	0.00615534
2.15441	0.598062	0.00623919
2.15758	0.589589	0.00537235
2.16075	0.590973	0.00443086
2.16392	0.592242	0.00409152
2.16708	0.586039	0.00418986
2.17024	0.589183	0.00425622
2.17339	0.587120	0.00435856
2.17654	0.579651	0.00492459
2.17968	0.571278	0.00517302
2.18282	0.578793	0.00534499
2.18595	0.565962	0.00546044
2.18908	0.575281	0.00467618
2.19221	0.570475	0.00536955
2.19532	0.561060	0.00547266
2.19844	0.558476	0.00562376
2.20155	0.543777	0.00540965
2.20465	0.549174	0.00487900
2.20775	0.543903	0.00506836
2.21084	0.547842	0.00554447
2.21393	0.547565	0.00528354
2.21702	0.544507	0.00515240
2.22009	0.534299	0.00468956
2.22317	0.533950	0.00445294
2.22624	0.525308	0.00471096
2.22930	0.530500	0.00527869
2.23236	0.525841	0.00525131
2.23541	0.525528	0.00507627
2.23846	0.532544	0.00453500
2.24151	0.524227	0.00425496
2.24454	0.516662	0.00437244
2.24758	0.509933	0.00460906
2.25061	0.504965	0.00485751
2.25363	0.504760	0.00483730
2.25665	0.505564	0.00474640
2.25966	0.503927	0.00451290
2.26267	0.497684	0.00447747
2.26567	0.495572	0.00456302
2.26867	0.480991	0.00467965
2.27166	0.485858	0.00481614
2.27464	0.484252	0.00486452
2.27763	0.482735	0.00470184
2.28060	0.479695	0.00459005
2.28357	0.485357	0.00447053
2.28654	0.485240	0.00450685
2.28950	0.480394	0.00457534
2.29246	0.452670	0.00463874
2.29541	0.410096	0.00476497
2.29835	0.384561	0.00476427
2.30129	0.383586	0.00484391
2.30423	0.373851	0.00466141
2.30716	0.373314	0.00458439
2.31008	0.372663	0.00446598
2.31300	0.371490	0.00452746
2.31591	0.366055	0.00473835
2.31882	0.360400	0.00506414
2.32173	0.348869	0.00494214
2.32463	0.346844	0.00482638
2.32752	0.354139	0.00476718
2.33041	0.360148	0.00480015
2.33329	0.356713	0.00476594
2.33617	0.365116	0.00484158
2.33905	0.357981	0.00494926
2.34192	0.353599	0.00509733
2.34478	0.355075	0.00523007
2.34764	0.367529	0.00537234
2.35050	0.362731	0.00559142
2.35335	0.356241	0.00561026
2.35619	0.353749	0.00555443
2.35903	0.355192	0.00534111
2.36187	0.351452	0.00519453
2.36470	0.356054	0.00532069
2.36753	0.354341	0.00570143
2.37035	0.356786	0.00613122
2.37317	0.359647	0.00628206
2.37599	0.357307	0.00642748
2.37880	0.344922	0.00671307
2.38160	0.339298	0.00665285
2.38441	0.331542	0.00630586
2.38720	0.337234	0.00621196
2.39000	0.353650	0.00610440
2.39279	0.354105	0.00603413
2.39558	0.352559	0.00598814
2.39836	0.356909	0.00592899
2.40114	0.363960	0.00604420
2.40392	0.342291	0.00655322
2.40670	0.332851	0.00643493
2.40947	0.336020	0.00658459
2.41223	0.326480	0.00694293
2.41500	0.333654	0.00747787
2.41776	0.329299	0.00773858
2.42052	0.318825	0.00748112
2.42328	0.318862	0.00686407
2.42604	0.323202	0.00642215
2.42879	0.321958	0.00648066
2.43154	0.312106	0.00750027
2.43429	0.296731	0.00823063
2.43704	0.315756	0.00844747
2.43979	0.312404	0.00750357
2.44254	0.290568	0.00751437
2.44528	0.281582	0.00860457
2.44803	0.263946	0.00980975
2.45077	0.252133	0.00968211
2.45351	0.256616	0.00904206
2.45626	0.258072	0.00828351
2.45900	0.280063	0.00871188
2.46175	0.278751	0.00877339
2.46449	0.264567	0.00857941
2.46724	0.219393	0.00882903
2.46998	0.231284	0.0100267
2.47273	0.199555	0.0102539
2.47548	0.214409	0.0104126
2.47823	0.210445	0.0103222
2.48099	0.239694	0.0118260
2.48374	0.211510	0.0137994
2.48650	0.231068	0.0147321
2.48926	0.172111	0.0151946
2.49203	0.173247	0.0160111
2.49480	0.204081	0.0147501
2.49757	0.196743	0.0135354
2.50035	0.181653	0.0131127
2.50313	0.196803	0.0144368
2.50592	0.175262	0.0160926
2.50871	0.158616	0.0181358
2.51151	0.183109	0.0198475
2.51432	0.191245	0.0258086
2.51713	0.111415	0.0278745
2.51995	0.135004	0.0268265
2.52277	0.167344	0.0255968
2.52561	0.108255	0.0287769
2.52845	0.177001	0.0393128
2.53130	0.120381	0.0577829
2.53417	0.175979	0.0649662
2.53704	0.130787	0.0715876
2.53992	0.225996	0.0593195
2.54281	0.193122	0.0708011
2.54572	0.363055	0.0947447
2.54863	0.0129755	0.142430
2.55156	0.266547	0.162780
2.55450	0.000262705	0.129264
2.55746	0.152794	0.0854489
