#  ----------------------------------------------------------------------------------
# SpeX prism spectrum of HD 3651B (J0039191+211516)
# Originally observed on 2006 Sep 03
# Average resolution = 120
# Originally published in Burgasser (2007) ApJ, 658, 617
#
# PLEASE CITE THE ORIGINAL DATA REFERENCE WHEN PUBLISHING OR PRESENTING THESE DATA
#
# Near infrared spectral type: T7.5
# J magnitude = 16.16
# H magnitude = 16.68
# Ks magnitude = 16.87
#
#  Wavelength (micron)   F_lambda (normalized)  Noise (normalized as F_lambda)
#  ----------------------------------------------------------------------------------
0.650857	0.579253	0.293332
0.653073	0.119265	0.226166
0.655278	0.491401	0.210863
0.657472	0.172944	0.190987
0.659659	0.0254832	0.168110
0.661837	0.121061	0.166612
0.664008	0.166941	0.171043
0.666173	0.148530	0.172904
0.668333	0.0605309	0.177090
0.670489	0.184165	0.160287
0.672641	0.116735	0.169102
0.674791	0.0793264	0.152345
0.676939	0.0365664	0.152189
0.679085	-0.0828561	0.151541
0.681232	0.00511537	0.135294
0.683380	0.147143	0.132441
0.685528	-0.0517866	0.135412
0.687679	0.209005	0.125538
0.689833	0.125880	0.123992
0.691990	0.317234	0.110613
0.694151	0.304598	0.108279
0.696316	0.112962	0.106839
0.698488	0.0828083	0.110595
0.700665	0.0246103	0.0987143
0.702849	0.00335985	0.0975177
0.705040	0.182352	0.0905921
0.707239	0.132920	0.0884420
0.709446	0.0788112	0.0819691
0.711662	0.0480647	0.0795855
0.713887	0.188546	0.0778358
0.716122	0.115002	0.0764778
0.718368	0.0174381	0.0728192
0.720624	0.195531	0.0710351
0.722892	-0.0428251	0.0690981
0.725172	0.111754	0.0684500
0.727463	0.100751	0.0639839
0.729767	0.00944758	0.0626750
0.732085	0.126543	0.0610192
0.734415	0.0296225	0.0635423
0.736759	0.119112	0.0553927
0.739118	0.0278341	0.0553285
0.741491	0.0322249	0.0507929
0.743878	0.0480676	0.0507910
0.746281	0.120818	0.0501100
0.748699	0.116894	0.0491189
0.751133	0.0529783	0.0446454
0.753583	0.0389167	0.0461920
0.756049	0.0581346	0.0441497
0.758531	0.0116814	0.0505922
0.761031	0.0911270	0.0528217
0.763547	0.140705	0.0557897
0.766081	0.0368468	0.0482574
0.768632	-0.0742695	0.0433638
0.771200	0.0588054	0.0391777
0.773787	0.0313169	0.0385760
0.776391	0.0256050	0.0358936
0.779014	0.0823093	0.0355460
0.781655	0.0575628	0.0349840
0.784315	0.0554938	0.0358572
0.786993	0.0538434	0.0326367
0.789690	0.0405668	0.0334016
0.792406	-0.0609753	0.0321381
0.795141	-0.0163792	0.0332078
0.797895	0.0720176	0.0320829
0.800668	0.0321040	0.0317980
0.803461	0.0352435	0.0304052
0.806273	0.0824221	0.0295817
0.809104	0.126908	0.0291052
0.811955	0.0107878	0.0286382
0.814826	-0.0206092	0.0270384
0.817716	0.00589878	0.0275160
0.820625	0.000743192	0.0263365
0.823555	0.0459758	0.0272360
0.826504	0.0565560	0.0278566
0.829473	-0.00913388	0.0275956
0.832461	-0.0296001	0.0271548
0.835470	0.00248737	0.0267770
0.838497	-0.00875808	0.0263693
0.841545	0.0821337	0.0258041
0.844612	0.0683106	0.0250260
0.847699	0.0222338	0.0243920
0.850806	0.0699225	0.0227451
0.853932	0.0554158	0.0218760
0.857078	0.0608972	0.0209915
0.860243	0.0620551	0.0215494
0.863427	0.0380722	0.0211752
0.866631	0.0525351	0.0212868
0.869855	0.0146396	0.0210323
0.873097	0.0472730	0.0213999
0.876359	0.0900458	0.0214117
0.879639	0.0855315	0.0227243
0.882939	0.0370826	0.0220694
0.886257	0.00597253	0.0223318
0.889594	0.0116990	0.0213582
0.892950	0.0672878	0.0209715
0.896324	0.0423421	0.0205770
0.899717	0.0257001	0.0199917
0.903128	0.0754826	0.0183480
0.906558	0.0555740	0.0191443
0.910005	0.0438315	0.0174534
0.913470	0.0387234	0.0176848
0.916954	0.0409025	0.0172586
0.920454	0.0492751	0.0168921
0.923973	0.0866788	0.0169670
0.927508	-0.0130309	0.0186631
0.931061	0.0658802	0.0194804
0.934631	0.0557738	0.0207961
0.938218	0.0499585	0.0209223
0.941822	0.0723035	0.0206285
0.945442	0.115328	0.0197233
0.949079	0.0585182	0.0193522
0.952732	0.0933250	0.0178033
0.956402	0.0889037	0.0166281
0.960087	0.0740432	0.0154521
0.963788	0.0728447	0.0151686
0.967504	0.0672969	0.0154121
0.971236	0.116018	0.0157214
0.974983	0.147472	0.0150075
0.978745	0.138014	0.0146500
0.982522	0.150474	0.0147794
0.986314	0.156562	0.0150374
0.990120	0.194253	0.0154756
0.993941	0.225152	0.0159870
0.997775	0.283664	0.0165167
1.00162	0.268730	0.0156882
1.00549	0.276761	0.0146199
1.00936	0.345499	0.0146175
1.01325	0.337459	0.0150129
1.01715	0.355697	0.0156605
1.02107	0.350759	0.0155177
1.02500	0.439242	0.0155830
1.02894	0.451855	0.0150073
1.03289	0.491759	0.0154245
1.03685	0.537319	0.0150521
1.04083	0.539297	0.0147615
1.04482	0.572415	0.0144534
1.04882	0.576282	0.0132691
1.05283	0.607155	0.0121379
1.05685	0.619711	0.0110497
1.06088	0.670319	0.0105441
1.06493	0.692013	0.0112284
1.06898	0.709948	0.0124784
1.07305	0.719836	0.0129961
1.07712	0.735595	0.0142144
1.08121	0.736267	0.0143286
1.08530	0.749877	0.0142325
1.08940	0.630316	0.0147061
1.09351	0.511922	0.0135547
1.09764	0.341499	0.0133518
1.10177	0.294095	0.0126512
1.10590	0.192339	0.0113679
1.11005	0.132187	0.0102192
1.11421	0.0907019	0.00945714
1.11837	0.0473731	0.00895688
1.12254	0.0761770	0.00949281
1.12672	0.0772531	0.0111517
1.13090	0.0949263	0.0121661
1.13510	0.0370596	0.0124161
1.13929	0.0815947	0.0134297
1.14350	0.0626335	0.0126624
1.14771	0.0227225	0.0129981
1.15193	0.0554386	0.0129172
1.15616	0.0428478	0.0122049
1.16039	0.0327751	0.0122040
1.16462	0.0563854	0.0109571
1.16887	0.0375527	0.00967833
1.17311	0.0527053	0.00858278
1.17737	0.0799745	0.00769651
1.18162	0.103258	0.00696486
1.18588	0.125258	0.00668110
1.19015	0.173239	0.00729333
1.19442	0.198027	0.00919704
1.19870	0.245410	0.0103450
1.20297	0.303914	0.0108340
1.20726	0.352931	0.0117605
1.21154	0.389722	0.0111633
1.21583	0.458473	0.0116253
1.22012	0.492252	0.0116215
1.22442	0.546908	0.0114135
1.22871	0.623976	0.0117089
1.23302	0.685882	0.0109937
1.23732	0.718189	0.0101323
1.24162	0.806761	0.00941650
1.24593	0.824470	0.00860197
1.25024	0.920434	0.00833354
1.25455	0.984905	0.00875536
1.25886	1.05114	0.00943644
1.26317	1.10631	0.0114715
1.26749	1.10585	0.0138876
1.27180	1.10179	0.0149487
1.27612	1.09753	0.0147729
1.28044	1.00896	0.0131315
1.28476	0.935418	0.0128378
1.28907	0.863189	0.0117818
1.29339	0.788593	0.0115883
1.29771	0.717791	0.0116534
1.30203	0.645930	0.0110934
1.30635	0.580971	0.0114531
1.31066	0.517536	0.0111402
1.31498	0.477497	0.0102945
1.31930	0.393801	0.00942500
1.32361	0.311859	0.00842836
1.32792	0.198550	0.00772612
1.33224	0.111213	0.00673935
1.33655	0.0412595	0.00627138
1.34086	0.0238791	0.00587196
1.34517	0.00387448	0.00613331
1.34947	0.00122688	0.00665078
1.35378	-0.0221260	0.00805553
1.35808	0.00611131	0.0103502
1.36238	0.00278741	0.0141771
1.36668	-0.0216791	0.0171644
1.37098	-0.0193140	0.0149159
1.37527	-0.00214449	0.0137549
1.37956	0.00433237	0.0140684
1.38385	0.0263861	0.0144638
1.38813	0.0102707	0.0146553
1.39242	0.0119507	0.0132994
1.39670	0.0351485	0.0149409
1.40097	0.0225250	0.0159689
1.40525	0.0266044	0.0171248
1.40951	0.0209368	0.0169323
1.41378	0.00862608	0.0164991
1.41804	-0.00103565	0.0142939
1.42230	0.00988909	0.0121245
1.42656	0.00718015	0.0102480
1.43081	0.0177998	0.0105132
1.43505	0.00984042	0.0105654
1.43930	0.0226431	0.0101126
1.44353	0.00545088	0.00978672
1.44777	0.00743511	0.0112712
1.45200	0.0299866	0.0120917
1.45622	0.0288969	0.0131245
1.46044	0.0630971	0.0122837
1.46466	0.0719335	0.0123690
1.46887	0.0544791	0.0115450
1.47308	0.0485214	0.0116045
1.47728	0.0814496	0.0123379
1.48147	0.0664541	0.0125597
1.48566	0.0659370	0.0130486
1.48985	0.0519052	0.0118021
1.49403	0.0672778	0.0100199
1.49821	0.0829681	0.0102294
1.50238	0.0916921	0.0135895
1.50654	0.127979	0.0140452
1.51070	0.0985085	0.0139162
1.51486	0.124552	0.0110843
1.51901	0.142164	0.0108426
1.52315	0.153764	0.0122549
1.52729	0.186936	0.0138768
1.53142	0.196312	0.0139131
1.53554	0.265571	0.0132334
1.53966	0.295370	0.0131213
1.54378	0.295291	0.0114852
1.54789	0.354645	0.0118109
1.55199	0.369982	0.0113992
1.55608	0.393533	0.0118400
1.56017	0.420787	0.0128381
1.56426	0.444268	0.0124825
1.56834	0.491841	0.0113896
1.57241	0.516065	0.00990804
1.57647	0.518303	0.0107909
1.58053	0.541446	0.0145267
1.58459	0.487756	0.0161533
1.58863	0.530087	0.0142361
1.59267	0.490136	0.0111319
1.59671	0.472116	0.0100791
1.60074	0.373621	0.0123429
1.60476	0.313518	0.0133967
1.60877	0.243127	0.0147952
1.61278	0.187642	0.0133303
1.61678	0.118274	0.0132602
1.62078	0.0639916	0.0128480
1.62477	0.0661200	0.0119318
1.62875	0.0695466	0.0113734
1.63273	0.0657608	0.0106688
1.63670	0.0788040	0.0106603
1.64066	0.0583175	0.0115384
1.64462	0.0627368	0.0117438
1.64857	0.0634178	0.0118873
1.65251	0.0877772	0.0110232
1.65645	0.0806073	0.00922427
1.66038	0.0833422	0.00745113
1.66430	0.0875685	0.0114609
1.66822	0.0544594	0.0140351
1.67213	0.0159710	0.0141817
1.67604	0.0137431	0.0128126
1.67993	0.0377938	0.00856514
1.68383	0.0550214	0.00866680
1.68771	0.0574583	0.0113900
1.69159	0.0749103	0.0121190
1.69546	0.0390699	0.0133953
1.69932	0.0497969	0.0127142
1.70318	0.0439024	0.0121146
1.70703	0.0308723	0.0123894
1.71088	0.0308198	0.0110525
1.71472	0.0282744	0.0106298
1.71855	0.0699019	0.0103703
1.72238	0.0889322	0.00948288
1.72620	0.0673946	0.00969701
1.73001	0.0506825	0.00992513
1.73382	0.0676053	0.0101583
1.73762	0.0568989	0.0107204
1.74141	0.0662092	0.0112302
1.74520	0.0342249	0.0105076
1.74898	0.0459439	0.00933621
1.75275	0.0492062	0.00763234
1.75652	0.0347299	0.00670008
1.76028	0.0494808	0.00999079
1.76404	0.0355693	0.0129485
1.76779	0.0684378	0.0134615
1.77153	0.0187992	0.0121361
1.77527	0.0149477	0.00815804
1.77900	0.0286813	0.00721913
1.78272	0.0410999	0.00951450
1.78644	0.0419872	0.0113326
1.79015	0.0336347	0.0106987
1.79386	0.0205223	0.0118066
1.79756	0.0114081	0.0120239
1.80125	0.0180687	0.0129219
1.80494	-0.00881477	0.0141142
1.80862	-0.00629696	0.0135289
1.81230	0.000304532	0.0132808
1.81597	-0.00229964	0.0132601
1.81963	0.00602943	0.0122332
1.82329	0.00610911	0.0127410
1.82694	0.0328013	0.0140039
1.83059	0.0180890	0.0138819
1.83423	-0.00184839	0.0132229
1.83787	0.0309604	0.0150102
1.84149	0.0233221	0.0191204
1.84512	-0.000779934	0.0193605
1.84874	0.0180544	0.0210521
1.85235	-0.0149408	0.0215827
1.85595	0.0609412	0.0192708
1.85955	0.0189860	0.0154166
1.86315	0.00861971	0.0125256
1.86674	-0.00193737	0.0131929
1.87032	0.0152382	0.0238545
1.87390	0.00483350	0.0324307
1.87747	0.0129900	0.0244471
1.88104	0.0298292	0.0153460
1.88460	0.0407724	0.0104608
1.88816	0.0194963	0.0101496
1.89171	0.0100534	0.00979299
1.89526	0.0527629	0.0104908
1.89880	0.0487520	0.0111163
1.90233	0.0586827	0.0143020
1.90586	0.0230590	0.0148947
1.90939	0.0198418	0.0136632
1.91291	0.00869533	0.0118164
1.91642	0.0292441	0.0131428
1.91993	0.0638103	0.0152155
1.92343	0.0263469	0.0160448
1.92693	0.00524584	0.0145394
1.93043	0.0331581	0.0130949
1.93392	0.00566607	0.0104332
1.93740	0.000431286	0.00977221
1.94088	0.0125130	0.00882860
1.94435	0.0134556	0.00764467
1.94782	0.0247412	0.00791694
1.95128	-0.00689164	0.00939700
1.95474	0.0249548	0.0109709
1.95820	0.0177462	0.0121190
1.96165	0.0260364	0.0115810
1.96509	0.0287674	0.0113718
1.96853	0.0264469	0.0112792
1.97196	0.0308024	0.0112218
1.97539	0.0334885	0.0104072
1.97882	0.0316718	0.00915817
1.98224	0.0424371	0.00774280
1.98566	0.0491493	0.00622988
1.98907	0.0545045	0.00593136
1.99247	0.0632210	0.00595078
1.99587	0.0558686	0.00937745
1.99927	0.0830552	0.0141166
2.00266	0.0883671	0.0189639
2.00605	0.0429767	0.0196393
2.00943	0.0748089	0.0135067
2.01281	0.0839589	0.0109304
2.01618	0.0835938	0.0110946
2.01955	0.0609181	0.00978968
2.02292	0.103728	0.0109308
2.02628	0.0819672	0.0106228
2.02963	0.112652	0.0105702
2.03298	0.0763786	0.00979700
2.03633	0.109775	0.00978499
2.03967	0.104895	0.0105746
2.04301	0.110095	0.0100234
2.04634	0.117856	0.00984541
2.04967	0.134505	0.00865867
2.05299	0.139739	0.0114228
2.05631	0.131846	0.0119286
2.05962	0.121824	0.0110433
2.06293	0.136364	0.00832675
2.06624	0.139554	0.00706135
2.06954	0.159023	0.00881310
2.07283	0.139007	0.00884825
2.07612	0.141662	0.00828014
2.07941	0.151576	0.00687352
2.08269	0.148712	0.00640039
2.08597	0.155377	0.00710606
2.08925	0.146808	0.00738828
2.09251	0.152220	0.00691935
2.09578	0.142381	0.00625317
2.09904	0.140589	0.00556009
2.10229	0.138395	0.00618731
2.10555	0.140100	0.00714122
2.10879	0.114015	0.00789664
2.11203	0.137441	0.00797516
2.11527	0.140040	0.00809228
2.11850	0.111130	0.00777235
2.12173	0.128240	0.00818401
2.12495	0.107944	0.00773904
2.12817	0.107465	0.00761354
2.13139	0.107908	0.00695136
2.13460	0.0938911	0.00634330
2.13780	0.0841191	0.00598740
2.14100	0.0955828	0.00542750
2.14420	0.0916976	0.00565224
2.14739	0.0760654	0.00814482
2.15058	0.0756398	0.00988223
2.15376	0.0865574	0.0103943
2.15693	0.0593870	0.00944775
2.16011	0.0600908	0.00730091
2.16327	0.0560698	0.00624054
2.16644	0.0587211	0.00619402
2.16960	0.0461474	0.00663452
2.17275	0.0543334	0.00662283
2.17590	0.0408926	0.00760916
2.17904	0.0563507	0.00849877
2.18218	0.0711948	0.00871431
2.18531	0.0536861	0.00883376
2.18844	0.0292524	0.00758514
2.19157	0.0378138	0.00830538
2.19469	0.0313915	0.00918164
2.19780	0.0365203	0.00907781
2.20091	-0.000977253	0.00912501
2.20402	0.00660455	0.00806154
2.20712	0.0100678	0.00791488
2.21021	0.0101014	0.00912983
2.21330	0.00730166	0.00891315
2.21639	0.0158094	0.00859288
2.21947	0.0147309	0.00752474
2.22254	0.0114766	0.00696321
2.22561	0.0126548	0.00730659
2.22867	0.000259916	0.00848298
2.23173	0.000409893	0.00875318
2.23479	0.00758985	0.00852264
2.23784	0.00836010	0.00785633
2.24088	0.00591597	0.00697438
2.24392	0.00406097	0.00724419
2.24696	-0.000832103	0.00745478
2.24999	-0.00699256	0.00823761
2.25301	0.00276713	0.00805142
2.25603	0.0147706	0.00785449
2.25904	0.00519507	0.00754551
2.26205	-0.00276545	0.00741409
2.26505	0.0170650	0.00759088
2.26805	-0.00201582	0.00790775
2.27105	-0.00479225	0.00811003
2.27403	0.00622981	0.00832942
2.27702	-0.00776962	0.00817323
2.27999	0.0133667	0.00809852
2.28297	-0.00192284	0.00782090
2.28593	0.00245974	0.00793913
2.28890	0.00595231	0.00807741
2.29185	-0.000573865	0.00825336
2.29480	-0.0185025	0.00863572
2.29775	-0.0116707	0.00881849
2.30069	-0.000514762	0.00895356
2.30363	0.0123023	0.00913890
2.30656	-0.00946660	0.00876678
2.30948	0.0127345	0.00863769
2.31240	0.00482749	0.00854934
2.31532	0.0116347	0.00893769
2.31823	-0.00610765	0.00936199
2.32113	-0.0122115	0.00999175
2.32403	0.00119866	0.00956785
2.32693	-0.00247142	0.00928609
2.32982	0.0101431	0.00930237
2.33270	-0.00424273	0.00942574
2.33558	-0.000594348	0.0102654
2.33846	-0.00958706	0.00986752
2.34133	0.00226268	0.0101209
2.34420	0.0119691	0.0104841
2.34706	0.00895401	0.0107824
2.34991	0.00613974	0.0112726
2.35276	0.00815906	0.0116604
2.35561	0.00840610	0.0117763
2.35845	-0.00296587	0.0112846
2.36129	-0.00775163	0.0110071
2.36412	-0.00604672	0.0108900
2.36695	0.000928760	0.0115443
2.36978	0.00412185	0.0126536
2.37260	0.00343549	0.0133802
2.37541	-0.00770553	0.0133961
2.37822	0.0103349	0.0129495
2.38103	-0.00585681	0.0130843
2.38383	-0.00192207	0.0134277
2.38663	0.00188739	0.0138039
2.38943	0.0135407	0.0150862
2.39222	0.00620133	0.0141598
2.39501	0.0116969	0.0135036
2.39779	0.00758079	0.0132836
2.40058	0.00245596	0.0131367
2.40335	0.00742184	0.0134423
2.40613	0.0106223	0.0139937
2.40890	-0.00353971	0.0143096
2.41167	-0.000685896	0.0149847
2.41444	-0.00946008	0.0161759
2.41720	-0.00367445	0.0173752
2.41996	0.0173180	0.0172481
2.42272	0.00264270	0.0162063
2.42547	0.0107666	0.0147562
2.42823	0.00903135	0.0145348
2.43098	0.00103618	0.0159014
2.43373	0.0223420	0.0183594
2.43648	0.0191702	0.0193070
2.43923	0.00508593	0.0182907
2.44198	-0.00532109	0.0164451
2.44472	-0.000254436	0.0184417
2.44747	-0.00796583	0.0216548
2.45021	-0.0121427	0.0226954
2.45295	0.000175321	0.0210537
2.45570	0.0354862	0.0187814
2.45844	0.0320732	0.0176935
2.46119	-0.0168639	0.0184690
2.46393	0.00899024	0.0204108
2.46668	0.00489513	0.0207086
2.46942	0.0121405	0.0232898
2.47217	-0.0324993	0.0248408
2.47492	0.0270582	0.0251541
2.47767	0.000114571	0.0253366
2.48042	0.0157647	0.0246978
2.48318	0.00961076	0.0291749
2.48594	0.00620689	0.0334862
2.48870	0.0278683	0.0327953
2.49146	-0.0332681	0.0340848
2.49423	0.00682211	0.0326331
2.49700	0.0404695	0.0325122
2.49978	0.0302529	0.0285716
2.50256	0.0464720	0.0299763
2.50535	0.0154487	0.0328122
2.50814	-0.00116078	0.0370989
2.51094	-0.00246383	0.0383646
2.51374	-0.0549446	0.0467173
2.51655	-0.0958317	0.0547060
2.51937	-0.0114394	0.0571796
2.52220	0.0110821	0.0525609
2.52503	0.0594810	0.0507876
2.52787	-0.0430245	0.0630526
2.53072	-0.0615910	0.0818003
2.53358	-0.0177966	0.100831
2.53645	0.154299	0.120827
2.53933	0.0167163	0.106407
2.54222	0.0726626	0.105231
2.54512	-0.124883	0.117713
2.54803	-0.0808396	0.171868
2.55096	0.0408680	0.214742
2.55390	-0.354334	0.203418
2.55685	0.105909	0.160856
2.55982	-0.0125652	0.114568
2.56280	0.0460945	0.106426
