#  ----------------------------------------------------------------------------------
# SpeX prism spectrum of 2MASSW J0030300-145033 (J00303013-1450333)
# Originally observed on 2007 Oct 12
# Average resolution = 120
# Originally published in Burgasser et al. (2010) ApJ, 710, 1142-1169
#
# PLEASE CITE THE ORIGINAL DATA REFERENCE WHEN PUBLISHING OR PRESENTING THESE DATA
#
# Optical spectral type: L7
# J magnitude = 16.278
# H magnitude = 15.273
# Ks magnitude = 14.481
#
#  Wavelength (micron)   F_lambda (normalized)  Noise (normalized as F_lambda)
#  ----------------------------------------------------------------------------------
0.649494	-0.473512	0.326439
0.651717	0.799006	0.290526
0.653929	0.190253	0.254435
0.656129	-0.205278	0.220800
0.658321	-0.0498777	0.206246
0.660504	0.357303	0.207147
0.662679	0.683029	0.198636
0.664848	0.482677	0.192650
0.667011	0.0127639	0.191068
0.669169	0.0886104	0.181176
0.671323	0.0325080	0.183575
0.673474	-0.319288	0.174790
0.675623	0.502430	0.168835
0.677771	0.0624427	0.165551
0.679918	0.283634	0.149674
0.682064	0.301729	0.145244
0.684212	-0.0510430	0.145817
0.686362	0.0999798	0.133006
0.688513	0.193204	0.130478
0.690668	0.154017	0.119719
0.692827	0.0654005	0.113761
0.694989	0.212602	0.106399
0.697157	0.313067	0.0996860
0.699331	-0.118810	0.0769262
0.701511	-0.138390	0.0792738
0.703697	0.00173479	0.0607527
0.705891	0.0276490	0.0436598
0.708093	0.0355753	0.0176779
0.710304	-0.00134114	0.000690221
0.712523	-0.0327489	0.0184079
0.714752	0.00395683	0.0533634
0.716991	-0.0323425	0.0616467
0.719241	0.0843811	0.0713521
0.721502	0.0670308	0.0624137
0.723774	0.187002	0.0731104
0.726058	0.0771061	0.0726672
0.728355	-0.131686	0.0703314
0.730664	-0.115464	0.0671318
0.732986	0.0905977	0.0698158
0.735322	0.211973	0.0646529
0.737672	-0.00228604	0.0634709
0.740036	0.101852	0.0597661
0.742414	0.0589776	0.0596743
0.744808	0.0346618	0.0561432
0.747216	0.0317480	0.0557122
0.749640	0.110171	0.0509095
0.752080	-0.0666426	0.0542525
0.754536	0.0734880	0.0531556
0.757009	-0.0288504	0.0602098
0.759498	0.156960	0.0647599
0.762004	0.00261502	0.0704258
0.764527	0.0329631	0.0640183
0.767067	-0.0570085	0.0553699
0.769625	-0.0470929	0.0461968
0.772201	-0.0443138	0.0449789
0.774794	-0.0676930	0.0429311
0.777406	-0.0554981	0.0417816
0.780035	0.00103219	0.0412444
0.782684	0.0818975	0.0419128
0.785351	-0.0409170	0.0389225
0.788036	-0.0274290	0.0393902
0.790740	-0.00450402	0.0378344
0.793464	-0.0405039	0.0390709
0.796206	0.0544833	0.0389530
0.798968	-0.00133512	0.0393106
0.801748	0.0852819	0.0370342
0.804548	0.129997	0.0367831
0.807368	0.0664353	0.0363512
0.810207	0.0851448	0.0357228
0.813065	0.0742960	0.0331051
0.815943	0.147581	0.0341127
0.818841	0.0800378	0.0302612
0.821759	0.174798	0.0316433
0.824696	0.206873	0.0313844
0.827652	0.111460	0.0311803
0.830629	0.145926	0.0300063
0.833625	0.0717273	0.0300082
0.836641	0.0982015	0.0301491
0.839676	0.200748	0.0306866
0.842732	0.178232	0.0301802
0.845806	0.126025	0.0299676
0.848901	0.139156	0.0280996
0.852015	0.142856	0.0285190
0.855149	0.202237	0.0286565
0.858302	0.175474	0.0380698
0.861475	0.184433	0.0279065
0.864667	0.175832	0.0270634
0.867878	0.120093	0.0262033
0.871109	0.110329	0.0262840
0.874359	0.178732	0.0261652
0.877628	0.170739	0.0277947
0.880916	0.212917	0.0269363
0.884223	0.185210	0.0275776
0.887548	0.205773	0.0267044
0.890893	0.214687	0.0261260
0.894256	0.213851	0.0261237
0.897637	0.139247	0.0262377
0.901037	0.254713	0.0240798
0.904455	0.244732	0.0250023
0.907892	0.203502	0.0234521
0.911346	0.235384	0.0242070
0.914818	0.230265	0.0235302
0.918308	0.271797	0.0235554
0.921816	0.291898	0.0221025
0.925341	0.239253	0.0236303
0.928883	0.336774	0.0249254
0.932443	0.339175	0.0272687
0.936020	0.353846	0.0287190
0.939613	0.339676	0.0286404
0.943223	0.372592	0.0274427
0.946850	0.298583	0.0265697
0.950493	0.378184	0.0257335
0.954153	0.315872	0.0239358
0.957828	0.400909	0.0220615
0.961519	0.389872	0.0218108
0.965226	0.353594	0.0217531
0.968949	0.404553	0.0226366
0.972686	0.389437	0.0199557
0.976439	0.428151	0.0200169
0.980207	0.430856	0.0199021
0.983990	0.412962	0.0197412
0.987788	0.429998	0.0193713
0.991599	0.403769	0.0202777
0.995425	0.419095	0.0205151
0.999265	0.331729	0.0204404
1.00312	0.399744	0.0191390
1.00699	0.444413	0.0186426
1.01087	0.406908	0.0184778
1.01476	0.411453	0.0193751
1.01867	0.414861	0.0194736
1.02259	0.457697	0.0197055
1.02652	0.432783	0.0195309
1.03047	0.508401	0.0193417
1.03442	0.494172	0.0193524
1.03839	0.514026	0.0186225
1.04237	0.528759	0.0185458
1.04637	0.515415	0.0178074
1.05037	0.527814	0.0159521
1.05439	0.546415	0.0148113
1.05841	0.547043	0.0134159
1.06245	0.544423	0.0131633
1.06650	0.541891	0.0146311
1.07056	0.582398	0.0158015
1.07462	0.580875	0.0165583
1.07870	0.585953	0.0180690
1.08279	0.646331	0.0174923
1.08689	0.628459	0.0179186
1.09099	0.623482	0.0178697
1.09511	0.618168	0.0172625
1.09923	0.619539	0.0172810
1.10337	0.632751	0.0166786
1.10751	0.646414	0.0152639
1.11166	0.653415	0.0147963
1.11582	0.651836	0.0147248
1.11998	0.666747	0.0159095
1.12416	0.649789	0.0158205
1.12834	0.630497	0.0178181
1.13253	0.604308	0.0176561
1.13672	0.577674	0.0186475
1.14092	0.626530	0.0188466
1.14513	0.590878	0.0175288
1.14935	0.681866	0.0185388
1.15357	0.714657	0.0175397
1.15780	0.672759	0.0170995
1.16203	0.681207	0.0158870
1.16627	0.638476	0.0146760
1.17051	0.634747	0.0129448
1.17476	0.608343	0.0117446
1.17901	0.635336	0.0109068
1.18327	0.680813	0.0104733
1.18754	0.698508	0.0103386
1.19181	0.692549	0.0116736
1.19608	0.699585	0.0132601
1.20035	0.684246	0.0139418
1.20463	0.710831	0.0147943
1.20892	0.736483	0.0152884
1.21320	0.745036	0.0145667
1.21749	0.767635	0.0153974
1.22179	0.765129	0.0148315
1.22608	0.824226	0.0150873
1.23038	0.816353	0.0146763
1.23468	0.807085	0.0138148
1.23899	0.780417	0.0128424
1.24329	0.786101	0.0115024
1.24760	0.799231	0.0110076
1.25191	0.808603	0.0107573
1.25622	0.833673	0.0113653
1.26053	0.854476	0.0135904
1.26485	0.936366	0.0152445
1.26916	0.888320	0.0169764
1.27348	0.907274	0.0189341
1.27779	0.913063	0.0177437
1.28211	0.862011	0.0164463
1.28643	0.912306	0.0160965
1.29075	0.911891	0.0147564
1.29507	0.922643	0.0153171
1.29938	0.910351	0.0145146
1.30370	0.930238	0.0147006
1.30802	0.949039	0.0150760
1.31234	0.962079	0.0143069
1.31665	0.949992	0.0134105
1.32097	0.927359	0.0128911
1.32528	0.891403	0.0117088
1.32960	0.833375	0.0112870
1.33391	0.731304	0.0100086
1.33822	0.656429	0.0100195
1.34253	0.605391	0.0100995
1.34684	0.580739	0.0117403
1.35114	0.571503	0.0148867
1.35545	0.581418	0.0198996
1.35975	0.606845	0.0289473
1.36405	0.458140	0.0407062
1.36835	0.618614	0.0364573
1.37264	0.583931	0.0293942
1.37693	0.608009	0.0277444
1.38122	0.615917	0.0275305
1.38551	0.664974	0.0286562
1.38980	0.598816	0.0260890
1.39408	0.608023	0.0259923
1.39835	0.594965	0.0284672
1.40263	0.562314	0.0293675
1.40690	0.644093	0.0294199
1.41117	0.547915	0.0273304
1.41543	0.569281	0.0248081
1.41969	0.566826	0.0212253
1.42395	0.521300	0.0182415
1.42820	0.518095	0.0162109
1.43245	0.537761	0.0168498
1.43670	0.572375	0.0162241
1.44094	0.583855	0.0153777
1.44518	0.577689	0.0153140
1.44941	0.574239	0.0168707
1.45364	0.620964	0.0178954
1.45786	0.633606	0.0186339
1.46208	0.627109	0.0174951
1.46629	0.643471	0.0176153
1.47050	0.688272	0.0162573
1.47470	0.657091	0.0174664
1.47890	0.681869	0.0175328
1.48310	0.667960	0.0182656
1.48729	0.677380	0.0176933
1.49147	0.690582	0.0156746
1.49565	0.666694	0.0133701
1.49982	0.702806	0.0160964
1.50399	0.714121	0.0184246
1.50816	0.737961	0.0189047
1.51231	0.747325	0.0179114
1.51647	0.773170	0.0140515
1.52061	0.771056	0.0153539
1.52475	0.783287	0.0171846
1.52889	0.797550	0.0185486
1.53302	0.820093	0.0178024
1.53714	0.812668	0.0174234
1.54126	0.827380	0.0165949
1.54537	0.843634	0.0149683
1.54948	0.877004	0.0154758
1.55358	0.878529	0.0149321
1.55767	0.877989	0.0157786
1.56176	0.889683	0.0165537
1.56584	0.878430	0.0158140
1.56992	0.888972	0.0142862
1.57399	0.914726	0.0128480
1.57805	0.916171	0.0159898
1.58211	0.887598	0.0192934
1.58616	0.925053	0.0189009
1.59020	0.910309	0.0176444
1.59424	0.898575	0.0129805
1.59827	0.922604	0.0146719
1.60230	0.960476	0.0165203
1.60632	0.919880	0.0181810
1.61033	0.917834	0.0186426
1.61433	0.919949	0.0171308
1.61833	0.898687	0.0175468
1.62233	0.973421	0.0175033
1.62631	0.936079	0.0151740
1.63029	0.968854	0.0151753
1.63427	0.962827	0.0140397
1.63824	0.960428	0.0147856
1.64220	0.953603	0.0151116
1.64615	0.977298	0.0157218
1.65010	1.01718	0.0154757
1.65404	1.02943	0.0140825
1.65797	0.993123	0.0116658
1.66190	0.987074	0.0116607
1.66582	0.964651	0.0166045
1.66974	1.00077	0.0183246
1.67365	1.02812	0.0185496
1.67755	0.994411	0.0148204
1.68144	0.970262	0.0109681
1.68533	0.976711	0.0133181
1.68921	1.01058	0.0152269
1.69309	1.00408	0.0162685
1.69696	1.01555	0.0176937
1.70082	1.01841	0.0161934
1.70468	1.00724	0.0159703
1.70853	0.973877	0.0159896
1.71237	0.955100	0.0146127
1.71621	0.943754	0.0142894
1.72003	0.948121	0.0136035
1.72386	0.960259	0.0130595
1.72768	0.906972	0.0132380
1.73149	0.904251	0.0135390
1.73529	0.873491	0.0137596
1.73909	0.878336	0.0146824
1.74288	0.863966	0.0146024
1.74666	0.823859	0.0136281
1.75044	0.832586	0.0121955
1.75421	0.809581	0.0101919
1.75798	0.793118	0.0105069
1.76174	0.766542	0.0154332
1.76549	0.772538	0.0174111
1.76924	0.759597	0.0175042
1.77298	0.729829	0.0144377
1.77671	0.707886	0.0107253
1.78044	0.707216	0.0108520
1.78416	0.700805	0.0149436
1.78788	0.677967	0.0150224
1.79159	0.681709	0.0152653
1.79529	0.690238	0.0170432
1.79899	0.643115	0.0177420
1.80268	0.632725	0.0203166
1.80637	0.649679	0.0210878
1.81005	0.679710	0.0206908
1.81372	0.666030	0.0210957
1.81739	0.677453	0.0214771
1.82105	0.724978	0.0202615
1.82471	0.732192	0.0228384
1.82836	0.741275	0.0253829
1.83200	0.693997	0.0299298
1.83564	0.672020	0.0324695
1.83927	0.626874	0.0388315
1.84290	0.659094	0.0413519
1.84652	0.627615	0.0381489
1.85014	0.632830	0.0405895
1.85375	0.625824	0.0399263
1.85735	0.578695	0.0356916
1.86095	0.639841	0.0298789
1.86454	0.624659	0.0280303
1.86813	0.621746	0.0377120
1.87171	0.581038	0.0606960
1.87529	0.614437	0.0571475
1.87886	0.631794	0.0341291
1.88242	0.668636	0.0220419
1.88598	0.626126	0.0193694
1.88954	0.609682	0.0194669
1.89309	0.662878	0.0205244
1.89663	0.640599	0.0230795
1.90017	0.642194	0.0275365
1.90370	0.623391	0.0327392
1.90723	0.674575	0.0298496
1.91075	0.669443	0.0267240
1.91427	0.696602	0.0246588
1.91778	0.691904	0.0242643
1.92129	0.677736	0.0259659
1.92479	0.686851	0.0250627
1.92829	0.635635	0.0233096
1.93178	0.635695	0.0204552
1.93527	0.653283	0.0168902
1.93875	0.632938	0.0154775
1.94223	0.617504	0.0134850
1.94570	0.606654	0.0127577
1.94916	0.625630	0.0141122
1.95263	0.594056	0.0162489
1.95608	0.610545	0.0179179
1.95953	0.571155	0.0180569
1.96298	0.589576	0.0165976
1.96642	0.583372	0.0172619
1.96986	0.567150	0.0152104
1.97329	0.561438	0.0148734
1.97672	0.569917	0.0134455
1.98015	0.564949	0.0120719
1.98356	0.573630	0.0100540
1.98698	0.565807	0.00893278
1.99039	0.580143	0.00885947
1.99379	0.594842	0.00997575
1.99719	0.621537	0.0162943
2.00059	0.618631	0.0235176
2.00398	0.597688	0.0298796
2.00736	0.564716	0.0259058
2.01074	0.613542	0.0184760
2.01412	0.621239	0.0169420
2.01749	0.599397	0.0156096
2.02086	0.611600	0.0138219
2.02422	0.624933	0.0146552
2.02758	0.608629	0.0135622
2.03093	0.612730	0.0136952
2.03428	0.636291	0.0121959
2.03762	0.641641	0.0136429
2.04096	0.628350	0.0133125
2.04430	0.653654	0.0134165
2.04763	0.671985	0.0124425
2.05095	0.658238	0.0131960
2.05428	0.679028	0.0162729
2.05759	0.686417	0.0158262
2.06090	0.687715	0.0140741
2.06421	0.687022	0.0108463
2.06752	0.686425	0.0111732
2.07082	0.706654	0.0125212
2.07411	0.691791	0.0117587
2.07740	0.714653	0.0107941
2.08068	0.710979	0.00920448
2.08397	0.716905	0.00935781
2.08724	0.747445	0.0100777
2.09051	0.706888	0.0100635
2.09378	0.720042	0.00933967
2.09704	0.726357	0.00850254
2.10030	0.745994	0.00830149
2.10355	0.739859	0.00916849
2.10680	0.742965	0.0101813
2.11005	0.743116	0.0106259
2.11329	0.759927	0.0107380
2.11652	0.742401	0.0106769
2.11975	0.748135	0.0104861
2.12298	0.759098	0.0108053
2.12620	0.752640	0.0102835
2.12942	0.768750	0.0101346
2.13263	0.764911	0.00923810
2.13584	0.752243	0.00891638
2.13904	0.775689	0.00842030
2.14224	0.768576	0.00803745
2.14544	0.755613	0.00895261
2.14862	0.761056	0.0117651
2.15181	0.742483	0.0130220
2.15499	0.769137	0.0131587
2.15816	0.768295	0.0113579
2.16133	0.779171	0.00949536
2.16450	0.789440	0.00883673
2.16766	0.767523	0.00903525
2.17082	0.757732	0.00912744
2.17397	0.753733	0.00931310
2.17712	0.770510	0.0107225
2.18026	0.767950	0.0111478
2.18339	0.794314	0.0116083
2.18653	0.759404	0.0111713
2.18965	0.766921	0.0101339
2.19278	0.750877	0.0116244
2.19589	0.761459	0.0117985
2.19901	0.756160	0.0120954
2.20212	0.769397	0.0116551
2.20522	0.740904	0.0106421
2.20832	0.739036	0.0110398
2.21141	0.734945	0.0118288
2.21450	0.754690	0.0113920
2.21758	0.754137	0.0110754
2.22066	0.737923	0.00981072
2.22373	0.734828	0.00994369
2.22680	0.732280	0.0103182
2.22986	0.727253	0.0113566
2.23292	0.722844	0.0113297
2.23597	0.730989	0.0111162
2.23902	0.739705	0.0101359
2.24206	0.716315	0.00972754
2.24510	0.728863	0.00992782
2.24813	0.752263	0.0105522
2.25116	0.720681	0.0110884
2.25418	0.734032	0.0108693
2.25720	0.716713	0.0107729
2.26021	0.739764	0.0105433
2.26322	0.715079	0.0105428
2.26622	0.716525	0.0107843
2.26921	0.701028	0.0109229
2.27220	0.711567	0.0112166
2.27519	0.704720	0.0112668
2.27817	0.701532	0.0111260
2.28115	0.704369	0.0109197
2.28412	0.706932	0.0108981
2.28708	0.696504	0.0109136
2.29004	0.706006	0.0110514
2.29300	0.619001	0.0112502
2.29595	0.560544	0.0114946
2.29889	0.531468	0.0116045
2.30183	0.522596	0.0117111
2.30476	0.539535	0.0116047
2.30769	0.546931	0.0112261
2.31062	0.541903	0.0110339
2.31353	0.535683	0.0111943
2.31645	0.545479	0.0118312
2.31936	0.545030	0.0127374
2.32226	0.522761	0.0125576
2.32516	0.509290	0.0119382
2.32805	0.495716	0.0117440
2.33094	0.497169	0.0117776
2.33382	0.530809	0.0119382
2.33670	0.522307	0.0122194
2.33957	0.534090	0.0126944
2.34244	0.537039	0.0131268
2.34531	0.535198	0.0134707
2.34816	0.531708	0.0138862
2.35102	0.526921	0.0145117
2.35387	0.526063	0.0146860
2.35671	0.529893	0.0142762
2.35955	0.490723	0.0135732
2.36239	0.510442	0.0132926
2.36522	0.509057	0.0135899
2.36805	0.509781	0.0149921
2.37087	0.527759	0.0163959
2.37369	0.523574	0.0167248
2.37650	0.506136	0.0160771
2.37931	0.523639	0.0154604
2.38212	0.501006	0.0162634
2.38492	0.475677	0.0191232
2.38772	0.482812	0.0200529
2.39051	0.477766	0.0170627
2.39330	0.488464	0.0159219
2.39609	0.522898	0.0156917
2.39887	0.507599	0.0155539
2.40165	0.497057	0.0159866
2.40443	0.509017	0.0168695
2.40720	0.481791	0.0175866
2.40997	0.497882	0.0179888
2.41274	0.452564	0.0190106
2.41551	0.487035	0.0208035
2.41827	0.462059	0.0216090
2.42103	0.503953	0.0206019
2.42379	0.458580	0.0184778
2.42654	0.479196	0.0170811
2.42930	0.465421	0.0173750
2.43205	0.445716	0.0203528
2.43480	0.439426	0.0229585
2.43755	0.429529	0.0234008
2.44029	0.478217	0.0202489
2.44304	0.463475	0.0206413
2.44579	0.416121	0.0242431
2.44853	0.444373	0.0283319
2.45127	0.425015	0.0274352
2.45402	0.370399	0.0246101
2.45676	0.409355	0.0206694
2.45950	0.435027	0.0206464
2.46225	0.466345	0.0225264
2.46499	0.416596	0.0266704
2.46774	0.131678	0.0188864
2.47049	0.399576	0.0301270
2.47323	0.367918	0.0301807
2.47598	0.394860	0.0298144
2.47874	0.379681	0.0296510
2.48149	0.387690	0.0350344
2.48425	0.429415	0.0413318
2.48701	0.439335	0.0439970
2.48977	0.345686	0.0457857
2.49254	0.300555	0.0478620
2.49530	0.383708	0.0442446
2.49808	0.354319	0.0421050
2.50086	0.381326	0.0379026
2.50364	0.412658	0.0430531
2.50643	0.278444	0.0497047
2.50922	0.416183	0.0542988
2.51202	0.370768	0.0612091
2.51483	0.466619	0.0808459
2.51764	0.407384	0.0878381
2.52046	0.471720	0.0874130
2.52329	0.393265	0.0779543
2.52613	0.378554	0.0897179
2.52897	0.341939	0.128215
2.53183	0.447369	0.182027
2.53469	0.607570	0.236714
2.53756	0.709563	0.234767
2.54045	0.154636	0.202912
2.54334	0.346849	0.230096
2.54625	-0.0339646	0.341698
2.54917	-0.617038	0.574835
2.55210	0.595467	0.572464
2.55504	0.263234	0.477027
2.55800	0.110009	0.319500
