#  ----------------------------------------------------------------------------------
# SpeX prism spectrum of IPMS J013656.57+093347.3 (J01365662+0933473)
# Originally observed on 2006 Sep 03
# Average resolution = 120
# Originally published in Burgasser et al. (2008) ApJ, 681, 579
#
# PLEASE CITE THE ORIGINAL DATA REFERENCE WHEN PUBLISHING OR PRESENTING THESE DATA
#
# Near infrared spectral type: T2.5
# J magnitude = 13.455
# H magnitude = 12.771
# Ks magnitude = 12.562
#
#  Wavelength (micron)   F_lambda (normalized)  Noise (normalized as F_lambda)
#  ----------------------------------------------------------------------------------
0.653073	0.0257054	0.0302419
0.655278	0.0360684	0.0263158
0.657472	0.00995030	0.0233572
0.659659	0.0245724	0.0221678
0.661837	0.0588975	0.0218537
0.664008	0.0946473	0.0214318
0.666173	0.0255120	0.0204163
0.668333	0.0337135	0.0210627
0.670489	0.0172941	0.0196616
0.672641	-0.0149404	0.0196179
0.674791	-0.0105774	0.0190343
0.676939	0.0420144	0.0185029
0.679085	-0.0210266	0.0192112
0.681232	0.0130299	0.0167404
0.683380	0.0243843	0.0165579
0.685528	-0.00801996	0.0167777
0.687679	0.0134295	0.0155438
0.689833	0.00495389	0.0155011
0.691990	0.0554632	0.0139083
0.694151	0.0221459	0.0136859
0.696316	0.0220733	0.0132350
0.698488	0.00545595	0.0129862
0.700665	-0.0104429	0.0120600
0.702849	-0.00592624	0.0124807
0.705040	0.00222427	0.0108634
0.707239	0.00640017	0.0107917
0.709446	0.0307908	0.00985253
0.711662	0.0237478	0.00954857
0.713887	0.0205584	0.00908549
0.716122	0.00453019	0.00653981
0.718368	0.0194012	0.00411196
0.720624	-0.00292894	0.00851199
0.722892	0.0111618	0.00861245
0.725172	0.00955578	0.00882134
0.727463	0.0170371	0.00843504
0.729767	0.00182640	0.00814317
0.732085	-0.0112774	0.00778433
0.734415	0.0269534	0.00779237
0.736759	0.00949672	0.00735300
0.739118	-0.00111463	0.00724097
0.741491	0.0101935	0.00720483
0.743878	0.0186917	0.00764030
0.746281	0.0135077	0.00646964
0.748699	0.00526534	0.00636092
0.751133	0.00126065	0.00583736
0.753583	-0.0169240	0.00608799
0.756049	2.49473e-05	0.00580160
0.758531	-0.0166030	0.00677124
0.761031	0.00470333	0.00721623
0.763547	-0.00417622	0.00747787
0.766081	-0.00796606	0.00662293
0.768632	-0.0120675	0.00595975
0.771200	0.00650290	0.00515085
0.773787	0.00339152	0.00510361
0.776391	0.00509023	0.00489939
0.779014	0.00208194	0.00472604
0.781655	-0.000515214	0.00457306
0.784315	0.0160200	0.00470389
0.786993	0.00610250	0.00436630
0.789690	0.00486601	0.00446761
0.792406	-0.00202248	0.00436860
0.795141	0.000458521	0.00457026
0.797895	0.00900510	0.00439801
0.800668	0.0118130	0.00447133
0.803461	0.00632673	0.00427928
0.806273	0.0212064	0.00421961
0.809104	0.0197954	0.00411759
0.811955	0.0122185	0.00416082
0.814826	0.0121781	0.00392374
0.817716	0.0301171	0.00383759
0.820625	0.0147282	0.00371041
0.823555	0.0298248	0.00389780
0.826504	0.0344190	0.00384389
0.829473	0.0231278	0.00388460
0.832461	0.0288381	0.00373612
0.835470	0.0302944	0.00376412
0.838497	0.0338021	0.00367991
0.841545	0.0561530	0.00368521
0.844612	0.0508077	0.00355864
0.847699	0.0471706	0.00349771
0.850806	0.0535556	0.00322373
0.853932	0.0564862	0.00320896
0.857078	0.0650382	0.00309325
0.860243	0.0635004	0.00313822
0.863427	0.0702321	0.00307330
0.866631	0.0762711	0.00339959
0.869855	0.0865165	0.00310589
0.873097	0.0866491	0.00315194
0.876359	0.0923695	0.00320734
0.879639	0.103755	0.00333415
0.882939	0.112906	0.00323965
0.886257	0.117634	0.00332992
0.889594	0.128680	0.00321772
0.892950	0.127628	0.00319935
0.896324	0.138294	0.00318249
0.899717	0.139808	0.00314905
0.903128	0.165966	0.00303738
0.906558	0.180149	0.00309963
0.910005	0.194916	0.00304086
0.913470	0.205618	0.00309933
0.916954	0.212612	0.00305998
0.920454	0.222817	0.00307469
0.923973	0.225636	0.00301957
0.927508	0.209931	0.00312410
0.931061	0.201545	0.00318155
0.934631	0.214111	0.00332807
0.938218	0.242562	0.00340021
0.941822	0.270331	0.00344033
0.945442	0.277316	0.00363127
0.949079	0.285545	0.00327929
0.952732	0.302138	0.00318902
0.956402	0.305032	0.00304639
0.960087	0.313609	0.00300717
0.963788	0.328173	0.00297458
0.967504	0.347913	0.00300415
0.971236	0.363615	0.00308689
0.974983	0.382565	0.00294104
0.978745	0.399910	0.00294335
0.982522	0.418317	0.00301929
0.986314	0.411671	0.00292785
0.990120	0.405573	0.00292367
0.993941	0.395660	0.00291523
0.997775	0.413052	0.00291784
1.00162	0.416870	0.00286113
1.00549	0.442833	0.00278828
1.00936	0.471351	0.00281443
1.01325	0.487691	0.00287983
1.01715	0.501657	0.00294096
1.02107	0.519503	0.00295502
1.02500	0.536567	0.00296450
1.02894	0.565707	0.00295227
1.03289	0.581822	0.00300693
1.03685	0.602377	0.00296918
1.04083	0.621583	0.00296185
1.04482	0.643866	0.00300607
1.04882	0.660896	0.00286027
1.05283	0.674588	0.00279108
1.05685	0.681892	0.00269422
1.06088	0.699511	0.00265474
1.06493	0.719167	0.00269048
1.06898	0.738109	0.00281649
1.07305	0.745298	0.00282872
1.07712	0.764836	0.00293526
1.08121	0.762665	0.00290732
1.08530	0.775589	0.00293943
1.08940	0.754432	0.00292774
1.09351	0.709086	0.00280021
1.09764	0.659325	0.00270862
1.10177	0.613790	0.00261594
1.10590	0.562283	0.00244383
1.11005	0.529268	0.00232328
1.11421	0.499579	0.00225722
1.11837	0.494978	0.00227356
1.12254	0.501544	0.00230897
1.12672	0.507709	0.00242464
1.13090	0.497507	0.00246233
1.13510	0.466152	0.00240896
1.13929	0.457858	0.00246655
1.14350	0.483017	0.00242432
1.14771	0.500701	0.00243526
1.15193	0.520092	0.00244791
1.15616	0.517071	0.00257290
1.16039	0.506375	0.00231535
1.16462	0.489860	0.00214693
1.16887	0.475956	0.00203331
1.17311	0.461568	0.00189950
1.17737	0.492551	0.00188347
1.18162	0.536493	0.00187800
1.18588	0.596879	0.00194330
1.19015	0.645351	0.00200447
1.19442	0.671369	0.00216780
1.19870	0.690650	0.00223518
1.20297	0.726484	0.00229926
1.20726	0.756575	0.00237879
1.21154	0.787039	0.00235891
1.21583	0.818633	0.00240217
1.22012	0.847081	0.00242988
1.22442	0.869714	0.00240242
1.22871	0.892303	0.00246085
1.23302	0.900026	0.00236561
1.23732	0.892007	0.00249492
1.24162	0.888781	0.00224555
1.24593	0.871740	0.00214628
1.25024	0.885433	0.00212368
1.25455	0.921437	0.00219785
1.25886	0.961359	0.00225280
1.26317	1.01319	0.00243140
1.26749	1.01484	0.00251839
1.27180	1.03874	0.00270248
1.27612	1.03582	0.00269955
1.28044	1.02611	0.00254589
1.28476	1.00255	0.00249487
1.28907	1.00136	0.00243872
1.29339	0.980865	0.00261082
1.29771	0.968242	0.00240319
1.30203	0.956911	0.00232935
1.30635	0.941640	0.00236762
1.31066	0.925608	0.00231298
1.31498	0.906500	0.00224731
1.31930	0.876424	0.00215534
1.32361	0.808806	0.00207763
1.32792	0.689325	0.00190128
1.33224	0.511082	0.00168297
1.33655	0.338027	0.00141952
1.34086	0.227972	0.00125600
1.34517	0.184550	0.00123225
1.34947	0.162222	0.00129567
1.35378	0.142963	0.00148943
1.35808	0.141786	0.00177546
1.36238	0.147499	0.00222623
1.36668	0.157917	0.00269836
1.37098	0.161545	0.00235382
1.37527	0.173614	0.00221435
1.37956	0.187193	0.00223330
1.38385	0.195663	0.00229489
1.38813	0.189200	0.00228312
1.39242	0.182530	0.00210847
1.39670	0.167046	0.00218196
1.40097	0.167354	0.00227791
1.40525	0.158975	0.00237529
1.40951	0.161525	0.00237008
1.41378	0.148044	0.00226705
1.41804	0.144610	0.00201002
1.42230	0.143104	0.00174767
1.42656	0.143279	0.00157063
1.43081	0.151457	0.00160109
1.43505	0.157478	0.00193955
1.43930	0.162935	0.00156930
1.44353	0.173158	0.00157235
1.44777	0.188280	0.00170571
1.45200	0.211374	0.00181630
1.45622	0.230724	0.00191120
1.46044	0.243762	0.00183526
1.46466	0.244820	0.00184205
1.46887	0.249982	0.00176787
1.47308	0.254550	0.00177863
1.47728	0.267996	0.00186498
1.48147	0.278062	0.00189449
1.48566	0.290492	0.00193426
1.48985	0.301831	0.00180756
1.49403	0.313859	0.00165849
1.49821	0.326457	0.00166220
1.50238	0.343224	0.00200349
1.50654	0.360488	0.00203935
1.51070	0.386789	0.00206491
1.51486	0.400230	0.00181198
1.51901	0.425785	0.00181032
1.52315	0.442668	0.00194482
1.52729	0.468274	0.00213427
1.53142	0.490066	0.00212270
1.53554	0.512140	0.00208219
1.53966	0.533205	0.00207243
1.54378	0.562599	0.00195256
1.54789	0.581948	0.00198924
1.55199	0.598736	0.00197339
1.55608	0.602617	0.00200695
1.56017	0.614740	0.00210406
1.56426	0.624306	0.00207299
1.56834	0.645791	0.00200337
1.57241	0.669128	0.00188940
1.57647	0.685374	0.00199278
1.58053	0.694049	0.00230097
1.58459	0.693150	0.00235348
1.58863	0.695736	0.00226829
1.59267	0.710885	0.00245664
1.59671	0.713638	0.00193896
1.60074	0.704506	0.00214063
1.60476	0.683269	0.00220633
1.60877	0.665505	0.00233644
1.61278	0.636859	0.00216859
1.61678	0.620871	0.00216984
1.62078	0.608319	0.00210599
1.62477	0.594211	0.00209379
1.62875	0.577677	0.00194553
1.63273	0.573672	0.00188491
1.63670	0.569386	0.00187628
1.64066	0.576776	0.00197315
1.64462	0.587236	0.00199115
1.64857	0.601446	0.00202295
1.65251	0.604255	0.00193955
1.65645	0.608449	0.00180838
1.66038	0.595696	0.00165044
1.66430	0.571748	0.00194036
1.66822	0.539367	0.00212997
1.67213	0.511142	0.00213044
1.67604	0.512257	0.00199676
1.67993	0.532291	0.00167989
1.68383	0.548652	0.00169707
1.68771	0.556309	0.00193812
1.69159	0.543071	0.00196467
1.69546	0.528117	0.00206065
1.69932	0.514559	0.00199894
1.70318	0.516086	0.00193162
1.70703	0.501973	0.00193446
1.71088	0.493363	0.00182290
1.71472	0.479543	0.00177711
1.71855	0.470234	0.00175159
1.72238	0.460818	0.00165895
1.72620	0.449205	0.00165936
1.73001	0.432431	0.00165529
1.73382	0.412578	0.00167005
1.73762	0.399895	0.00169206
1.74141	0.380859	0.00172927
1.74520	0.371122	0.00164694
1.74898	0.354064	0.00154247
1.75275	0.336202	0.00138359
1.75652	0.318869	0.00129481
1.76028	0.305237	0.00153183
1.76404	0.300502	0.00179562
1.76779	0.282378	0.00182152
1.77153	0.266112	0.00169921
1.77527	0.250402	0.00133068
1.77900	0.239853	0.00125231
1.78272	0.228640	0.00142830
1.78644	0.229700	0.00162246
1.79015	0.211841	0.00151256
1.79386	0.210005	0.00162744
1.79756	0.202375	0.00163622
1.80125	0.200112	0.00173676
1.80494	0.186889	0.00183437
1.80862	0.186746	0.00179294
1.81230	0.191832	0.00179662
1.81597	0.196611	0.00186812
1.81963	0.206922	0.00187637
1.82329	0.209636	0.00196178
1.82694	0.207363	0.00209595
1.83059	0.198219	0.00205652
1.83423	0.184590	0.00208856
1.83787	0.188196	0.00234470
1.84149	0.180271	0.00271766
1.84512	0.182390	0.00270906
1.84874	0.179785	0.00270382
1.85235	0.173999	0.00274321
1.85595	0.170277	0.00250492
1.85955	0.150706	0.00217761
1.86315	0.142969	0.00191226
1.86674	0.148391	0.00199941
1.87032	0.145606	0.00305852
1.87390	0.160014	0.00400235
1.87747	0.182085	0.00324710
1.88104	0.195315	0.00226230
1.88460	0.199171	0.00173679
1.88816	0.194383	0.00168901
1.89171	0.200498	0.00166662
1.89526	0.204936	0.00179633
1.89880	0.214007	0.00191702
1.90233	0.210808	0.00227483
1.90586	0.217685	0.00234794
1.90939	0.228851	0.00223885
1.91291	0.233624	0.00204949
1.91642	0.237237	0.00213199
1.91993	0.236216	0.00222648
1.92343	0.228160	0.00225119
1.92693	0.207103	0.00204696
1.93043	0.194037	0.00188783
1.93392	0.176654	0.00160499
1.93740	0.166703	0.00149191
1.94088	0.159893	0.00139388
1.94435	0.158722	0.00129917
1.94782	0.169117	0.00133951
1.95128	0.167875	0.00144875
1.95474	0.168133	0.00161190
1.95820	0.160228	0.00169058
1.96165	0.163454	0.00163760
1.96509	0.167338	0.00160508
1.96853	0.174176	0.00159240
1.97196	0.177950	0.00150920
1.97539	0.176779	0.00142048
1.97882	0.176496	0.00131021
1.98224	0.184089	0.00118642
1.98566	0.184057	0.00106367
1.98907	0.188285	0.00104361
1.99247	0.189870	0.00105850
1.99587	0.196045	0.00134491
1.99927	0.203378	0.00186056
2.00266	0.198305	0.00238901
2.00605	0.204696	0.00254088
2.00943	0.211577	0.00204305
2.01281	0.213375	0.00180538
2.01618	0.222498	0.00176881
2.01955	0.233024	0.00166773
2.02292	0.242632	0.00168745
2.02628	0.247368	0.00154937
2.02963	0.247217	0.00149943
2.03298	0.253430	0.00143767
2.03633	0.260197	0.00154175
2.03967	0.267045	0.00150973
2.04301	0.269531	0.00145683
2.04634	0.273749	0.00145906
2.04967	0.280886	0.00139171
2.05299	0.279196	0.00163230
2.05631	0.287877	0.00180249
2.05962	0.295302	0.00176760
2.06293	0.300365	0.00142792
2.06624	0.299633	0.00134071
2.06954	0.302683	0.00145458
2.07283	0.304680	0.00145064
2.07612	0.307934	0.00138585
2.07941	0.312159	0.00127434
2.08269	0.311369	0.00123455
2.08597	0.311531	0.00127614
2.08925	0.310246	0.00128223
2.09251	0.314746	0.00126001
2.09578	0.315694	0.00121955
2.09904	0.316128	0.00117180
2.10229	0.312416	0.00120901
2.10555	0.313328	0.00126404
2.10879	0.312174	0.00131029
2.11203	0.310960	0.00132427
2.11527	0.312781	0.00131745
2.11850	0.312011	0.00130538
2.12173	0.308687	0.00131846
2.12495	0.309368	0.00129129
2.12817	0.306571	0.00128182
2.13139	0.306023	0.00123556
2.13460	0.306066	0.00119583
2.13780	0.304692	0.00118007
2.14100	0.299864	0.00113335
2.14420	0.300524	0.00115014
2.14739	0.294693	0.00130230
2.15058	0.292505	0.00142756
2.15376	0.286331	0.00146021
2.15693	0.286770	0.00138424
2.16011	0.280589	0.00122056
2.16327	0.275333	0.00115227
2.16644	0.274740	0.00114644
2.16960	0.276009	0.00118471
2.17275	0.269940	0.00117038
2.17590	0.263593	0.00122649
2.17904	0.259961	0.00128233
2.18218	0.258324	0.00128945
2.18531	0.251227	0.00142795
2.18844	0.242009	0.00119450
2.19157	0.234787	0.00123507
2.19469	0.226114	0.00129109
2.19780	0.212277	0.00126020
2.20091	0.196240	0.00124849
2.20402	0.183753	0.00115270
2.20712	0.174883	0.00112951
2.21021	0.176665	0.00121423
2.21330	0.184741	0.00120691
2.21639	0.184885	0.00118373
2.21947	0.181830	0.00120435
2.22254	0.182530	0.00106688
2.22561	0.182279	0.00109060
2.22867	0.182453	0.00115695
2.23173	0.174851	0.00117399
2.23479	0.172495	0.00115388
2.23784	0.172073	0.00111278
2.24088	0.166889	0.00103685
2.24392	0.164337	0.00104431
2.24696	0.156936	0.00105524
2.24999	0.154233	0.00110487
2.25301	0.153384	0.00109299
2.25603	0.151742	0.00107322
2.25904	0.148696	0.00105151
2.26205	0.147537	0.00104017
2.26505	0.145933	0.00104666
2.26805	0.145014	0.00106512
2.27105	0.143056	0.00107368
2.27403	0.144080	0.00109029
2.27702	0.141730	0.00113065
2.27999	0.138835	0.00112424
2.28297	0.137873	0.00110333
2.28593	0.135787	0.00110892
2.28890	0.132801	0.00110123
2.29185	0.126010	0.00110536
2.29480	0.118509	0.00110491
2.29775	0.109869	0.00110655
2.30069	0.108417	0.00110471
2.30363	0.109192	0.00111969
2.30656	0.112291	0.00110458
2.30948	0.115545	0.00109721
2.31240	0.117424	0.00108968
2.31532	0.115185	0.00111330
2.31823	0.106418	0.00113070
2.32113	0.0956265	0.00115840
2.32403	0.0938653	0.00111864
2.32693	0.0939138	0.00108587
2.32982	0.0922377	0.00107865
2.33270	0.0933765	0.00109368
2.33558	0.0903209	0.00109312
2.33846	0.0912176	0.00111383
2.34133	0.0923359	0.00114076
2.34420	0.0931925	0.00116856
2.34706	0.0953702	0.00119134
2.34991	0.0987472	0.00123229
2.35276	0.0963880	0.00124935
2.35561	0.0998220	0.00126455
2.35845	0.105028	0.00123523
2.36129	0.105583	0.00121395
2.36412	0.107715	0.00120402
2.36695	0.104647	0.00124854
2.36978	0.0978727	0.00131875
2.37260	0.0915173	0.00137194
2.37541	0.0897529	0.00136611
2.37822	0.0933924	0.00130635
2.38103	0.0924827	0.00131308
2.38383	0.0925325	0.00137996
2.38663	0.0944046	0.00157026
2.38943	0.101005	0.00160540
2.39222	0.102147	0.00145820
2.39501	0.104882	0.00137865
2.39779	0.106154	0.00134473
2.40058	0.107460	0.00136084
2.40335	0.111558	0.00138188
2.40613	0.112911	0.00143245
2.40890	0.112581	0.00145106
2.41167	0.111673	0.00148367
2.41444	0.114331	0.00156978
2.41720	0.114413	0.00166276
2.41996	0.116288	0.00166042
2.42272	0.115111	0.00157540
2.42547	0.114819	0.00145750
2.42823	0.118374	0.00145521
2.43098	0.116072	0.00154303
2.43373	0.117229	0.00173381
2.43648	0.112175	0.00179270
2.43923	0.118175	0.00174560
2.44198	0.121298	0.00161055
2.44472	0.116831	0.00174052
2.44747	0.114684	0.00194659
2.45021	0.111970	0.00205283
2.45295	0.111585	0.00192315
2.45570	0.108380	0.00176495
2.45844	0.113306	0.00165295
2.46119	0.115552	0.00170057
2.46393	0.113809	0.00182350
2.46668	0.116367	0.00207104
2.46942	0.0588890	0.00178997
2.47217	0.100979	0.00223593
2.47492	0.100445	0.00219072
2.47767	0.0988967	0.00208460
2.48042	0.109249	0.00220451
2.48318	0.104576	0.00254338
2.48594	0.107773	0.00278367
2.48870	0.0999247	0.00284199
2.49146	0.0916221	0.00296004
2.49423	0.0933219	0.00292130
2.49700	0.101289	0.00279507
2.49978	0.0968258	0.00257255
2.50256	0.0999165	0.00267138
2.50535	0.0990622	0.00298247
2.50814	0.0940316	0.00331956
2.51094	0.0931298	0.00344405
2.51374	0.0893095	0.00408968
2.51655	0.0831267	0.00480702
2.51937	0.0911557	0.00501518
2.52220	0.0804463	0.00469295
2.52503	0.0933598	0.00450869
2.52787	0.0810554	0.00547432
2.53072	0.0765864	0.00707892
2.53358	0.0862247	0.00872578
2.53645	0.0789171	0.0104634
2.53933	0.0959674	0.00953342
2.54222	0.101355	0.00933072
2.54512	0.0954959	0.0104048
2.54803	0.0673274	0.0148594
2.55096	0.0788613	0.0186645
2.55390	0.0676695	0.0181732
2.55685	0.0663912	0.0146878
2.55982	0.107071	0.0105854
2.56280	0.0922311	0.00965882
