#  ----------------------------------------------------------------------------------
# SpeX prism spectrum of SDSS J073922.26+661503.5 (J07392203+6615039)
# Originally observed on 2008 Jan 09
# Average resolution = 120
# Originally published in Burgasser et al. (2010) ApJ, 710, 1142-1169
#
# PLEASE CITE THE ORIGINAL DATA REFERENCE WHEN PUBLISHING OR PRESENTING THESE DATA
#
# Near infrared spectral type: T1.5+/-1
# J magnitude = 16.823
# H magnitude = 15.998
# Ks magnitude = 15.831
#
#  Wavelength (micron)   F_lambda (normalized)  Noise (normalized as F_lambda)
#  ----------------------------------------------------------------------------------
0.648369	0.301789	0.982260
0.650598	0.303631	0.857949
0.652815	0.581717	0.815885
0.655021	0.608600	0.740121
0.657217	0.430876	0.687901
0.659404	1.32981	0.629314
0.661583	-0.615987	0.636250
0.663755	-0.549863	0.645639
0.665921	0.769141	0.658637
0.668081	0.148482	0.673022
0.670237	-0.554168	0.573012
0.672390	-0.836786	0.542984
0.674540	0.0822254	0.518044
0.676688	-0.662678	0.504410
0.678835	0.267117	0.493011
0.680982	0.552313	0.497255
0.683129	0.309948	0.498664
0.685278	0.812586	0.546041
0.687428	-0.388345	0.461620
0.689581	-0.0795051	0.405580
0.691738	-0.308809	0.394135
0.693898	0.164641	0.381431
0.696064	0.190546	0.357888
0.698234	-0.417306	0.343682
0.700411	0.0413305	0.337573
0.702594	0.620372	0.313578
0.704784	0.0224756	0.298353
0.706982	-0.00529432	0.280876
0.709188	0.447962	0.275432
0.711403	-0.113385	0.268539
0.713627	-0.0930351	0.260370
0.715861	0.215537	0.238112
0.718105	0.636406	0.249655
0.720361	-0.258428	0.235016
0.722627	0.269588	0.242913
0.724905	0.0824760	0.223126
0.727195	-0.0806120	0.221028
0.729498	0.334181	0.204638
0.731813	0.193405	0.210461
0.734142	0.0101845	0.189632
0.736485	0.401346	0.193567
0.738842	0.0492889	0.179826
0.741213	-0.0134608	0.179924
0.743599	0.0827157	0.171087
0.746000	-0.0133083	0.166044
0.748416	0.153603	0.150279
0.750848	-0.277483	0.158965
0.753296	-0.0432734	0.148594
0.755760	0.121271	0.160489
0.758241	0.104182	0.170317
0.760738	-0.254184	0.180084
0.763252	0.0577433	0.180698
0.765784	0.00371616	0.166971
0.768333	0.00436347	0.145333
0.770900	-0.0622181	0.155020
0.773484	0.110093	0.122205
0.776086	-0.106788	0.127733
0.778707	0.145086	0.117770
0.781346	0.0525012	0.117501
0.784003	0.0277859	0.114846
0.786680	-0.0123531	0.117077
0.789374	0.0220475	0.111593
0.792088	0.0736501	0.114106
0.794821	0.151747	0.113201
0.797573	0.232316	0.114328
0.800344	-0.114979	0.107935
0.803134	0.00839776	0.106851
0.805944	0.115837	0.103213
0.808773	-0.0161733	0.104001
0.811621	-0.104107	0.0956164
0.814490	-0.0217266	0.0996217
0.817377	-0.0618713	0.0983453
0.820285	0.0338890	0.0944715
0.823212	0.106176	0.0889991
0.826159	-0.0804562	0.0926246
0.829125	0.106004	0.108259
0.832112	0.157199	0.0904855
0.835117	0.0385770	0.0855706
0.838143	0.0129584	0.0915031
0.841188	-0.0194048	0.0862392
0.844253	-0.0291591	0.0889235
0.847338	0.147294	0.0819207
0.850442	0.0122982	0.0818396
0.853566	0.0692838	0.0749231
0.856710	-0.0349196	0.0747228
0.859873	0.0425174	0.0722639
0.863055	0.0377598	0.0748637
0.866256	0.126617	0.0711395
0.869477	0.230400	0.0726103
0.872718	0.0561803	0.0725228
0.875977	0.258007	0.0788336
0.879255	0.146650	0.0735736
0.882553	0.283894	0.0730897
0.885869	0.138744	0.0717265
0.889204	0.0580795	0.0725731
0.892557	0.199646	0.0701316
0.895930	0.191422	0.0727305
0.899320	0.195312	0.0669730
0.902729	0.204544	0.0651509
0.906157	0.285712	0.0637280
0.909602	0.397660	0.0657407
0.913065	0.266631	0.0627897
0.916546	0.274090	0.0636824
0.920045	0.269315	0.0584923
0.923561	0.331183	0.0592699
0.927095	0.344368	0.0607715
0.930646	0.334993	0.0662267
0.934214	0.250050	0.0686313
0.937799	0.333762	0.0704542
0.941401	0.293341	0.0723319
0.945019	0.368677	0.0759015
0.948654	0.206496	0.0641946
0.952305	0.348406	0.0614362
0.955973	0.343427	0.0589330
0.959656	0.321204	0.0542757
0.963355	0.325074	0.0523233
0.967070	0.403083	0.0524669
0.970800	0.487005	0.0511496
0.974545	0.430715	0.0510593
0.978306	0.287712	0.0653333
0.982081	0.443888	0.0490445
0.985871	0.478759	0.0487437
0.989675	0.444572	0.0500749
0.993494	0.549063	0.0505826
0.997327	0.487105	0.0512396
1.00117	0.469009	0.0499891
1.00503	0.499709	0.0479795
1.00891	0.485800	0.0456479
1.01280	0.539928	0.0456875
1.01670	0.514056	0.0474544
1.02061	0.684048	0.0477488
1.02454	0.603454	0.0484428
1.02848	0.606067	0.0482381
1.03243	0.581185	0.0472346
1.03639	0.628747	0.0479266
1.04037	0.614956	0.0457251
1.04435	0.694222	0.0534361
1.04835	0.752830	0.0426578
1.05236	0.725593	0.0391674
1.05638	0.802109	0.0362740
1.06041	0.658353	0.0339698
1.06446	0.734042	0.0332470
1.06851	0.706451	0.0407764
1.07257	0.867455	0.0380150
1.07664	0.781136	0.0399668
1.08073	0.851619	0.0431485
1.08482	0.810428	0.0418053
1.08892	0.738465	0.0425591
1.09303	0.689755	0.0422975
1.09715	0.679758	0.0403298
1.10128	0.659572	0.0399999
1.10542	0.636418	0.0379136
1.10957	0.568223	0.0352735
1.11372	0.519334	0.0332640
1.11788	0.532772	0.0323811
1.12205	0.552750	0.0326438
1.12623	0.509559	0.0348925
1.13041	0.484582	0.0373388
1.13461	0.468030	0.0381813
1.13880	0.454660	0.0395637
1.14301	0.425827	0.0403471
1.14722	0.541726	0.0386864
1.15144	0.525817	0.0394326
1.15566	0.544003	0.0372092
1.15989	0.550489	0.0366629
1.16413	0.547835	0.0344467
1.16837	0.541986	0.0331891
1.17262	0.520494	0.0286353
1.17687	0.489757	0.0266304
1.18113	0.553155	0.0247838
1.18539	0.661324	0.0266301
1.18965	0.726794	0.0231752
1.19392	0.722780	0.0253169
1.19820	0.710738	0.0289233
1.20247	0.740974	0.0301068
1.20676	0.794246	0.0325359
1.21104	0.805586	0.0366365
1.21533	0.876442	0.0318459
1.21962	0.848722	0.0331798
1.22392	0.851002	0.0319804
1.22821	0.876488	0.0321661
1.23251	0.900086	0.0315395
1.23682	0.883985	0.0295305
1.24112	0.901583	0.0273020
1.24543	0.957695	0.0253712
1.24974	0.859293	0.0239928
1.25405	0.961371	0.0233479
1.25836	0.965533	0.0240695
1.26267	0.968061	0.0259590
1.26699	0.982127	0.0295380
1.27130	0.977094	0.0327330
1.27562	1.01213	0.0377820
1.27993	1.03811	0.0343147
1.28425	1.04088	0.0338084
1.28857	1.04580	0.0386773
1.29289	1.01445	0.0312736
1.29721	0.973908	0.0315776
1.30152	0.981910	0.0306495
1.30584	0.934145	0.0307486
1.31016	0.915443	0.0311997
1.31448	0.941266	0.0296236
1.31879	0.893603	0.0286133
1.32311	0.858597	0.0254718
1.32742	0.731938	0.0244506
1.33173	0.612364	0.0225381
1.33605	0.449937	0.0206031
1.34036	0.303439	0.0204072
1.34466	0.242584	0.0232470
1.34897	0.195693	0.0262698
1.35328	0.171952	0.0333900
1.35758	0.200710	0.0422101
1.36188	0.0524038	0.0488023
1.36618	0.104463	0.0523601
1.37048	0.197874	0.0481810
1.37477	0.134063	0.0458074
1.37906	0.142575	0.0439646
1.38335	0.0825662	0.0473892
1.38763	0.0991676	0.0441028
1.39192	0.106606	0.0418332
1.39620	0.157760	0.0432574
1.40047	0.0631629	0.0452422
1.40475	0.0459189	0.0522304
1.40902	0.132666	0.0456374
1.41328	0.171771	0.0437606
1.41755	0.117947	0.0412376
1.42180	0.100614	0.0371360
1.42606	0.130346	0.0325181
1.43031	0.101214	0.0295893
1.43456	0.0709804	0.0325440
1.43880	0.226142	0.0299631
1.44304	0.190952	0.0281373
1.44727	0.207827	0.0292561
1.45150	0.224765	0.0321757
1.45573	0.241486	0.0359141
1.45995	0.187033	0.0373615
1.46417	0.282058	0.0352277
1.46838	0.272548	0.0338988
1.47259	0.240615	0.0313963
1.47679	0.240171	0.0325437
1.48098	0.292487	0.0326695
1.48518	0.257675	0.0347389
1.48936	0.344718	0.0341359
1.49354	0.269321	0.0301819
1.49772	0.329345	0.0270645
1.50189	0.347540	0.0336512
1.50606	0.365635	0.0393698
1.51022	0.308130	0.0431758
1.51437	0.444311	0.0365969
1.51852	0.473089	0.0288545
1.52267	0.486607	0.0322796
1.52680	0.483363	0.0348022
1.53094	0.548590	0.0390289
1.53506	0.578339	0.0360706
1.53918	0.531711	0.0375638
1.54330	0.582620	0.0323775
1.54741	0.632395	0.0300456
1.55151	0.663339	0.0300892
1.55561	0.661354	0.0293415
1.55970	0.631951	0.0312956
1.56378	0.644926	0.0332274
1.56786	0.669191	0.0308467
1.57193	0.689353	0.0285078
1.57600	0.738202	0.0247665
1.58006	0.696197	0.0334010
1.58411	0.687372	0.0380631
1.58816	0.717093	0.0389945
1.59220	0.710087	0.0347771
1.59624	0.812764	0.0262653
1.60027	0.704322	0.0299124
1.60429	0.794200	0.0338858
1.60831	0.660030	0.0360524
1.61231	0.667166	0.0375011
1.61632	0.692526	0.0340049
1.62031	0.647011	0.0354411
1.62430	0.653963	0.0312915
1.62829	0.656940	0.0296382
1.63227	0.616381	0.0287430
1.63624	0.674230	0.0267278
1.64020	0.651798	0.0280888
1.64416	0.677540	0.0316592
1.64811	0.672417	0.0302450
1.65205	0.700650	0.0299521
1.65599	0.677906	0.0265883
1.65992	0.634025	0.0256287
1.66385	0.630560	0.0223521
1.66776	0.572984	0.0331236
1.67168	0.578526	0.0358878
1.67558	0.608892	0.0356744
1.67948	0.567787	0.0279988
1.68337	0.604552	0.0213187
1.68726	0.600997	0.0257871
1.69114	0.603997	0.0302650
1.69501	0.631788	0.0312001
1.69887	0.537073	0.0345444
1.70273	0.572330	0.0314165
1.70659	0.639948	0.0308503
1.71043	0.557576	0.0299756
1.71427	0.577208	0.0331351
1.71810	0.552578	0.0264774
1.72193	0.551903	0.0252711
1.72575	0.502599	0.0236770
1.72956	0.505004	0.0242069
1.73337	0.485437	0.0244336
1.73717	0.402767	0.0253075
1.74097	0.433771	0.0269705
1.74476	0.380303	0.0275929
1.74854	0.378639	0.0249726
1.75231	0.366292	0.0221162
1.75608	0.353751	0.0181140
1.75984	0.293435	0.0201901
1.76360	0.323629	0.0296320
1.76735	0.223420	0.0333685
1.77109	0.203598	0.0331468
1.77483	0.257703	0.0267829
1.77856	0.252177	0.0191635
1.78229	0.227436	0.0200131
1.78601	0.204274	0.0266098
1.78972	0.227561	0.0279395
1.79343	0.216691	0.0286237
1.79713	0.203958	0.0316764
1.80082	0.169966	0.0322373
1.80451	0.173977	0.0361644
1.80819	0.168990	0.0362367
1.81187	0.144358	0.0349950
1.81554	0.104251	0.0345311
1.81921	0.146446	0.0341452
1.82286	0.161945	0.0322913
1.82652	0.194185	0.0362931
1.83016	0.180080	0.0413555
1.83381	0.109641	0.0451956
1.83744	0.100995	0.0434870
1.84107	0.139106	0.0467741
1.84470	0.140359	0.0503914
1.84831	0.162078	0.0517125
1.85193	0.166959	0.0535478
1.85553	0.0633651	0.0486391
1.85913	0.0588795	0.0437095
1.86273	0.109558	0.0408161
1.86632	0.132853	0.0455572
1.86990	0.194132	0.0584499
1.87348	0.117709	0.0682729
1.87706	0.226952	0.0520654
1.88062	0.146511	0.0390519
1.88419	0.182791	0.0297678
1.88774	0.158954	0.0289058
1.89130	0.138068	0.0291374
1.89484	0.177352	0.0318908
1.89838	0.192067	0.0362930
1.90192	0.168851	0.0391107
1.90545	0.200755	0.0400725
1.90898	0.147786	0.0387739
1.91250	0.166941	0.0343390
1.91601	0.131181	0.0326538
1.91952	0.161904	0.0335926
1.92303	0.217251	0.0377492
1.92653	0.153956	0.0367888
1.93002	0.145818	0.0344108
1.93351	0.156238	0.0286720
1.93699	0.108831	0.0244516
1.94047	0.119797	0.0226409
1.94395	0.110600	0.0199259
1.94742	0.135079	0.0201028
1.95088	0.173007	0.0233508
1.95434	0.0902507	0.0266483
1.95779	0.126167	0.0278407
1.96124	0.155417	0.0275103
1.96469	0.147607	0.0256985
1.96813	0.115278	0.0255866
1.97156	0.174199	0.0247670
1.97499	0.163684	0.0251373
1.97842	0.200850	0.0228928
1.98184	0.154011	0.0213406
1.98526	0.184836	0.0175635
1.98867	0.195617	0.0159403
1.99207	0.196590	0.0163952
1.99548	0.199667	0.0208633
1.99887	0.271112	0.0347354
2.00227	0.162405	0.0459343
2.00565	0.136047	0.0487799
2.00904	0.194683	0.0399668
2.01242	0.234705	0.0296198
2.01579	0.181429	0.0269464
2.01916	0.185072	0.0239739
2.02252	0.214902	0.0225275
2.02588	0.225060	0.0246403
2.02924	0.233408	0.0241242
2.03259	0.221615	0.0280875
2.03594	0.265128	0.0223922
2.03928	0.304333	0.0262620
2.04262	0.282203	0.0248231
2.04595	0.271220	0.0251441
2.04928	0.288093	0.0232158
2.05260	0.285972	0.0244954
2.05592	0.250845	0.0283249
2.05924	0.292373	0.0330503
2.06255	0.295826	0.0243883
2.06585	0.268273	0.0189080
2.06915	0.284963	0.0192933
2.07245	0.293223	0.0212847
2.07574	0.328579	0.0202247
2.07903	0.330285	0.0188399
2.08231	0.346267	0.0162124
2.08559	0.302624	0.0166357
2.08886	0.311429	0.0179564
2.09213	0.339430	0.0175963
2.09540	0.312451	0.0165348
2.09866	0.327880	0.0151314
2.10191	0.320952	0.0149018
2.10517	0.338071	0.0164625
2.10841	0.313980	0.0186141
2.11166	0.331983	0.0189709
2.11489	0.331458	0.0196585
2.11813	0.314778	0.0191239
2.12135	0.307083	0.0192749
2.12458	0.292545	0.0196563
2.12780	0.352907	0.0185940
2.13101	0.305908	0.0183607
2.13422	0.308626	0.0167099
2.13743	0.313930	0.0160709
2.14063	0.311202	0.0150460
2.14383	0.333312	0.0143571
2.14702	0.315127	0.0174382
2.15020	0.315153	0.0219864
2.15339	0.305070	0.0241887
2.15656	0.291472	0.0242251
2.15974	0.268193	0.0205723
2.16290	0.314905	0.0172271
2.16607	0.273875	0.0160260
2.16923	0.302819	0.0163991
2.17238	0.257484	0.0168995
2.17553	0.276799	0.0173962
2.17867	0.266892	0.0202930
2.18181	0.295382	0.0210873
2.18495	0.267818	0.0217958
2.18808	0.261058	0.0202806
2.19120	0.286636	0.0189116
2.19432	0.253997	0.0216106
2.19744	0.217985	0.0224543
2.20055	0.241904	0.0234361
2.20365	0.227734	0.0213220
2.20675	0.235975	0.0193807
2.20985	0.176480	0.0205955
2.21294	0.245021	0.0220371
2.21603	0.221775	0.0216001
2.21911	0.245293	0.0208619
2.22218	0.202284	0.0183334
2.22525	0.201501	0.0184922
2.22832	0.205649	0.0197060
2.23138	0.203273	0.0216038
2.23443	0.150290	0.0213671
2.23748	0.170946	0.0207149
2.24053	0.201905	0.0191421
2.24357	0.199958	0.0188311
2.24660	0.170717	0.0190373
2.24963	0.172656	0.0198907
2.25266	0.158052	0.0205143
2.25568	0.222517	0.0205633
2.25869	0.175600	0.0203633
2.26170	0.175967	0.0198580
2.26470	0.176027	0.0197735
2.26770	0.138413	0.0203450
2.27070	0.171368	0.0205890
2.27369	0.148209	0.0211760
2.27667	0.152780	0.0211363
2.27965	0.116096	0.0211861
2.28262	0.175923	0.0207499
2.28559	0.167236	0.0208515
2.28855	0.174912	0.0210594
2.29151	0.143336	0.0212906
2.29446	0.152566	0.0218546
2.29741	0.103925	0.0225058
2.30035	0.140058	0.0239327
2.30328	0.106079	0.0227156
2.30622	0.148154	0.0225863
2.30914	0.119837	0.0218820
2.31206	0.145692	0.0219120
2.31498	0.0915011	0.0259934
2.31789	0.107139	0.0239517
2.32080	0.126447	0.0245101
2.32370	0.125637	0.0243009
2.32659	0.0814228	0.0238880
2.32948	0.0996451	0.0236845
2.33237	0.0975127	0.0236234
2.33525	0.136585	0.0240880
2.33812	0.0925145	0.0247309
2.34100	0.105095	0.0257548
2.34386	0.108669	0.0264928
2.34672	0.123988	0.0270667
2.34958	0.171627	0.0278052
2.35243	0.0784240	0.0287923
2.35528	0.122551	0.0288451
2.35812	0.120091	0.0282508
2.36096	0.0867850	0.0279732
2.36379	0.123193	0.0273044
2.36662	0.162227	0.0283668
2.36945	0.116351	0.0318499
2.37227	0.0547771	0.0356068
2.37508	0.130906	0.0362811
2.37789	0.118601	0.0331319
2.38070	0.0858180	0.0310006
2.38351	0.121478	0.0315045
2.38631	0.124521	0.0316509
2.38910	0.147779	0.0321791
2.39190	0.131734	0.0318751
2.39468	0.0924098	0.0314910
2.39747	0.131179	0.0314835
2.40025	0.100283	0.0312668
2.40303	0.115987	0.0322153
2.40580	0.0461129	0.0405914
2.40858	0.117350	0.0339534
2.41135	0.0514431	0.0349273
2.41411	0.145523	0.0400439
2.41688	0.166637	0.0471009
2.41964	0.178198	0.0402386
2.42240	0.124277	0.0380598
2.42515	0.143530	0.0359961
2.42791	0.140581	0.0342198
2.43066	0.149711	0.0418431
2.43341	0.202602	0.0411684
2.43616	0.0750644	0.0434088
2.43891	0.124389	0.0422277
2.44166	0.174135	0.0399161
2.44440	0.149379	0.0421710
2.44715	0.225217	0.0491111
2.44989	0.168430	0.0564214
2.45263	0.0210390	0.0592769
2.45538	0.146825	0.0472979
2.45812	0.190649	0.0418966
2.46087	0.223289	0.0423117
2.46361	0.0904462	0.0442082
2.46635	0.163227	0.0472508
2.46910	0.141124	0.0499323
2.47185	0.195778	0.0545755
2.47460	0.0735033	0.0572428
2.47735	0.190400	0.0556646
2.48010	0.155947	0.0580798
2.48286	0.179757	0.0668293
2.48561	0.199251	0.0751619
2.48838	0.121042	0.0776893
2.49114	0.176126	0.0793122
2.49391	0.0730024	0.0790660
2.49668	-0.0528187	0.0733330
2.49946	0.0310226	0.0697192
2.50224	0.0988572	0.0715354
2.50502	0.185027	0.0790188
2.50781	0.168538	0.0883531
2.51061	0.109471	0.0982533
2.51341	0.176844	0.112857
2.51622	0.408571	0.139630
2.51904	0.173051	0.137005
2.52187	0.0498272	0.131895
2.52470	0.114202	0.135585
2.52754	-0.0290505	0.164485
2.53039	-0.0852335	0.226327
2.53325	0.255569	0.277903
2.53611	0.384750	0.301111
2.53899	-0.0228014	0.282970
2.54188	-0.00956514	0.299126
2.54478	0.455221	0.386942
2.54769	0.408386	0.508472
2.55062	0.241609	0.610689
2.55356	-0.615843	0.575920
