#  ----------------------------------------------------------------------------------
# SpeX prism spectrum of DENIS-P J0205.4-1159 (J02052940-1159296)
# Average resolution = 120
# Originally published in Burgasser et al. (2010) ApJ, submitted
#
# PLEASE CITE THE ORIGINAL DATA REFERENCE WHEN PUBLISHING OR PRESENTING THESE DATA
#
# Optical spectral type: L7
# Near infrared spectral type: L5.5+/-2
# J magnitude = 14.587
# H magnitude = 13.568
# Ks magnitude = 12.998
#
#  Wavelength (micron)   F_lambda (normalized)  Noise (normalized as F_lambda)
#  ----------------------------------------------------------------------------------
0.653251	0.231097	0.269287
0.655455	-0.230553	0.200537
0.657649	-0.125261	0.212197
0.659835	-0.0516511	0.359363
0.662012	0.195508	0.266159
0.664183	0.109027	0.346325
0.666348	-0.237842	0.204585
0.668507	0.104848	0.210918
0.670662	0.353457	0.276457
0.672814	0.286318	0.222139
0.674964	0.526311	0.167328
0.677112	0.131513	0.245512
0.679259	0.0404108	0.239666
0.681406	-0.307258	0.0952387
0.683553	-0.224853	0.181330
0.685702	-0.0565642	0.213335
0.687853	-0.466345	0.0554979
0.690007	0.160771	0.208983
0.692164	-0.0717274	0.129928
0.694325	-0.0636437	0.171877
0.696492	0.0599622	0.170856
0.698663	0.0941178	0.109000
0.700841	0.111709	0.135797
0.703025	0.128003	0.0643967
0.705217	-0.0572055	0.0996004
0.707416	0.000923647	0.0977754
0.709624	0.0803388	0.150605
0.711841	0.0725885	0.0842500
0.714067	-0.0240345	0.0681038
0.716303	0.212890	0.0463531
0.718550	-0.0758924	0.107833
0.720807	0.105959	0.140566
0.723076	0.00788224	0.0722301
0.725356	-0.106742	0.107279
0.727649	0.0400545	0.0737490
0.729954	0.0957833	0.0700256
0.732272	0.0625264	0.0690002
0.734604	0.0169070	0.0859579
0.736949	0.00428213	0.0608006
0.739309	0.0607150	0.119613
0.741683	0.0355112	0.0827380
0.744071	-0.0333791	0.0542216
0.746475	0.0113301	0.0434223
0.748895	-0.0508398	0.0505299
0.751330	0.159803	0.0459294
0.753781	0.0392496	0.0393262
0.756248	0.0299752	0.0622476
0.758732	0.0392027	0.0525539
0.761233	0.00285026	0.0491838
0.763751	0.0912582	0.0251748
0.766286	0.0689855	0.0738256
0.768838	-0.0455308	0.0615972
0.771408	0.0696242	0.0381963
0.773996	-0.0928804	0.0461212
0.776602	-0.0181727	0.0294427
0.779227	0.0228126	0.0574730
0.781869	0.0456104	0.0344196
0.784530	0.0301935	0.0304674
0.787210	0.0706462	0.0356430
0.789909	0.0102570	0.0303940
0.792626	0.129650	0.0318966
0.795362	0.0348268	0.0199732
0.798118	0.0750873	0.0240079
0.800893	0.0881364	0.0365375
0.803687	0.193024	0.0260332
0.806501	0.0952498	0.0498965
0.809334	0.101988	0.0377968
0.812186	0.192066	0.0277377
0.815058	0.0938587	0.0191214
0.817950	0.111138	0.0366865
0.820861	0.161698	0.0320206
0.823792	0.124871	0.0168259
0.826743	0.172853	0.0322462
0.829713	0.125270	0.0475731
0.832703	0.148623	0.0269419
0.835713	0.106320	0.0306747
0.838743	0.167730	0.0278377
0.841792	0.230814	0.0304336
0.844861	0.195869	0.0145669
0.847949	0.200594	0.0103191
0.851057	0.233500	0.0127380
0.854185	0.228888	0.0125025
0.857332	0.204475	0.0220616
0.860499	0.197546	0.0183165
0.863685	0.200428	0.0238255
0.866891	0.161189	0.0149947
0.870115	0.178083	0.0205857
0.873359	0.186638	0.0369104
0.876622	0.192421	0.0339557
0.879905	0.230567	0.0236882
0.883206	0.250773	0.0276753
0.886526	0.257788	0.0339570
0.889864	0.262375	0.0165627
0.893222	0.264035	0.0164248
0.896598	0.269807	0.0196081
0.899992	0.254223	0.0210361
0.903404	0.317306	0.0208388
0.906835	0.301514	0.0184739
0.910284	0.360408	0.0223489
0.913751	0.355080	0.0168305
0.917235	0.380098	0.0163811
0.920738	0.380188	0.0195938
0.924257	0.415564	0.0228001
0.927794	0.432641	0.0401573
0.931349	0.380407	0.0446407
0.934920	0.410746	0.0123601
0.938509	0.426563	0.0218236
0.942114	0.407300	0.0250005
0.945735	0.443287	0.0251503
0.949373	0.483605	0.0178969
0.953028	0.476373	0.0194076
0.956698	0.479651	0.0249316
0.960385	0.468041	0.0331827
0.964087	0.486772	0.0178884
0.967805	0.508266	0.0233262
0.971538	0.508127	0.0223055
0.975286	0.564320	0.0261540
0.979050	0.545479	0.0221448
0.982828	0.583709	0.0168014
0.986621	0.541077	0.0136596
0.990428	0.478936	0.0220477
0.994250	0.487247	0.0183402
0.998085	0.463540	0.0306975
1.00194	0.473653	0.0114652
1.00580	0.491242	0.0154087
1.00968	0.518775	0.0131308
1.01357	0.519382	0.0182925
1.01747	0.516836	0.0176920
1.02138	0.531781	0.0155989
1.02531	0.568730	0.0228014
1.02925	0.550372	0.0208530
1.03321	0.626537	0.0144134
1.03717	0.623625	0.0262383
1.04115	0.661006	0.0166136
1.04514	0.646934	0.0204599
1.04914	0.658659	0.0270711
1.05315	0.699607	0.0278777
1.05718	0.725904	0.0197633
1.06121	0.715028	0.0252008
1.06525	0.694835	0.0197792
1.06931	0.714999	0.0176518
1.07337	0.712513	0.0109625
1.07745	0.771275	0.0190909
1.08153	0.768636	0.0305059
1.08563	0.761008	0.0239768
1.08973	0.804929	0.0210213
1.09385	0.744405	0.0288589
1.09797	0.755564	0.0148877
1.10210	0.740276	0.0213901
1.10624	0.725304	0.0141764
1.11039	0.714937	0.0186742
1.11454	0.676628	0.0336075
1.11871	0.692743	0.0255494
1.12288	0.726234	0.0161512
1.12706	0.720304	0.0240492
1.13124	0.693780	0.0265112
1.13543	0.686695	0.0227303
1.13963	0.669530	0.0178896
1.14384	0.683660	0.0171275
1.14805	0.737629	0.0323982
1.15227	0.733444	0.0239987
1.15650	0.738412	0.0217536
1.16073	0.740996	0.0258088
1.16497	0.727836	0.0104600
1.16921	0.699913	0.0227162
1.17346	0.660038	0.0153516
1.17771	0.709754	0.0213182
1.18197	0.731793	0.0167876
1.18623	0.772781	0.0213922
1.19049	0.793956	0.0199071
1.19477	0.770013	0.0219394
1.19904	0.787194	0.0191997
1.20332	0.804970	0.0127044
1.20760	0.802448	0.0227471
1.21189	0.840880	0.0292520
1.21618	0.873402	0.0202629
1.22047	0.889884	0.0186836
1.22476	0.928414	0.0209993
1.22906	0.896982	0.0174164
1.23336	0.911069	0.0270594
1.23767	0.859198	0.0246204
1.24197	0.879383	0.0222357
1.24628	0.865217	0.0297774
1.25059	0.897556	0.0287525
1.25490	0.937449	0.0314062
1.25921	0.959425	0.0156458
1.26352	0.981085	0.0258178
1.26784	1.00821	0.0125521
1.27215	0.994180	0.0242637
1.27647	1.05626	0.0256641
1.28079	1.03705	0.0291277
1.28510	0.999863	0.0223578
1.28942	0.990564	0.0206871
1.29374	0.972527	0.0183057
1.29806	0.967898	0.0266691
1.30238	0.976618	0.0375101
1.30669	0.993333	0.0213669
1.31101	1.00008	0.0233200
1.31533	1.01089	0.0235903
1.31964	0.994917	0.0222414
1.32396	0.933984	0.0152625
1.32827	0.851513	0.0239364
1.33258	0.711125	0.0193313
1.33690	0.554269	0.0221331
1.34121	0.475175	0.0134087
1.34551	0.435681	0.00775953
1.34982	0.411812	0.0168976
1.35413	0.419491	0.0157220
1.35843	0.365735	0.0221233
1.36273	0.436760	0.0373620
1.36703	0.457653	0.0352105
1.37132	0.437813	0.0193015
1.37562	0.446897	0.0252612
1.37991	0.421432	0.0317135
1.38420	0.433354	0.0313894
1.38848	0.442287	0.0312142
1.39276	0.433989	0.0221033
1.39704	0.432650	0.0275002
1.40132	0.397144	0.0142573
1.40559	0.427208	0.0225330
1.40986	0.383074	0.0205596
1.41412	0.369655	0.0138235
1.41839	0.367384	0.0195852
1.42264	0.353731	0.0142578
1.42690	0.353450	0.00956982
1.43115	0.344254	0.0155063
1.43540	0.369102	0.0224027
1.43964	0.382606	0.0122050
1.44388	0.417080	0.0183788
1.44811	0.401492	0.00972734
1.45234	0.414630	0.0211333
1.45656	0.449634	0.0143726
1.46078	0.470259	0.0141238
1.46500	0.507619	0.0117771
1.46921	0.456270	0.00496962
1.47341	0.485319	0.0104257
1.47762	0.475758	0.0139884
1.48181	0.504262	0.0139578
1.48600	0.536404	0.0106534
1.49019	0.528493	0.0135511
1.49437	0.540684	0.0101697
1.49854	0.548252	0.0129725
1.50271	0.533654	0.0190855
1.50688	0.606316	0.0120005
1.51104	0.611053	0.0200182
1.51519	0.629610	0.0144942
1.51934	0.632355	0.0105848
1.52348	0.640023	0.0116906
1.52762	0.656967	0.0255251
1.53175	0.671560	0.0245097
1.53588	0.701231	0.0142585
1.54000	0.735526	0.0226475
1.54411	0.727902	0.0181221
1.54822	0.749140	0.0204325
1.55232	0.785596	0.0156714
1.55641	0.775870	0.0127643
1.56050	0.816630	0.0146850
1.56459	0.831098	0.0127609
1.56867	0.814298	0.0206310
1.57274	0.823224	0.0205788
1.57680	0.847161	0.0187152
1.58086	0.844409	0.0131103
1.58491	0.803561	0.0208893
1.58896	0.807928	0.00971440
1.59300	0.845941	0.0186455
1.59703	0.861822	0.0214854
1.60106	0.856093	0.0243229
1.60508	0.858083	0.0265088
1.60910	0.845145	0.0192884
1.61311	0.833278	0.0134003
1.61711	0.837964	0.0184964
1.62110	0.854088	0.0215931
1.62509	0.824912	0.0248264
1.62907	0.841125	0.0217157
1.63305	0.856732	0.0284343
1.63702	0.827685	0.0275312
1.64098	0.837566	0.0153314
1.64494	0.862927	0.0173268
1.64889	0.859369	0.0249526
1.65283	0.832461	0.0195019
1.65677	0.854786	0.0229588
1.66070	0.842659	0.0159205
1.66462	0.818299	0.0173004
1.66854	0.867413	0.0131482
1.67245	0.855395	0.0213137
1.67635	0.829773	0.0154647
1.68025	0.840793	0.0208524
1.68414	0.837309	0.0220113
1.68802	0.859400	0.0269504
1.69190	0.857132	0.0165311
1.69577	0.821245	0.0100835
1.69964	0.834302	0.0103317
1.70349	0.822077	0.0200292
1.70735	0.797274	0.0220241
1.71119	0.801198	0.0274963
1.71503	0.765252	0.0132709
1.71886	0.753295	0.0180149
1.72269	0.731786	0.0226596
1.72650	0.727745	0.0228778
1.73032	0.700948	0.0180812
1.73412	0.684190	0.0102535
1.73792	0.657905	0.0167248
1.74172	0.642345	0.0189872
1.74550	0.613758	0.0171229
1.74928	0.618162	0.0129883
1.75306	0.582441	0.0178895
1.75682	0.569069	0.0176814
1.76059	0.528097	0.0154423
1.76434	0.557527	0.0123532
1.76809	0.514033	0.0129696
1.77183	0.490620	0.00861293
1.77557	0.471312	0.0199134
1.77930	0.441606	0.00922642
1.78302	0.450296	0.00619960
1.78674	0.411697	0.0164060
1.79045	0.432705	0.00796863
1.79416	0.426265	0.0116641
1.79786	0.394894	0.0176575
1.80155	0.406800	0.0161667
1.80524	0.395565	0.00914291
1.80892	0.370264	0.0103141
1.81260	0.411259	0.00964987
1.81627	0.400853	0.0163359
1.81993	0.442259	0.0109064
1.82359	0.419216	0.0100827
1.82724	0.439088	0.0203444
1.83088	0.448621	0.0338897
1.83452	0.346931	0.0301386
1.83816	0.381437	0.0372594
1.84179	0.379577	0.0589015
1.84541	0.360886	0.0365788
1.84903	0.393366	0.0330582
1.85264	0.306343	0.0449483
1.85624	0.343952	0.0283462
1.85984	0.284760	0.0240272
1.86344	0.314992	0.0164737
1.86703	0.299898	0.0256294
1.87061	0.308103	0.0329177
1.87419	0.377670	0.0480532
1.87776	0.352646	0.0427502
1.88133	0.331984	0.0250180
1.88489	0.379209	0.0182395
1.88845	0.368501	0.0154860
1.89200	0.399972	0.0151523
1.89554	0.399964	0.0220026
1.89908	0.382031	0.0294948
1.90262	0.360452	0.0214273
1.90615	0.380943	0.0390276
1.90967	0.443736	0.0195489
1.91319	0.395792	0.0260295
1.91670	0.443751	0.0100486
1.92021	0.429119	0.0246095
1.92372	0.432182	0.0211561
1.92722	0.404610	0.0210170
1.93071	0.399791	0.0234298
1.93420	0.379096	0.0159144
1.93768	0.331350	0.0171387
1.94116	0.341662	0.0106762
1.94463	0.320198	0.0106039
1.94810	0.330763	0.00528721
1.95156	0.322873	0.00947394
1.95502	0.305432	0.0135938
1.95848	0.345497	0.0139039
1.96192	0.329011	0.00749881
1.96537	0.350394	0.0142820
1.96881	0.352105	0.0151136
1.97224	0.331471	0.00652970
1.97567	0.350092	0.0111726
1.97910	0.350794	0.00834014
1.98252	0.345963	0.0161332
1.98593	0.336411	0.00920778
1.98934	0.358424	0.00876999
1.99275	0.349930	0.00842910
1.99615	0.369068	0.00983213
1.99954	0.395814	0.0104622
2.00294	0.349126	0.0135555
2.00632	0.347480	0.0140770
2.00970	0.412759	0.0166815
2.01308	0.360318	0.00658167
2.01646	0.399874	0.0124414
2.01982	0.426314	0.00813681
2.02319	0.398834	0.0135597
2.02655	0.414936	0.0139903
2.02990	0.411559	0.0140601
2.03325	0.433582	0.00841348
2.03660	0.442008	0.00761406
2.03994	0.443623	0.0106082
2.04327	0.466077	0.0134078
2.04661	0.448037	0.0102846
2.04993	0.471627	0.0106511
2.05326	0.463697	0.00756143
2.05658	0.469701	0.00405227
2.05989	0.481696	0.00671037
2.06320	0.477933	0.0123885
2.06650	0.485536	0.0179532
2.06980	0.478302	0.00921646
2.07310	0.483829	0.0139451
2.07639	0.494819	0.0149046
2.07968	0.510109	0.00991458
2.08296	0.499997	0.0129826
2.08624	0.511816	0.00856251
2.08951	0.519235	0.0136195
2.09278	0.507987	0.0141131
2.09604	0.511233	0.0107852
2.09930	0.512895	0.00896237
2.10256	0.508053	0.00482418
2.10581	0.532005	0.00605801
2.10905	0.522298	0.00924192
2.11229	0.546943	0.00551685
2.11553	0.526907	0.0203924
2.11876	0.530004	0.00791874
2.12199	0.521921	0.0111261
2.12521	0.523198	0.00616257
2.12843	0.525769	0.0170740
2.13165	0.530379	0.00923956
2.13486	0.524181	0.00809739
2.13806	0.522838	0.0193685
2.14126	0.525232	0.00797470
2.14446	0.515655	0.0166560
2.14765	0.521331	0.00531988
2.15083	0.506578	0.00713275
2.15401	0.514067	0.0103532
2.15719	0.494202	0.0152697
2.16036	0.518239	0.00576130
2.16353	0.495187	0.0110958
2.16669	0.512929	0.0107271
2.16985	0.498439	0.0153058
2.17300	0.495043	0.00644814
2.17615	0.497478	0.00869433
2.17929	0.488626	0.0147606
2.18243	0.518816	0.00734115
2.18557	0.503196	0.0137723
2.18870	0.490169	0.0149361
2.19182	0.504652	0.0141183
2.19494	0.477819	0.00661372
2.19805	0.488315	0.0109113
2.20116	0.503445	0.00928765
2.20427	0.493555	0.00757456
2.20737	0.492923	0.00677109
2.21046	0.476814	0.00931613
2.21355	0.487738	0.00975132
2.21663	0.492138	0.00901113
2.21971	0.476163	0.00524679
2.22279	0.460690	0.0132551
2.22586	0.464283	0.0100867
2.22892	0.447116	0.00799574
2.23198	0.427180	0.0104554
2.23504	0.455144	0.0106481
2.23809	0.458653	0.00851413
2.24113	0.453124	0.0105275
2.24417	0.440376	0.00470442
2.24720	0.451981	0.00995410
2.25023	0.440235	0.00916728
2.25325	0.444145	0.00446197
2.25627	0.446599	0.0149152
2.25929	0.443762	0.0156834
2.26229	0.437864	0.00772747
2.26530	0.444200	0.00451228
2.26829	0.438782	0.00763455
2.27129	0.429792	0.00521010
2.27427	0.413019	0.00668178
2.27726	0.443574	0.00931015
2.28023	0.427936	0.00632900
2.28321	0.422634	0.0105994
2.28617	0.423283	0.0148188
2.28913	0.420538	0.00948865
2.29209	0.405672	0.00473358
2.29504	0.374427	0.00789010
2.29799	0.359882	0.0110014
2.30093	0.314420	0.00603268
2.30386	0.336071	0.00899444
2.30679	0.342913	0.0156102
2.30972	0.343571	0.00587080
2.31264	0.332504	0.0112030
2.31555	0.344203	0.00793275
2.31846	0.336926	0.0206390
2.32137	0.333615	0.00601350
2.32427	0.318195	0.00440093
2.32716	0.312268	0.00958470
2.33005	0.336145	0.0112979
2.33294	0.320577	0.00919216
2.33582	0.320253	0.00821189
2.33869	0.326223	0.00500757
2.34156	0.330065	0.0121764
2.34443	0.322167	0.00768374
2.34729	0.336786	0.0131476
2.35014	0.320168	0.00648070
2.35299	0.330465	0.00508757
2.35584	0.339538	0.00464208
2.35868	0.348370	0.00352205
2.36152	0.330582	0.0123916
2.36435	0.318872	0.0125950
2.36718	0.311659	0.00878510
2.37000	0.314401	0.0143860
2.37282	0.302991	0.00681142
2.37564	0.303133	0.0140226
2.37845	0.338605	0.0176594
2.38126	0.317827	0.0102749
2.38406	0.315245	0.0168057
2.38686	0.303353	0.0147317
2.38965	0.317037	0.0135314
2.39245	0.320587	0.0103512
2.39523	0.321428	0.0102131
2.39802	0.340414	0.0126663
2.40080	0.330837	0.00765086
2.40358	0.318176	0.00585131
2.40635	0.305577	0.0145224
2.40912	0.309599	0.0107681
2.41189	0.305821	0.0146571
2.41466	0.304838	0.0226211
2.41742	0.325502	0.0102969
2.42018	0.284051	0.0135862
2.42294	0.300984	0.00949899
2.42570	0.305913	0.0176939
2.42845	0.279907	0.0117733
2.43120	0.301280	0.0198097
2.43395	0.285247	0.0152075
2.43670	0.304006	0.0150667
2.43945	0.314032	0.0177801
2.44220	0.306981	0.00465713
2.44494	0.271203	0.0162057
2.44769	0.266665	0.00729722
2.45043	0.255596	0.0224125
2.45318	0.235271	0.0168132
2.45592	0.248534	0.0118726
2.45866	0.232800	0.0142951
2.46141	0.276721	0.0104973
2.46415	0.225279	0.0217928
2.46690	0.236984	0.0190916
2.46964	0.228582	0.0163477
2.47239	0.193085	0.0152087
2.47514	0.225423	0.0224417
2.47789	0.233011	0.0202127
2.48064	0.272901	0.0235775
2.48340	0.291009	0.0278862
2.48616	0.198652	0.0136044
2.48892	0.161780	0.0138279
2.49169	0.214548	0.0331927
2.49445	0.122584	0.0415575
2.49723	0.240975	0.0422609
2.50000	0.201851	0.0327853
2.50279	0.196937	0.0179762
2.50557	0.255915	0.0498497
2.50837	0.200016	0.0220339
2.51116	0.230280	0.0529417
2.51397	0.254632	0.0645608
2.51678	0.217500	0.0630882
2.51960	0.256281	0.0654400
2.52242	0.244184	0.0633089
2.52526	0.127168	0.0172626
2.52810	0.148339	0.0465526
2.53095	0.191125	0.0929359
2.53381	0.344801	0.0873298
2.53668	-0.0902155	0.103243
2.53956	0.143209	0.127186
2.54245	-0.00611900	0.170486
2.54536	-0.0685175	0.319166
2.54827	0.556054	0.324214
2.55120	0.915747	0.376116
2.55414	-0.153580	0.395371
2.55709	0.0185949	0.340838
2.56006	0.354627	0.416675
2.56304	0.366569	0.233060
