#  ----------------------------------------------------------------------------------
# SpeX prism spectrum of 2MASSW J1439284+192915 (J14392836+1929149)
# Originally observed on 2003 May 23
# Average resolution = 120
# Originally published in Burgasser et al. (2004) AJ, 127, 2856
#
# PLEASE CITE THE ORIGINAL DATA REFERENCE WHEN PUBLISHING OR PRESENTING THESE DATA
#
# Optical spectral type: L1
# J magnitude = 12.759
# H magnitude = 12.041
# Ks magnitude = 11.546
#
#  Wavelength (micron)   F_lambda (normalized)  Noise (normalized as F_lambda)
#  ----------------------------------------------------------------------------------
0.658047	0.0548478	0.0186195
0.660231	0.0545269	0.0292959
0.662407	0.0482447	0.0122494
0.664577	0.0470898	0.0183524
0.666741	0.0331555	0.0327310
0.668899	0.0524358	0.00745459
0.671054	0.0366635	0.0225989
0.673205	0.0549012	0.0147839
0.675355	0.0440127	0.0112366
0.677502	0.0256619	0.0262698
0.679649	0.0205693	0.00548405
0.681796	0.0259926	0.00636427
0.683944	0.0104135	0.00549982
0.686093	0.0288912	0.00585234
0.688244	0.0271675	0.00685207
0.690399	0.0454490	0.00503168
0.692557	0.0313646	0.0180187
0.694719	0.0298648	0.0109116
0.696886	0.0413482	0.0113420
0.699059	0.0368646	0.00219545
0.701238	0.0353621	0.00899758
0.703423	0.0445695	0.00371351
0.705616	0.0666086	0.0167330
0.707817	0.0775296	0.0101722
0.710027	0.0557694	0.00766502
0.712245	0.0643625	0.00708764
0.714473	0.0442092	0.0100780
0.716711	0.0640144	0.0109161
0.718959	0.0702245	0.00621852
0.721219	0.0758148	0.00600080
0.723489	0.0661231	0.0100714
0.725772	0.0740109	0.00732020
0.728067	0.0908631	0.00715316
0.730374	0.0922886	0.0106504
0.732695	0.104120	0.00940205
0.735029	0.0985735	0.0108440
0.737377	0.105918	0.0119754
0.739739	0.100326	0.0102543
0.742116	0.108908	0.00759767
0.744507	0.0893355	0.00470990
0.746914	0.0911265	0.00484615
0.749336	0.0970978	0.00365191
0.751774	0.0967495	0.00313479
0.754228	0.0991765	0.00549132
0.756699	0.101184	0.00614307
0.759186	0.0902160	0.00515132
0.761690	0.0763943	0.00375625
0.764210	0.0468563	0.00662068
0.766749	0.0278197	0.00155086
0.769304	0.0351430	0.00535443
0.771878	0.0510249	0.00237522
0.774469	0.0681528	0.00385962
0.777078	0.0740296	0.00359187
0.779706	0.0893937	0.00112104
0.782352	0.100745	0.00274370
0.785016	0.103747	0.00577938
0.787699	0.103940	0.00274425
0.790401	0.105056	0.00193853
0.793122	0.112709	0.00151345
0.795862	0.108059	0.000776392
0.798621	0.125616	0.00252486
0.801400	0.143867	0.00180547
0.804197	0.164498	0.00283297
0.807014	0.192341	0.00411219
0.809851	0.217739	0.00305093
0.812707	0.242447	0.00399616
0.815582	0.250687	0.00172114
0.818478	0.256213	0.00475848
0.821393	0.269773	0.00391026
0.824327	0.273235	0.00297548
0.827281	0.281790	0.00320008
0.830255	0.285694	0.00239584
0.833249	0.284769	0.00279885
0.836262	0.296131	0.00459348
0.839296	0.279585	0.00469157
0.842348	0.270496	0.00553027
0.845421	0.245934	0.00333275
0.848513	0.227820	0.00415738
0.851625	0.218004	0.00273724
0.854756	0.240878	0.00197106
0.857907	0.237714	0.00128241
0.861077	0.232992	0.00282076
0.864267	0.223357	0.00298747
0.867476	0.215717	0.00488961
0.870704	0.217415	0.00234455
0.873951	0.218715	0.00317697
0.877218	0.251983	0.00254262
0.880503	0.281183	0.000553328
0.883808	0.293965	0.000559675
0.887131	0.307678	0.000648335
0.890473	0.307484	0.00196869
0.893834	0.334468	0.00391187
0.897213	0.364425	0.00251175
0.900611	0.380665	0.000859570
0.904027	0.396849	0.00278538
0.907461	0.426668	0.000508890
0.910913	0.475161	0.00311963
0.914383	0.512425	0.00521399
0.917871	0.534866	0.00411762
0.921376	0.538192	0.00532642
0.924899	0.516319	0.00201133
0.928439	0.506324	0.00342396
0.931997	0.512165	0.00221773
0.935571	0.530918	0.00282623
0.939163	0.557147	0.00443691
0.942771	0.583897	0.00172824
0.946396	0.615109	0.000890831
0.950037	0.643412	0.00147852
0.953694	0.649687	0.00207039
0.957367	0.632682	0.00131059
0.961057	0.632950	0.000983685
0.964762	0.640128	0.000671575
0.968482	0.672023	0.00348308
0.972218	0.693744	0.00128587
0.975969	0.712897	0.00306102
0.979735	0.733361	0.00313242
0.983516	0.733652	0.00538519
0.987312	0.653276	0.00784555
0.991122	0.571028	0.00608958
0.994946	0.504370	0.00601660
0.998784	0.491228	0.00281768
1.00264	0.523185	0.00219261
1.00650	0.555786	0.00358627
1.01038	0.589605	0.00272380
1.01427	0.631471	0.00257544
1.01818	0.636145	0.00403054
1.02210	0.638416	0.00147825
1.02603	0.627318	0.00224788
1.02997	0.646593	0.00249015
1.03393	0.679316	0.000965545
1.03790	0.721353	0.00218641
1.04188	0.750512	0.00220975
1.04587	0.760850	0.00359568
1.04987	0.755191	0.00192588
1.05388	0.734701	0.00130293
1.05791	0.721503	0.00119100
1.06194	0.743147	0.00373615
1.06599	0.761891	0.00518410
1.07005	0.802284	0.00208870
1.07412	0.841489	0.00339923
1.07819	0.856755	0.00303248
1.08228	0.892405	0.00189587
1.08637	0.922311	0.00579163
1.09048	0.940309	0.00338094
1.09460	0.931719	0.00182191
1.09872	0.917948	0.00266809
1.10285	0.918935	0.00228297
1.10699	0.913752	0.00278941
1.11114	0.908625	0.00341839
1.11530	0.906976	0.00157695
1.11946	0.927623	0.00207865
1.12364	0.934738	0.00325123
1.12782	0.946541	0.00559068
1.13200	0.899326	0.00199185
1.13620	0.845879	0.00194748
1.14040	0.827247	0.000743727
1.14461	0.875616	0.00419224
1.14882	0.923037	0.00732836
1.15304	0.959101	0.00488686
1.15727	0.966858	0.00423031
1.16150	0.952012	0.000649997
1.16574	0.902278	0.00184280
1.16998	0.867994	0.00181052
1.17423	0.823408	0.00439904
1.17848	0.836119	0.00212850
1.18274	0.844389	0.00115508
1.18700	0.884851	0.00256812
1.19127	0.863234	0.00249665
1.19554	0.824360	0.00267730
1.19982	0.795957	0.00103244
1.20410	0.799955	0.00200108
1.20838	0.828075	0.00570245
1.21267	0.872416	0.00519506
1.21696	0.894136	0.00351749
1.22125	0.926090	0.00193631
1.22555	0.952115	0.00132131
1.22984	0.954805	0.00239096
1.23414	0.925465	0.00361244
1.23845	0.867812	0.00348819
1.24275	0.840594	0.00198021
1.24706	0.829307	0.000571869
1.25137	0.849881	0.00376580
1.25568	0.904831	0.00457069
1.25999	0.952179	0.00295401
1.26431	0.992865	0.00224949
1.26862	1.00321	0.00616326
1.27294	1.01608	0.00586848
1.27725	1.03410	0.00283043
1.28157	1.00848	0.000732476
1.28589	0.991798	0.000947457
1.29021	0.988009	0.00169229
1.29453	0.996809	0.00147825
1.29884	0.991936	0.00166349
1.30316	0.990422	0.00178402
1.30748	0.986290	0.000655769
1.31180	0.984038	0.000590776
1.31611	0.985017	0.000852062
1.32043	0.982262	0.00173168
1.32474	0.963536	0.00569092
1.32906	0.884821	0.00443257
1.33337	0.771817	0.00817705
1.33768	0.667479	0.00806030
1.34199	0.615143	0.00351005
1.34630	0.590084	0.00828817
1.35060	0.568964	0.00913125
1.35491	0.566257	0.0139374
1.35921	0.548708	0.00786793
1.36351	0.536736	0.00499545
1.36781	0.533766	0.00534444
1.37210	0.527892	0.00386219
1.37640	0.529209	0.00269531
1.38069	0.531934	0.00153909
1.38497	0.547534	0.00339163
1.38926	0.555032	0.00469102
1.39354	0.553421	0.00168859
1.39782	0.515232	0.00464491
1.40209	0.490895	0.00366657
1.40637	0.490076	0.00235580
1.41063	0.479608	0.000481069
1.41490	0.474357	0.000918323
1.41916	0.469386	0.000884151
1.42342	0.459414	0.00124422
1.42767	0.457758	0.00149982
1.43192	0.453607	0.000463718
1.43617	0.459308	0.00373133
1.44041	0.461264	0.00198604
1.44465	0.471828	0.00213063
1.44888	0.478789	0.00139868
1.45311	0.487951	0.00309288
1.45733	0.493113	0.00244859
1.46155	0.497226	0.00182222
1.46576	0.491989	0.000377935
1.46997	0.489162	0.00109838
1.47418	0.485850	0.00138062
1.47838	0.493983	0.000927168
1.48257	0.499491	0.00273752
1.48676	0.499636	0.000575333
1.49095	0.509552	0.00106795
1.49513	0.518541	0.00131427
1.49930	0.526783	0.00141877
1.50347	0.532680	0.00163104
1.50764	0.538043	0.00280434
1.51179	0.549742	0.00184876
1.51595	0.551241	0.00314826
1.52009	0.564598	0.000501170
1.52424	0.570972	0.00142361
1.52837	0.580610	0.00104474
1.53250	0.583381	0.00238583
1.53663	0.591530	0.000584874
1.54074	0.599744	0.000970077
1.54486	0.608611	0.00144775
1.54896	0.614449	0.00101823
1.55306	0.625404	0.00130996
1.55716	0.630314	0.00185971
1.56125	0.630969	0.00280085
1.56533	0.640228	0.00101597
1.56941	0.648060	0.00259705
1.57348	0.649978	0.00129206
1.57754	0.654247	0.000516228
1.58160	0.653145	0.00125114
1.58565	0.641743	0.00160651
1.58970	0.638491	0.000924686
1.59373	0.642219	0.00141394
1.59777	0.654794	0.000513013
1.60179	0.667147	0.000687052
1.60581	0.663022	0.00215075
1.60983	0.651552	0.00228347
1.61383	0.641121	0.000999736
1.61783	0.646236	0.000395498
1.62183	0.651633	0.00216091
1.62582	0.650372	0.00104663
1.62980	0.646844	0.00193025
1.63377	0.649560	0.00260001
1.63774	0.658969	0.000747211
1.64170	0.668154	0.00131433
1.64566	0.672882	0.00177784
1.64960	0.683970	0.00116417
1.65355	0.684877	0.00181153
1.65748	0.687497	0.00160131
1.66141	0.689350	0.000960519
1.66533	0.683337	0.00111436
1.66925	0.686497	0.00191287
1.67316	0.684269	0.00176063
1.67706	0.689142	0.00113486
1.68096	0.693699	0.00113525
1.68485	0.689342	0.00160898
1.68873	0.690954	0.00288508
1.69260	0.684877	0.00297772
1.69647	0.678353	0.00118355
1.70034	0.678190	0.00255728
1.70419	0.675739	0.00134871
1.70804	0.668700	0.00312801
1.71189	0.653768	0.00330099
1.71573	0.636210	0.00429660
1.71956	0.622899	0.00167559
1.72338	0.611472	0.00230649
1.72720	0.600759	0.00261918
1.73101	0.590961	0.000901399
1.73481	0.583935	0.00130624
1.73861	0.559978	0.000936765
1.74240	0.552938	0.000990214
1.74619	0.541860	0.00180819
1.74997	0.530195	0.00239440
1.75374	0.512947	0.000785789
1.75751	0.500051	0.00107565
1.76127	0.493685	0.00224669
1.76502	0.484133	0.000913449
1.76877	0.469923	0.00216036
1.77251	0.458290	0.00128499
1.77625	0.444448	0.00106330
1.77998	0.436582	0.000799723
1.78370	0.428542	0.00272896
1.78742	0.421306	0.00126352
1.79113	0.406623	0.00160574
1.79483	0.409452	0.000399516
1.79853	0.406240	0.00217388
1.80222	0.400411	0.00389520
1.80591	0.384421	0.00297537
1.80959	0.386495	0.00329571
1.81326	0.391036	0.00100620
1.81693	0.389174	0.00456803
1.82059	0.380097	0.00291682
1.82425	0.379795	0.00187541
1.82790	0.386336	0.00140779
1.83155	0.388138	0.00687267
1.83519	0.376064	0.00212370
1.83882	0.355301	0.00252698
1.84245	0.344441	0.000487393
1.84607	0.345793	0.00339139
1.84968	0.350892	0.00149852
1.85329	0.324979	0.00194931
1.85690	0.318282	0.00383390
1.86050	0.300259	0.00131231
1.86409	0.313646	0.00218105
1.86768	0.337691	0.00869609
1.87126	0.332318	0.0106947
1.87484	0.303747	0.00644160
1.87841	0.321873	0.00734428
1.88198	0.334840	0.00625087
1.88554	0.347021	0.00168255
1.88909	0.344631	0.00160364
1.89264	0.350121	0.00146263
1.89619	0.340723	0.00322462
1.89973	0.352493	0.00414799
1.90326	0.345378	0.000891414
1.90679	0.355348	0.00189303
1.91031	0.359209	0.00350240
1.91383	0.365155	0.00251703
1.91734	0.355129	0.00285563
1.92085	0.363985	0.00277753
1.92435	0.356256	0.000692913
1.92785	0.348439	0.00282297
1.93134	0.342116	0.00120359
1.93483	0.339879	0.00106901
1.93831	0.338918	0.00194131
1.94179	0.325515	0.000629485
1.94526	0.313377	0.00136571
1.94873	0.311810	0.00197922
1.95219	0.317954	0.00229199
1.95565	0.319209	0.00243928
1.95910	0.317222	0.000823912
1.96255	0.323005	0.00244397
1.96599	0.320621	0.00107986
1.96943	0.318318	0.00173243
1.97287	0.308317	0.000644965
1.97629	0.296522	0.000245431
1.97972	0.290593	0.000919548
1.98314	0.288758	0.000279347
1.98655	0.294517	0.000500233
1.98996	0.293043	0.000631477
1.99337	0.301311	0.00171844
1.99677	0.314942	0.00391441
2.00016	0.315412	0.00582169
2.00355	0.296355	0.00512004
2.00694	0.291196	0.00333423
2.01032	0.299121	0.00115032
2.01370	0.298404	0.00164863
2.01707	0.295074	0.00297632
2.02044	0.300796	0.00475721
2.02380	0.301920	0.00341416
2.02716	0.303824	0.00275785
2.03051	0.306158	0.000748052
2.03386	0.311544	0.000991252
2.03721	0.316407	0.000711379
2.04055	0.317031	0.000664597
2.04388	0.317904	0.000935594
2.04721	0.323781	0.00113327
2.05054	0.325456	0.00248993
2.05386	0.324490	0.00190627
2.05718	0.322398	0.000628748
2.06049	0.324980	0.00116113
2.06380	0.329377	0.00115461
2.06710	0.324320	0.000760146
2.07040	0.327049	0.000721111
2.07370	0.331515	0.00193187
2.07699	0.333142	0.000983889
2.08027	0.338223	0.000811206
2.08356	0.341965	0.00169277
2.08683	0.342702	0.00187489
2.09010	0.350516	0.000398980
2.09337	0.350132	0.00111220
2.09664	0.352540	0.00120492
2.09989	0.354963	0.00149842
2.10315	0.358523	0.000449622
2.10640	0.361158	0.000647543
2.10964	0.364087	0.00127319
2.11288	0.369236	0.00100544
2.11612	0.367229	0.000675182
2.11935	0.368295	0.000473578
2.12258	0.370351	0.000547081
2.12580	0.374183	0.000695595
2.12902	0.375913	4.71982e-05
2.13223	0.373678	0.000334442
2.13544	0.378754	0.000528339
2.13864	0.378671	0.00126634
2.14184	0.378851	0.00160389
2.14504	0.382132	0.00102682
2.14823	0.388392	0.000325153
2.15141	0.387108	0.000828704
2.15459	0.382960	0.00111996
2.15777	0.382152	0.00101027
2.16094	0.380797	0.00111605
2.16411	0.385771	0.00172745
2.16727	0.386493	0.00112723
2.17042	0.384558	0.000549862
2.17358	0.387461	0.00184601
2.17672	0.385570	0.00103069
2.17987	0.387851	0.000815995
2.18300	0.391424	0.00125100
2.18614	0.393429	0.000938212
2.18926	0.387854	0.000582823
2.19239	0.386836	0.000632391
2.19550	0.386645	0.000460685
2.19862	0.391168	0.00190707
2.20173	0.385896	0.000686560
2.20483	0.381139	0.000536552
2.20793	0.380001	0.000324053
2.21102	0.381713	0.00123575
2.21411	0.386526	0.000593241
2.21719	0.386289	0.000515026
2.22027	0.382129	0.00110727
2.22335	0.382753	0.000604409
2.22642	0.384282	0.000868707
2.22948	0.387706	0.00139254
2.23254	0.382426	0.000648445
2.23559	0.377947	0.000778154
2.23864	0.377468	0.00169975
2.24168	0.380892	0.000502908
2.24472	0.379326	0.00120095
2.24775	0.378314	0.000608959
2.25078	0.375947	0.00130207
2.25380	0.375835	0.00103180
2.25682	0.373281	0.00166962
2.25983	0.372389	0.000318933
2.26284	0.372594	0.00117974
2.26584	0.366033	0.00117922
2.26884	0.363823	0.000367892
2.27183	0.362853	0.000655975
2.27482	0.362897	0.000447235
2.27780	0.361484	0.000925218
2.28077	0.356706	0.000711279
2.28375	0.356618	0.00143452
2.28671	0.357852	0.000766754
2.28967	0.359385	0.000827066
2.29263	0.340233	0.00234381
2.29558	0.310912	0.00243288
2.29852	0.296427	0.000961140
2.30146	0.297761	0.000991727
2.30440	0.305802	0.000797875
2.30733	0.309348	0.000736979
2.31025	0.310058	0.000298445
2.31317	0.308454	0.000633274
2.31608	0.307796	0.00143985
2.31899	0.302112	0.00209056
2.32190	0.289613	0.00197839
2.32479	0.278939	0.000910178
2.32769	0.269244	0.00132774
2.33058	0.273224	0.00146367
2.33346	0.273986	0.00112300
2.33634	0.277205	0.000680957
2.33921	0.280220	0.000441392
2.34208	0.278823	0.000388497
2.34495	0.277534	0.00104543
2.34781	0.283587	0.00161320
2.35066	0.279723	0.00123156
2.35351	0.266465	0.00156062
2.35636	0.257840	0.000817071
2.35920	0.255388	0.00103907
2.36203	0.260187	0.00177888
2.36487	0.262732	0.000352260
2.36769	0.264704	0.000740419
2.37052	0.264574	0.00195653
2.37334	0.263844	0.000372341
2.37615	0.261249	0.00243476
2.37896	0.257460	0.00426344
2.38177	0.259944	0.00165741
2.38457	0.255276	0.00195031
2.38737	0.244090	0.00195410
2.39016	0.247782	0.000358123
2.39295	0.250647	0.000599996
2.39574	0.250783	0.000848536
2.39852	0.241533	0.000741634
2.40130	0.239227	0.000842545
2.40408	0.240884	0.000215240
2.40686	0.234252	0.00113443
2.40963	0.229775	0.000763150
2.41240	0.225013	0.00108286
2.41516	0.223015	0.000451536
2.41792	0.220549	0.00151828
2.42068	0.216041	0.000597352
2.42344	0.213550	0.00109178
2.42620	0.214244	0.000678822
2.42895	0.212192	0.00100398
2.43170	0.210047	0.000456444
2.43445	0.202243	0.00137097
2.43720	0.198716	0.000831453
2.43995	0.197499	0.00137187
2.44270	0.202615	0.00132602
2.44544	0.196443	0.00186609
2.44819	0.193418	0.00129695
2.45093	0.184767	0.000859032
2.45367	0.183591	0.00169674
2.45642	0.184000	0.00158754
2.45916	0.180822	0.00478328
2.46191	0.184131	0.00147349
2.46465	0.180899	0.000433999
2.46740	0.176475	0.00130116
2.47014	0.173233	0.000893530
2.47289	0.168842	0.00109553
2.47564	0.164262	0.000517125
2.47839	0.170033	0.00138203
2.48115	0.170015	0.00186855
2.48390	0.167891	0.00226143
2.48666	0.165437	0.00159079
2.48942	0.159675	0.00113500
2.49219	0.157888	0.00171499
2.49496	0.162529	0.00169461
2.49773	0.157252	0.00156966
2.50051	0.159966	0.00202133
2.50329	0.157305	0.000893712
2.50608	0.155545	0.00176858
2.50887	0.150914	0.00128830
2.51167	0.156724	0.000741873
2.51448	0.155062	0.00142419
2.51729	0.151254	0.00515567
2.52011	0.148713	0.00357436
2.52294	0.158305	0.00111373
2.52577	0.157747	0.00293234
2.52862	0.141109	0.00332549
2.53147	0.153634	0.0106825
2.53433	0.148140	0.00472927
2.53720	0.146671	0.00236165
2.54009	0.136916	0.00360067
2.54298	0.151144	0.00690889
2.54588	0.158178	0.00480288
2.54880	0.144874	0.00251792
2.55173	0.124200	0.00454455
2.55467	0.119188	0.0151130
2.55763	0.131295	0.00548043
2.56060	0.139266	0.00575392
