#  ----------------------------------------------------------------------------------
# SpeX prism spectrum of 2MASSW J0717163+570543 (J07171626+5705430)
# Originally observed on 2008 Jan 08
# Average resolution = 120
# Originally published in Burgasser et al. (2010) ApJ, 710, 1142-1169
#
# PLEASE CITE THE ORIGINAL DATA REFERENCE WHEN PUBLISHING OR PRESENTING THESE DATA
#
# Near infrared spectral type: L6.5
# J magnitude = 14.636
# H magnitude = 13.593
# Ks magnitude = 12.945
#
#  Wavelength (micron)   F_lambda (normalized)  Noise (normalized as F_lambda)
#  ----------------------------------------------------------------------------------
0.649445	-0.0904453	0.152483
0.651669	0.261541	0.138805
0.653880	1.03660	0.139203
0.656081	0.0585248	0.135337
0.658273	0.0861854	0.104458
0.660456	0.0702930	0.0994439
0.662631	0.167019	0.100336
0.664800	0.156185	0.0988818
0.666963	0.144043	0.0923831
0.669122	0.364674	0.0940940
0.671276	0.145846	0.0892034
0.673427	-0.0820881	0.0824826
0.675576	-0.163611	0.0799418
0.677724	-0.0769518	0.0793110
0.679870	0.101391	0.0797600
0.682017	-0.00109767	0.0882734
0.684165	0.205014	0.0791039
0.686315	-0.103810	0.0797471
0.688466	-0.0985507	0.0716852
0.690621	0.198005	0.0717189
0.692779	0.126482	0.0608615
0.694942	-0.0531141	0.0588368
0.697110	0.111843	0.0545356
0.699283	0.0825320	0.0533627
0.701463	0.0804889	0.0487685
0.703649	-0.0201489	0.0487586
0.705843	0.0486201	0.0447302
0.708045	0.172309	0.0437012
0.710255	0.0929158	0.0421769
0.712474	0.0104475	0.0424734
0.714703	0.107155	0.0389525
0.716942	0.199579	0.0388268
0.719192	0.0411475	0.0359593
0.721452	0.0527533	0.0384134
0.723724	0.156047	0.0356482
0.726008	0.108773	0.0347138
0.728304	0.103704	0.0322680
0.730613	0.0181909	0.0325343
0.732935	0.0543585	0.0303644
0.735271	-0.00791513	0.0307380
0.737620	0.0213090	0.0282247
0.739984	0.0290525	0.0286349
0.742362	0.0192747	0.0264442
0.744755	0.0755223	0.0265489
0.747163	0.0754482	0.0239645
0.749587	0.0803495	0.0250800
0.752027	0.0704766	0.0235878
0.754482	0.0571936	0.0243079
0.756954	0.0780517	0.0250988
0.759443	0.0192679	0.0285108
0.761949	0.0247083	0.0293619
0.764471	0.0307435	0.0281191
0.767011	0.0476586	0.0236743
0.769569	-0.0245076	0.0219522
0.772144	0.0174733	0.0198356
0.774737	0.00730948	0.0200071
0.777348	0.0377228	0.0184223
0.779978	0.0402038	0.0185394
0.782626	0.0121346	0.0179227
0.785292	0.113015	0.0182138
0.787977	0.0801708	0.0177538
0.790681	0.113275	0.0179927
0.793404	0.103987	0.0171255
0.796146	0.0973896	0.0181867
0.798907	0.0606381	0.0169571
0.801687	0.129563	0.0167677
0.804487	0.118702	0.0165018
0.807306	0.144260	0.0168046
0.810144	0.133341	0.0155222
0.813003	0.132468	0.0158309
0.815880	0.144888	0.0152020
0.818777	0.139926	0.0157457
0.821694	0.168225	0.0143288
0.824631	0.150081	0.0151780
0.827587	0.169134	0.0149942
0.830563	0.176581	0.0150828
0.833559	0.143718	0.0146852
0.836574	0.170975	0.0151557
0.839610	0.169568	0.0144170
0.842664	0.177255	0.0146187
0.845739	0.172704	0.0137129
0.848833	0.155705	0.0134182
0.851947	0.161127	0.0124027
0.855080	0.157202	0.0125342
0.858233	0.142491	0.0119422
0.861405	0.163837	0.0122508
0.864597	0.120130	0.0114734
0.867808	0.110522	0.0114995
0.871038	0.119406	0.0115479
0.874287	0.126481	0.0122698
0.877556	0.141920	0.0121436
0.880843	0.160477	0.0123257
0.884150	0.140514	0.0121894
0.887475	0.183159	0.0121949
0.890819	0.179275	0.0118834
0.894182	0.209824	0.0121031
0.897563	0.211043	0.0113628
0.900962	0.218680	0.0108755
0.904380	0.216396	0.0107040
0.907816	0.249655	0.0110931
0.911270	0.278926	0.0103960
0.914742	0.294050	0.0105979
0.918232	0.320875	0.0101448
0.921739	0.301781	0.0104215
0.925264	0.317947	0.0103641
0.928806	0.300664	0.0110144
0.932365	0.309076	0.0117555
0.935941	0.325045	0.0119623
0.939534	0.337605	0.0118584
0.943144	0.375897	0.0120404
0.946770	0.406926	0.0116312
0.950413	0.393009	0.0113475
0.954072	0.410207	0.0104087
0.957747	0.413410	0.0100118
0.961438	0.416780	0.00950458
0.965145	0.423651	0.00973055
0.968867	0.444314	0.00963317
0.972604	0.477820	0.00965326
0.976357	0.486034	0.00957636
0.980125	0.474430	0.00950004
0.983907	0.450645	0.00947301
0.987704	0.402967	0.00939648
0.991516	0.356825	0.00954784
0.995341	0.339792	0.00955495
0.999181	0.343633	0.00934108
1.00303	0.365171	0.00905201
1.00690	0.372092	0.00864160
1.01078	0.398734	0.00894586
1.01468	0.432712	0.00937408
1.01858	0.433011	0.00933158
1.02250	0.435749	0.00962257
1.02644	0.428105	0.00938434
1.03038	0.442409	0.00939866
1.03434	0.481264	0.00957588
1.03831	0.503063	0.00911852
1.04229	0.520729	0.00914603
1.04628	0.510970	0.00867154
1.05028	0.519686	0.00794871
1.05430	0.507729	0.00734882
1.05832	0.513899	0.00698311
1.06236	0.533970	0.00700391
1.06641	0.540216	0.00768268
1.07047	0.582505	0.00817663
1.07454	0.604081	0.00847309
1.07861	0.642710	0.00905408
1.08270	0.691523	0.00875314
1.08680	0.706627	0.00924970
1.09090	0.709518	0.00898407
1.09502	0.706447	0.00888260
1.09914	0.702222	0.00863190
1.10328	0.704899	0.00817678
1.10742	0.699305	0.00763717
1.11157	0.694724	0.00718558
1.11573	0.714111	0.00698470
1.11989	0.745455	0.00717726
1.12407	0.744229	0.00771109
1.12825	0.729188	0.00831546
1.13244	0.732880	0.00841877
1.13663	0.674411	0.00866463
1.14083	0.690007	0.00865908
1.14504	0.737986	0.00846365
1.14926	0.776974	0.00866618
1.15348	0.819068	0.00837895
1.15770	0.789456	0.00837664
1.16194	0.760864	0.00780765
1.16617	0.744104	0.00717316
1.17042	0.713361	0.00657259
1.17467	0.695828	0.00617672
1.17892	0.700795	0.00584951
1.18318	0.723147	0.00566862
1.18744	0.742733	0.00563194
1.19171	0.705517	0.00602471
1.19598	0.662835	0.00661986
1.20026	0.690164	0.00673423
1.20454	0.692022	0.00724971
1.20882	0.728574	0.00731932
1.21311	0.776366	0.00716583
1.21740	0.806359	0.00741664
1.22169	0.833680	0.00726913
1.22599	0.857870	0.00732974
1.23029	0.853765	0.00721849
1.23459	0.808150	0.00680479
1.23889	0.784718	0.00634143
1.24320	0.767175	0.00597413
1.24751	0.767195	0.00577192
1.25181	0.824688	0.00573248
1.25613	0.880512	0.00603307
1.26044	0.916624	0.00644069
1.26475	0.963608	0.00720918
1.26907	0.984088	0.00789444
1.27338	1.03673	0.00859542
1.27770	1.02415	0.00811729
1.28202	0.997703	0.00790753
1.28633	0.975604	0.00766892
1.29065	0.995646	0.00737964
1.29497	0.992881	0.00744726
1.29929	0.981240	0.00724057
1.30361	0.985620	0.00731069
1.30792	0.988423	0.00740597
1.31224	0.998923	0.00713966
1.31656	1.02308	0.00727341
1.32087	0.996361	0.00643556
1.32519	0.954034	0.00612083
1.32950	0.835248	0.00565817
1.33381	0.715074	0.00522586
1.33812	0.638750	0.00495956
1.34243	0.589598	0.00517661
1.34674	0.576219	0.00538575
1.35105	0.564489	0.00588958
1.35535	0.559846	0.00675986
1.35965	0.554168	0.00807409
1.36395	0.571660	0.00957753
1.36825	0.577012	0.00978902
1.37255	0.594051	0.00947924
1.37684	0.576202	0.00942281
1.38113	0.572197	0.00980157
1.38542	0.611815	0.00939696
1.38970	0.606383	0.00900613
1.39398	0.597720	0.00905446
1.39826	0.552325	0.00942139
1.40254	0.559776	0.0100332
1.40681	0.536713	0.0103416
1.41107	0.519598	0.0105060
1.41534	0.517974	0.00993113
1.41960	0.502204	0.00879301
1.42386	0.494666	0.00755039
1.42811	0.498084	0.00721129
1.43236	0.503187	0.00750924
1.43660	0.498165	0.00750892
1.44085	0.510332	0.00720144
1.44508	0.511701	0.00760745
1.44931	0.509685	0.00808702
1.45354	0.522626	0.00896217
1.45777	0.529169	0.00898738
1.46198	0.549175	0.00866246
1.46620	0.544837	0.00846021
1.47041	0.550572	0.00810739
1.47461	0.570571	0.00845965
1.47881	0.564273	0.00849694
1.48301	0.576360	0.00890655
1.48720	0.577735	0.00864637
1.49138	0.579914	0.00757368
1.49556	0.607812	0.00700119
1.49973	0.596393	0.00856281
1.50390	0.656921	0.00967822
1.50807	0.651485	0.00959432
1.51222	0.661673	0.00888170
1.51638	0.670058	0.00735406
1.52052	0.659321	0.00820292
1.52466	0.721020	0.00885064
1.52880	0.708369	0.00981506
1.53293	0.723063	0.00913166
1.53705	0.745695	0.00925593
1.54117	0.761546	0.00828492
1.54528	0.771292	0.00811279
1.54939	0.763043	0.00808655
1.55349	0.808205	0.00807308
1.55758	0.819117	0.00847269
1.56167	0.837142	0.00882768
1.56575	0.830653	0.00819907
1.56983	0.858709	0.00758140
1.57390	0.855719	0.00671215
1.57796	0.853712	0.00897418
1.58202	0.845851	0.00981929
1.58607	0.828301	0.00984363
1.59011	0.830065	0.00872087
1.59415	0.891413	0.00698568
1.59818	0.880648	0.00799943
1.60221	0.906692	0.00900605
1.60623	0.873893	0.00970003
1.61024	0.862452	0.00990517
1.61425	0.869652	0.00902987
1.61825	0.872686	0.00929923
1.62224	0.860864	0.00816783
1.62623	0.864249	0.00802120
1.63021	0.868503	0.00784279
1.63418	0.914111	0.00760636
1.63815	0.901743	0.00786085
1.64211	0.922924	0.00859956
1.64606	0.912386	0.00821964
1.65001	0.949804	0.00817744
1.65395	0.929658	0.00728405
1.65789	0.959625	0.00629360
1.66182	0.950726	0.00668612
1.66574	0.963839	0.00893055
1.66965	0.954022	0.00938462
1.67356	0.968564	0.00931965
1.67746	0.941725	0.00744280
1.68136	0.970291	0.00628688
1.68525	0.965387	0.00728282
1.68913	0.958514	0.00818545
1.69300	0.973438	0.00847837
1.69687	0.967410	0.00911127
1.70074	0.941612	0.00842397
1.70459	0.935580	0.00840039
1.70844	0.944782	0.00806792
1.71228	0.906232	0.00883801
1.71612	0.892928	0.00732171
1.71995	0.875059	0.00697985
1.72377	0.869340	0.00675918
1.72759	0.842157	0.00693848
1.73140	0.830540	0.00696395
1.73521	0.807405	0.00713978
1.73900	0.775864	0.00734973
1.74280	0.782555	0.00736998
1.74658	0.752809	0.00674106
1.75036	0.741344	0.00613682
1.75413	0.714480	0.00522412
1.75790	0.703799	0.00589506
1.76166	0.706414	0.00784383
1.76541	0.667993	0.00852825
1.76916	0.661158	0.00834295
1.77290	0.641584	0.00676860
1.77663	0.611438	0.00540702
1.78036	0.609469	0.00584192
1.78408	0.608128	0.00711058
1.78780	0.580848	0.00716373
1.79151	0.580654	0.00727263
1.79521	0.584870	0.00777621
1.79891	0.575229	0.00786797
1.80260	0.563898	0.00856498
1.80629	0.556022	0.00851828
1.80997	0.561676	0.00843787
1.81364	0.555179	0.00822375
1.81731	0.574643	0.00825304
1.82097	0.576178	0.00801758
1.82463	0.579979	0.00858486
1.82828	0.580984	0.00877055
1.83192	0.577710	0.00873667
1.83556	0.571646	0.00865620
1.83919	0.586141	0.0103577
1.84282	0.553508	0.0116660
1.84644	0.564829	0.0124573
1.85006	0.530974	0.0125207
1.85367	0.511800	0.0112488
1.85727	0.498747	0.0101078
1.86087	0.499293	0.00838916
1.86446	0.504553	0.00833049
1.86805	0.528552	0.0118372
1.87163	0.483641	0.0155020
1.87521	0.501583	0.0148482
1.87878	0.518396	0.0116806
1.88234	0.542405	0.00798873
1.88590	0.550818	0.00706418
1.88946	0.540843	0.00696696
1.89301	0.541129	0.00708551
1.89655	0.534984	0.00838698
1.90009	0.560317	0.00846866
1.90362	0.555187	0.00919653
1.90715	0.593412	0.00925530
1.91067	0.594617	0.00830314
1.91419	0.590069	0.00813446
1.91770	0.579546	0.00895547
1.92121	0.575899	0.00966967
1.92471	0.564091	0.00918342
1.92821	0.577665	0.00855261
1.93170	0.564994	0.00718080
1.93519	0.539812	0.00679048
1.93867	0.536220	0.00655751
1.94215	0.505810	0.00591400
1.94562	0.522008	0.00577466
1.94909	0.503271	0.00623824
1.95255	0.507449	0.00716183
1.95601	0.486781	0.00763849
1.95946	0.494662	0.00779978
1.96291	0.498117	0.00747911
1.96635	0.516335	0.00740327
1.96979	0.504394	0.00700657
1.97322	0.493088	0.00694028
1.97665	0.467521	0.00612332
1.98007	0.469509	0.00565963
1.98349	0.467393	0.00472277
1.98690	0.474940	0.00444336
1.99031	0.482692	0.00438098
1.99372	0.501230	0.00539709
1.99712	0.503204	0.00826921
2.00051	0.487729	0.0111907
2.00390	0.461159	0.0128312
2.00729	0.495685	0.0110889
2.01067	0.513145	0.00870186
2.01404	0.491615	0.00807697
2.01742	0.505017	0.00735096
2.02078	0.514349	0.00714725
2.02415	0.516522	0.00708074
2.02750	0.519377	0.00676454
2.03086	0.517070	0.00658755
2.03421	0.527388	0.00607254
2.03755	0.527324	0.00671607
2.04089	0.527300	0.00653015
2.04422	0.539531	0.00662853
2.04756	0.536218	0.00697332
2.05088	0.526585	0.00693363
2.05420	0.537108	0.00783205
2.05752	0.550743	0.00742754
2.06083	0.560200	0.00682200
2.06414	0.567417	0.00555559
2.06744	0.572865	0.00596815
2.07074	0.567515	0.00630381
2.07404	0.590248	0.00586205
2.07733	0.577520	0.00536939
2.08061	0.591857	0.00475412
2.08389	0.596204	0.00484226
2.08717	0.601459	0.00516642
2.09044	0.603852	0.00507898
2.09371	0.615433	0.00483015
2.09697	0.617562	0.00450223
2.10023	0.622890	0.00450150
2.10348	0.624042	0.00482671
2.10673	0.623900	0.00525840
2.10998	0.633743	0.00534346
2.11322	0.644791	0.00551567
2.11645	0.644758	0.00536358
2.11968	0.649039	0.00545329
2.12291	0.650786	0.00545563
2.12613	0.654801	0.00525805
2.12935	0.658638	0.00520224
2.13256	0.666018	0.00484948
2.13577	0.667738	0.00472221
2.13897	0.681163	0.00453009
2.14217	0.682124	0.00444807
2.14537	0.687620	0.00510536
2.14856	0.682350	0.00615248
2.15174	0.685753	0.00657120
2.15492	0.700653	0.00647979
2.15810	0.694244	0.00561635
2.16127	0.681563	0.00542415
2.16443	0.691651	0.00532102
2.16759	0.698434	0.00551315
2.17075	0.695889	0.00556173
2.17390	0.690508	0.00560493
2.17705	0.678107	0.00612689
2.18019	0.684358	0.00623050
2.18333	0.680273	0.00629571
2.18646	0.683643	0.00596432
2.18959	0.684882	0.00581183
2.19271	0.681533	0.00633159
2.19583	0.680271	0.00644550
2.19894	0.670600	0.00643613
2.20205	0.679550	0.00621665
2.20515	0.669231	0.00588721
2.20825	0.671464	0.00618717
2.21134	0.683667	0.00637354
2.21443	0.683326	0.00629423
2.21751	0.669233	0.00610695
2.22059	0.667469	0.00562741
2.22366	0.660009	0.00568743
2.22673	0.669458	0.00593970
2.22979	0.671851	0.00625365
2.23285	0.667452	0.00621739
2.23591	0.660668	0.00607882
2.23895	0.666430	0.00571221
2.24200	0.669315	0.00569151
2.24503	0.665906	0.00577383
2.24807	0.663165	0.00593110
2.25109	0.663303	0.00607448
2.25412	0.660797	0.00604261
2.25713	0.671771	0.00661860
2.26014	0.652006	0.00583107
2.26315	0.652039	0.00591271
2.26615	0.647830	0.00594801
2.26915	0.647397	0.00600955
2.27214	0.640489	0.00611276
2.27513	0.637384	0.00611903
2.27811	0.640734	0.00609793
2.28108	0.624163	0.00597923
2.28405	0.638361	0.00599854
2.28702	0.640540	0.00606753
2.28998	0.634238	0.00607958
2.29293	0.574899	0.00599013
2.29588	0.532107	0.00598289
2.29883	0.520323	0.00607163
2.30176	0.527695	0.00601996
2.30470	0.546074	0.00605270
2.30763	0.549306	0.00590684
2.31055	0.542751	0.00584820
2.31347	0.549505	0.00598225
2.31638	0.533840	0.00617951
2.31929	0.520607	0.00629494
2.32220	0.518029	0.00619039
2.32509	0.494564	0.00600886
2.32799	0.487045	0.00598342
2.33088	0.494640	0.00596845
2.33376	0.501921	0.00604884
2.33664	0.501855	0.00616260
2.33951	0.501547	0.00627320
2.34238	0.495194	0.00645160
2.34524	0.519542	0.00655445
2.34810	0.501647	0.00667353
2.35096	0.494974	0.00675134
2.35381	0.472873	0.00670301
2.35665	0.464706	0.00657201
2.35949	0.477565	0.00647237
2.36233	0.477863	0.00655795
2.36516	0.480765	0.00680851
2.36798	0.495973	0.00811372
2.37081	0.486477	0.00937633
2.37363	0.499131	0.00913743
2.37644	0.512393	0.00809475
2.37925	0.473328	0.00699278
2.38206	0.461035	0.00681306
2.38486	0.465404	0.00690488
2.38766	0.455704	0.00691195
2.39045	0.464207	0.00785243
2.39324	0.458643	0.00687167
2.39603	0.458760	0.00683680
2.39881	0.449363	0.00677393
2.40159	0.453549	0.00682103
2.40437	0.422514	0.00682919
2.40714	0.433467	0.00695755
2.40991	0.431334	0.00695736
2.41268	0.415301	0.00726441
2.41545	0.411968	0.00753524
2.41821	0.419433	0.00762938
2.42097	0.423091	0.00751413
2.42373	0.400754	0.00722517
2.42648	0.408566	0.00710178
2.42924	0.401570	0.00730273
2.43199	0.380315	0.00783831
2.43474	0.392538	0.00820811
2.43749	0.388139	0.00812756
2.44023	0.420456	0.00798134
2.44298	0.388324	0.00823573
2.44572	0.374931	0.00957263
2.44847	0.397615	0.0106459
2.45121	0.374284	0.0102021
2.45396	0.373431	0.00895043
2.45670	0.390327	0.00838132
2.45944	0.383907	0.00845162
2.46219	0.365701	0.00850703
2.46493	0.356100	0.00839451
2.46768	0.350190	0.00886012
2.47043	0.326909	0.00925181
2.47317	0.319839	0.00933150
2.47592	0.328196	0.00932645
2.47868	0.330874	0.00939951
2.48143	0.320956	0.0103954
2.48419	0.327971	0.0113849
2.48695	0.301734	0.0115390
2.48971	0.327150	0.0118261
2.49247	0.317988	0.0118448
2.49524	0.312436	0.0130925
2.49802	0.339344	0.0108820
2.50080	0.310298	0.0108955
2.50358	0.276427	0.0117496
2.50637	0.295528	0.0127925
2.50916	0.301515	0.0136980
2.51196	0.288227	0.0151764
2.51477	0.307067	0.0176465
2.51758	0.318812	0.0184782
2.52040	0.288959	0.0179466
2.52323	0.324736	0.0176332
2.52607	0.335718	0.0193136
2.52891	0.298483	0.0241396
2.53177	0.301777	0.0294438
2.53463	0.314878	0.0334456
2.53750	0.357519	0.0325551
2.54039	0.328034	0.0311850
2.54328	0.339115	0.0360382
2.54619	0.296522	0.0447740
2.54910	0.257401	0.0551848
2.55203	0.271540	0.0568433
2.55498	0.330700	0.0493749
