#  ----------------------------------------------------------------------------------
# SpeX prism spectrum of SSSPM 0829-1309 (J08283419-1309198)
# Originally observed on 2006 Apr 09
# Average resolution = 120
# Originally published in Burgasser et al. (2007) ApJ, 658, 557
#
# PLEASE CITE THE ORIGINAL DATA REFERENCE WHEN PUBLISHING OR PRESENTING THESE DATA
#
# Optical spectral type: L2
# J magnitude = 12.803
# H magnitude = 11.851
# Ks magnitude = 11.297
#
#  Wavelength (micron)   F_lambda (normalized)  Noise (normalized as F_lambda)
#  ----------------------------------------------------------------------------------
0.652188	0.0982925	0.0242433
0.654397	-0.0174922	0.0225227
0.656595	0.0652667	0.0202702
0.658785	0.0424196	0.0194552
0.660966	0.0703331	0.0182770
0.663140	0.00969396	0.0185557
0.665307	0.0660143	0.0183082
0.667469	0.0313647	0.0185562
0.669626	0.0467544	0.0178867
0.671780	0.0502979	0.0176202
0.673931	0.0510026	0.0173032
0.676079	0.0574849	0.0169380
0.678226	0.0908997	0.0162216
0.680373	0.0669244	0.0156309
0.682520	0.0456912	0.0147242
0.684668	0.0358846	0.0152288
0.686818	0.0695512	0.0138206
0.688971	0.0640329	0.0139821
0.691126	0.0779870	0.0130559
0.693285	0.0959079	0.0124458
0.695449	0.0553293	0.0123908
0.697618	0.0447410	0.0117550
0.699793	0.0811977	0.0111076
0.701974	0.0630959	0.0111545
0.704162	0.0712338	0.0103618
0.706358	0.0652545	0.0100440
0.708562	0.0955014	0.00956070
0.710774	0.0669559	0.00912451
0.712995	0.0293726	0.00836719
0.715227	0.0436475	0.00839424
0.717468	0.0834066	0.00900016
0.719720	0.0781099	0.00935705
0.721983	0.0611329	0.00883317
0.724258	0.0850289	0.00981547
0.726545	0.0990227	0.00817129
0.728844	0.0782604	0.00796820
0.731156	0.0940554	0.00800406
0.733481	0.101321	0.00792623
0.735820	0.102400	0.00733989
0.738172	0.100446	0.00731051
0.740539	0.103810	0.00703324
0.742921	0.0967141	0.00684005
0.745318	0.0857092	0.00663227
0.747729	0.0909501	0.00667433
0.750157	0.0964555	0.00610286
0.752600	0.0905333	0.00637819
0.755060	0.0888527	0.00595747
0.757536	0.0787030	0.00643308
0.760028	0.0892040	0.00656050
0.762538	0.0978981	0.00695257
0.765065	0.0524312	0.00652800
0.767609	0.00901740	0.00595794
0.770170	0.0325761	0.00540158
0.772750	0.0369414	0.00537626
0.775347	0.0618019	0.00517103
0.777962	0.0712644	0.00523447
0.780596	0.0971118	0.00516684
0.783248	0.0896767	0.00510065
0.785919	0.118038	0.00507059
0.788609	0.120093	0.00499254
0.791317	0.125917	0.00487944
0.794044	0.119572	0.00495334
0.796791	0.123557	0.00476579
0.799556	0.136229	0.00471335
0.802341	0.150677	0.00468555
0.805145	0.174421	0.00458334
0.807969	0.185932	0.00450668
0.810812	0.204507	0.00457564
0.813675	0.216117	0.00445878
0.816557	0.234553	0.00448516
0.819459	0.236452	0.00439755
0.822380	0.245250	0.00453183
0.825322	0.248750	0.00447316
0.828282	0.259721	0.00487744
0.831263	0.278320	0.00446714
0.834263	0.264967	0.00441322
0.837283	0.274386	0.00437709
0.840323	0.273436	0.00430327
0.843383	0.258170	0.00418608
0.846462	0.238755	0.00410861
0.849560	0.234029	0.00387659
0.852679	0.224798	0.00374294
0.855817	0.245114	0.00364409
0.858974	0.232129	0.00357581
0.862151	0.223063	0.00358245
0.865347	0.202590	0.00351210
0.868563	0.187051	0.00337422
0.871797	0.190717	0.00340535
0.875051	0.213203	0.00346153
0.878324	0.225201	0.00356143
0.881616	0.232695	0.00378440
0.884927	0.257647	0.00359528
0.888257	0.258469	0.00355906
0.891605	0.271052	0.00348351
0.894972	0.288328	0.00352194
0.898357	0.316740	0.00349276
0.901761	0.324034	0.00339199
0.905183	0.332528	0.00329681
0.908623	0.349402	0.00326491
0.912082	0.384061	0.00330646
0.915558	0.422793	0.00335431
0.919051	0.431935	0.00327632
0.922563	0.435982	0.00318142
0.926091	0.443379	0.00329842
0.929638	0.436393	0.00347597
0.933201	0.458566	0.00370426
0.936781	0.472722	0.00383000
0.940378	0.479441	0.00383950
0.943992	0.514348	0.00377281
0.947622	0.540366	0.00369597
0.951269	0.561518	0.00360951
0.954931	0.555676	0.00337528
0.958610	0.543042	0.00322661
0.962305	0.545677	0.00314662
0.966015	0.559580	0.00319538
0.969741	0.583799	0.00321829
0.973482	0.605902	0.00317865
0.977238	0.637887	0.00326370
0.981009	0.655830	0.00317203
0.984795	0.636083	0.00320117
0.988596	0.566288	0.00305451
0.992410	0.490309	0.00301193
0.996239	0.434012	0.00294742
1.00008	0.432200	0.00285005
1.00394	0.452954	0.00305278
1.00781	0.483445	0.00274155
1.01169	0.521688	0.00278290
1.01559	0.554072	0.00293034
1.01950	0.557533	0.00292862
1.02342	0.553942	0.00295867
1.02736	0.563133	0.00297861
1.03131	0.564987	0.00293984
1.03527	0.584715	0.00295132
1.03924	0.624657	0.00291992
1.04322	0.658864	0.00293981
1.04722	0.661752	0.00284075
1.05122	0.672404	0.00272470
1.05524	0.657489	0.00256102
1.05927	0.650320	0.00239937
1.06331	0.663995	0.00280217
1.06736	0.691666	0.00250077
1.07142	0.720017	0.00259711
1.07549	0.753948	0.00264309
1.07957	0.781947	0.00278216
1.08366	0.813981	0.00275452
1.08776	0.842259	0.00282507
1.09187	0.854352	0.00275736
1.09599	0.862130	0.00266904
1.10011	0.880084	0.00306631
1.10425	0.877778	0.00263600
1.10839	0.862310	0.00254887
1.11254	0.870553	0.00248037
1.11670	0.875550	0.00249607
1.12087	0.894186	0.00250876
1.12504	0.902579	0.00275050
1.12923	0.910605	0.00288493
1.13342	0.862139	0.00284226
1.13761	0.826669	0.00276728
1.14182	0.814743	0.00273263
1.14603	0.858057	0.00266901
1.15024	0.923671	0.00276540
1.15447	0.946100	0.00268914
1.15869	0.933520	0.00265257
1.16293	0.917721	0.00247549
1.16717	0.890269	0.00235646
1.17141	0.850288	0.00219111
1.17566	0.822123	0.00207718
1.17992	0.831875	0.00200294
1.18418	0.836280	0.00200598
1.18844	0.868753	0.00198530
1.19271	0.843692	0.00204297
1.19698	0.800543	0.00210764
1.20126	0.767512	0.00216286
1.20554	0.765037	0.00253857
1.20983	0.813635	0.00226367
1.21411	0.853453	0.00222950
1.21840	0.878642	0.00250638
1.22270	0.921016	0.00224912
1.22699	0.935682	0.00230408
1.23129	0.939610	0.00225108
1.23560	0.902001	0.00219140
1.23990	0.856956	0.00204152
1.24421	0.836535	0.00194706
1.24851	0.816215	0.00190005
1.25282	0.858650	0.00197989
1.25714	0.896041	0.00212370
1.26145	0.949924	0.00245225
1.26576	0.970903	0.00286964
1.27008	0.994016	0.00331102
1.27439	1.00332	0.00320755
1.27871	0.989199	0.00290519
1.28303	0.976383	0.00256667
1.28735	0.984226	0.00241505
1.29166	0.983505	0.00227244
1.29598	0.996593	0.00225945
1.30030	1.00661	0.00217835
1.30462	1.00842	0.00220313
1.30894	1.00211	0.00218965
1.31325	1.01770	0.00213929
1.31757	1.01209	0.00207611
1.32188	1.01795	0.00204453
1.32620	0.994405	0.00194230
1.33051	0.920439	0.00190893
1.33482	0.821863	0.00173549
1.33913	0.733342	0.00169312
1.34344	0.671139	0.00165981
1.34775	0.649009	0.00176659
1.35206	0.623874	0.00209019
1.35636	0.609659	0.00255393
1.36066	0.601328	0.00311254
1.36496	0.607440	0.00378710
1.36926	0.592035	0.00354158
1.37355	0.599983	0.00331012
1.37784	0.592034	0.00314631
1.38213	0.608490	0.00316546
1.38642	0.633153	0.00327686
1.39070	0.619095	0.00310586
1.39498	0.609134	0.00298156
1.39926	0.581969	0.00314150
1.40354	0.570679	0.00364041
1.40781	0.559746	0.00326454
1.41207	0.554282	0.00345831
1.41634	0.536943	0.00298009
1.42060	0.537710	0.00263296
1.42485	0.543567	0.00259227
1.42911	0.530893	0.00232478
1.43335	0.530756	0.00226832
1.43760	0.531810	0.00234409
1.44184	0.543456	0.00204631
1.44607	0.552530	0.00207049
1.45031	0.566362	0.00225153
1.45453	0.569874	0.00234896
1.45875	0.573908	0.00239285
1.46297	0.573763	0.00224667
1.46719	0.587839	0.00225881
1.47139	0.582506	0.00210732
1.47560	0.582213	0.00222204
1.47979	0.581597	0.00220072
1.48399	0.588119	0.00228883
1.48818	0.583596	0.00220972
1.49236	0.604646	0.00203010
1.49654	0.609260	0.00182735
1.50071	0.621576	0.00228909
1.50488	0.622751	0.00235292
1.50904	0.645577	0.00238610
1.51320	0.644116	0.00226749
1.51735	0.654154	0.00191836
1.52149	0.660713	0.00205671
1.52563	0.675144	0.00222426
1.52977	0.685869	0.00237344
1.53389	0.694662	0.00228720
1.53802	0.710667	0.00224473
1.54213	0.716394	0.00215216
1.54624	0.726595	0.00199838
1.55035	0.735986	0.00232793
1.55445	0.740604	0.00199986
1.55854	0.746926	0.00209881
1.56263	0.747157	0.00213193
1.56671	0.755050	0.00208515
1.57078	0.755220	0.00193969
1.57485	0.762711	0.00186693
1.57891	0.762101	0.00238729
1.58297	0.728746	0.00246030
1.58702	0.714758	0.00239520
1.59106	0.721796	0.00223675
1.59510	0.736434	0.00179474
1.59913	0.739696	0.00197493
1.60315	0.739737	0.00233734
1.60717	0.746864	0.00230998
1.61118	0.719381	0.00230694
1.61518	0.722658	0.00218636
1.61918	0.721417	0.00223017
1.62317	0.726213	0.00212661
1.62716	0.713554	0.00196433
1.63114	0.724689	0.00196435
1.63511	0.718519	0.00185752
1.63908	0.731614	0.00191329
1.64304	0.734965	0.00195246
1.64699	0.760205	0.00202148
1.65094	0.768030	0.00198944
1.65487	0.771812	0.00187836
1.65881	0.770700	0.00165140
1.66273	0.769400	0.00168657
1.66665	0.755725	0.00211576
1.67057	0.766434	0.00224974
1.67448	0.753768	0.00226539
1.67838	0.765499	0.00190440
1.68227	0.764807	0.00160017
1.68616	0.771489	0.00181339
1.69004	0.768608	0.00196724
1.69391	0.766506	0.00205347
1.69778	0.767284	0.00216059
1.70164	0.758489	0.00204323
1.70549	0.760755	0.00204833
1.70934	0.760596	0.00201631
1.71318	0.755811	0.00187813
1.71702	0.744252	0.00185704
1.72085	0.719918	0.00177177
1.72467	0.710980	0.00172396
1.72848	0.700782	0.00172734
1.73229	0.692483	0.00174967
1.73610	0.664256	0.00174063
1.73989	0.662110	0.00199315
1.74368	0.649975	0.00182229
1.74747	0.643182	0.00173602
1.75124	0.630788	0.00159542
1.75501	0.617237	0.00146230
1.75878	0.607098	0.00147191
1.76254	0.597979	0.00189231
1.76629	0.572433	0.00203371
1.77003	0.566252	0.00204219
1.77377	0.550041	0.00173201
1.77751	0.546474	0.00144847
1.78123	0.532840	0.00146457
1.78495	0.524703	0.00174149
1.78867	0.510291	0.00176298
1.79238	0.505320	0.00179483
1.79608	0.497568	0.00193729
1.79978	0.487631	0.00215551
1.80347	0.480491	0.00233084
1.80715	0.476390	0.00242874
1.81083	0.472376	0.00240056
1.81450	0.473043	0.00243082
1.81817	0.463890	0.00245761
1.82183	0.467045	0.00245942
1.82548	0.461274	0.00263273
1.82913	0.474527	0.00279456
1.83277	0.472601	0.00315749
1.83641	0.473485	0.00356587
1.84004	0.459273	0.00391302
1.84367	0.434320	0.00413306
1.84729	0.424598	0.00385795
1.85090	0.438162	0.00407716
1.85451	0.418708	0.00390829
1.85811	0.407177	0.00351009
1.86171	0.386952	0.00301607
1.86530	0.396284	0.00306894
1.86889	0.401010	0.00368361
1.87247	0.388776	0.00524265
1.87604	0.360117	0.00465939
1.87961	0.377143	0.00341431
1.88318	0.398226	0.00252478
1.88674	0.425898	0.00241227
1.89029	0.422776	0.00240629
1.89384	0.436152	0.00266927
1.89738	0.427832	0.00277459
1.90092	0.437689	0.00319287
1.90445	0.440802	0.00358141
1.90798	0.450522	0.00341585
1.91150	0.445165	0.00311544
1.91502	0.460110	0.00297314
1.91853	0.435809	0.00285737
1.92203	0.450835	0.00293874
1.92553	0.447772	0.00282820
1.92903	0.434138	0.00259615
1.93252	0.425136	0.00233644
1.93601	0.412772	0.00208707
1.93949	0.415923	0.00200093
1.94296	0.397675	0.00186166
1.94643	0.383375	0.00177288
1.94990	0.381715	0.00185381
1.95336	0.383656	0.00202494
1.95682	0.399476	0.00221134
1.96027	0.397665	0.00222818
1.96371	0.395335	0.00208118
1.96715	0.402339	0.00215233
1.97059	0.402481	0.00195674
1.97402	0.387479	0.00184005
1.97745	0.372713	0.00169495
1.98087	0.364701	0.00155455
1.98429	0.366021	0.00143553
1.98770	0.370061	0.00137313
1.99111	0.376940	0.00138358
1.99451	0.384192	0.00150693
1.99791	0.395089	0.00202519
2.00131	0.400411	0.00264839
2.00469	0.400013	0.00343930
2.00808	0.391579	0.00297326
2.01146	0.383793	0.00241544
2.01483	0.389697	0.00226499
2.01820	0.384443	0.00219434
2.02157	0.389228	0.00214588
2.02493	0.395085	0.00191834
2.02829	0.397995	0.00179976
2.03164	0.396396	0.00178500
2.03499	0.401454	0.00168225
2.03833	0.403183	0.00181568
2.04167	0.408623	0.00187637
2.04501	0.411495	0.00181308
2.04833	0.409453	0.00176925
2.05166	0.413708	0.00188792
2.05498	0.413806	0.00213833
2.05830	0.415131	0.00209140
2.06161	0.425527	0.00196797
2.06491	0.426316	0.00178069
2.06822	0.425168	0.00180213
2.07151	0.425522	0.00185524
2.07481	0.429580	0.00179561
2.07810	0.440452	0.00174055
2.08138	0.433273	0.00160976
2.08466	0.443502	0.00165355
2.08794	0.442270	0.00168956
2.09121	0.447030	0.00169735
2.09447	0.450753	0.00163644
2.09774	0.455946	0.00167360
2.10099	0.454437	0.00161192
2.10425	0.458698	0.00167315
2.10749	0.461661	0.00173331
2.11074	0.463043	0.00176205
2.11398	0.466752	0.00176784
2.11721	0.467392	0.00179417
2.12044	0.470398	0.00178767
2.12367	0.468544	0.00191409
2.12689	0.474782	0.00179507
2.13010	0.477616	0.00180664
2.13331	0.474824	0.00174442
2.13652	0.481970	0.00176670
2.13972	0.481349	0.00172930
2.14292	0.483803	0.00172057
2.14611	0.481527	0.00177618
2.14930	0.487633	0.00201584
2.15248	0.485653	0.00211219
2.15566	0.487039	0.00203686
2.15884	0.484884	0.00191044
2.16201	0.483096	0.00185698
2.16517	0.477989	0.00182064
2.16833	0.483172	0.00188925
2.17149	0.481725	0.00186146
2.17464	0.481504	0.00187154
2.17778	0.485885	0.00193685
2.18092	0.479886	0.00194919
2.18406	0.477948	0.00196862
2.18719	0.482716	0.00207078
2.19032	0.477942	0.00189357
2.19344	0.487156	0.00201977
2.19656	0.479409	0.00201350
2.19967	0.482317	0.00206028
2.20277	0.474110	0.00202800
2.20588	0.472762	0.00195868
2.20897	0.466840	0.00195698
2.21206	0.470794	0.00202831
2.21515	0.472083	0.00198581
2.21823	0.479858	0.00202636
2.22131	0.474438	0.00196865
2.22438	0.474770	0.00195171
2.22745	0.475048	0.00196843
2.23051	0.475347	0.00202794
2.23357	0.470594	0.00202636
2.23662	0.467988	0.00202892
2.23967	0.468891	0.00199414
2.24271	0.463740	0.00193877
2.24574	0.468644	0.00196120
2.24878	0.465788	0.00199757
2.25180	0.463588	0.00202542
2.25482	0.463372	0.00200945
2.25784	0.454930	0.00199704
2.26085	0.464574	0.00205155
2.26385	0.457606	0.00200801
2.26685	0.454071	0.00201624
2.26985	0.448261	0.00204015
2.27284	0.450944	0.00203281
2.27582	0.446814	0.00201176
2.27880	0.445100	0.00201314
2.28178	0.444736	0.00200480
2.28475	0.444839	0.00202388
2.28771	0.442024	0.00201778
2.29067	0.445079	0.00205000
2.29362	0.419825	0.00198127
2.29657	0.385434	0.00190859
2.29951	0.356908	0.00180106
2.30245	0.357801	0.00183426
2.30539	0.366603	0.00185617
2.30831	0.371993	0.00187067
2.31124	0.371654	0.00181851
2.31415	0.369313	0.00184354
2.31707	0.371099	0.00189482
2.31997	0.368436	0.00202645
2.32287	0.349882	0.00187155
2.32577	0.337849	0.00179094
2.32866	0.328851	0.00175403
2.33155	0.335603	0.00180577
2.33443	0.336530	0.00191510
2.33731	0.337430	0.00182237
2.34018	0.340644	0.00187919
2.34305	0.343066	0.00191830
2.34591	0.339791	0.00191154
2.34877	0.340665	0.00193866
2.35162	0.340907	0.00198505
2.35447	0.327592	0.00194007
2.35732	0.307971	0.00185642
2.36016	0.313279	0.00183854
2.36299	0.315115	0.00180506
2.36582	0.316265	0.00195093
2.36865	0.319327	0.00194139
2.37147	0.321271	0.00205630
2.37428	0.323138	0.00208080
2.37710	0.323039	0.00205952
2.37991	0.317289	0.00208849
2.38271	0.312057	0.00227293
2.38551	0.300251	0.00227365
2.38831	0.295096	0.00215910
2.39110	0.301249	0.00194620
2.39389	0.304178	0.00192773
2.39668	0.300564	0.00189040
2.39946	0.292854	0.00188830
2.40224	0.292548	0.00190331
2.40502	0.294744	0.00199190
2.40779	0.284975	0.00192254
2.41056	0.285019	0.00194039
2.41333	0.279459	0.00197391
2.41609	0.270856	0.00203175
2.41886	0.270628	0.00207941
2.42161	0.263394	0.00200493
2.42437	0.264654	0.00190045
2.42713	0.262705	0.00186589
2.42988	0.264445	0.00188556
2.43263	0.263189	0.00204047
2.43538	0.256671	0.00213074
2.43813	0.247284	0.00219204
2.44088	0.246471	0.00195296
2.44362	0.251438	0.00199730
2.44637	0.234843	0.00212005
2.44911	0.237311	0.00231217
2.45186	0.232717	0.00227837
2.45460	0.235286	0.00230318
2.45734	0.232570	0.00198344
2.46009	0.229919	0.00213201
2.46283	0.231428	0.00221984
2.46558	0.223931	0.00223249
2.46832	0.211813	0.00214296
2.47107	0.215027	0.00229954
2.47382	0.212580	0.00233725
2.47657	0.210130	0.00230567
2.47932	0.209986	0.00228001
2.48207	0.208927	0.00251077
2.48483	0.200683	0.00278151
2.48759	0.208761	0.00299160
2.49036	0.198997	0.00301041
2.49312	0.195139	0.00310352
2.49589	0.199707	0.00291850
2.49867	0.204492	0.00277644
2.50145	0.200655	0.00268784
2.50423	0.198490	0.00288356
2.50702	0.201927	0.00342916
2.50982	0.185655	0.00342924
2.51262	0.186524	0.00363678
2.51543	0.179314	0.00458705
2.51824	0.175643	0.00487427
2.52106	0.195677	0.00488104
2.52389	0.179311	0.00438969
2.52673	0.184429	0.00483670
2.52958	0.188337	0.00640249
2.53244	0.166839	0.00814970
2.53530	0.172072	0.00995292
2.53818	0.181527	0.0104758
2.54106	0.162614	0.00914956
2.54396	0.166923	0.0104836
2.54687	0.164038	0.0135271
2.54979	0.151290	0.0206066
2.55272	0.210057	0.0213874
2.55567	0.176702	0.0179731
2.55863	0.163074	0.0128795
2.56160	0.173934	0.0104547
