#  ----------------------------------------------------------------------------------
# SpeX prism spectrum of SDSS J212413.89+010000.3 (J21241387+0059599)
# Originally observed on 2004 Jul 23
# Average resolution = 120
# Originally published in Burgasser et al. (2006) ApJ, 637, 1067
#
# PLEASE CITE THE ORIGINAL DATA REFERENCE WHEN PUBLISHING OR PRESENTING THESE DATA
#
# Near infrared spectral type: T5
# J magnitude = 16.031
# H magnitude = 16.183
# Ks magnitude = 16.144
#
#  Wavelength (micron)   F_lambda (normalized)  Noise (normalized as F_lambda)
#  ----------------------------------------------------------------------------------
0.652757	0.129009	0.855234
0.654964	-0.123715	0.116290
0.657160	0.297436	0.190701
0.659347	-0.0424024	0.478933
0.661526	0.194169	0.141018
0.663698	-0.242241	0.117453
0.665864	-0.106815	0.497828
0.668025	0.111517	0.127544
0.670181	0.368930	0.126572
0.672334	0.157596	0.144951
0.674484	0.0549983	0.119393
0.676632	-0.0234495	0.0163463
0.678779	0.391746	0.145784
0.680926	0.362113	0.135103
0.683073	0.0689350	0.0811274
0.685222	0.0942908	0.272372
0.687372	0.0954306	0.396605
0.689525	-0.109134	0.0756956
0.691682	0.127239	0.0667581
0.693842	0.0715113	0.287151
0.696007	0.427292	0.195265
0.698178	0.199551	0.114139
0.700354	0.205384	0.110310
0.702537	0.267859	0.111648
0.704727	0.363881	0.273468
0.706924	0.219035	0.188751
0.709130	0.188493	0.143242
0.711345	-0.0204158	0.237613
0.713569	-0.101852	0.0760151
0.715803	0.0368636	0.0442228
0.718047	0.0950513	0.104500
0.720302	0.0854831	0.0704932
0.722568	0.0971399	0.0467987
0.724846	0.199989	0.181415
0.727135	0.149340	0.0930861
0.729438	0.0693389	0.0590775
0.731753	0.219764	0.0774346
0.734082	0.0638195	0.111083
0.736424	0.0203016	0.0802787
0.738780	0.00471206	0.0459229
0.741151	-0.0435494	0.0925606
0.743537	0.0322620	0.0599611
0.745937	0.0787615	0.0990226
0.748353	-0.0386453	0.0603376
0.750785	0.0394411	0.00205571
0.753232	-0.0512610	0.0808855
0.755696	0.0184037	0.00493775
0.758176	0.0231443	0.0949606
0.760673	0.0792889	0.102432
0.763187	-0.176475	0.0201999
0.765718	0.0262560	0.0384788
0.768266	-0.0290633	0.128688
0.770833	-0.00985355	0.0215497
0.773417	0.0167494	0.0327622
0.776019	0.0691694	0.0607063
0.778639	0.100307	0.0432977
0.781277	-0.0427448	0.0377103
0.783934	0.0481460	0.0958912
0.786610	-0.00553319	0.0325810
0.789304	0.0758827	0.0794937
0.792017	0.0502228	0.0413594
0.794749	-0.0194718	0.0276286
0.797501	0.0725680	0.00962793
0.800271	0.0215485	0.0541771
0.803061	-0.00357836	0.0141449
0.805870	-0.000914334	0.0392618
0.808699	-0.0158624	0.0309413
0.811547	-0.0230896	0.0184941
0.814415	-0.0329696	0.0217051
0.817302	0.0229476	0.0362723
0.820209	0.0285199	0.0243493
0.823136	0.0652560	0.0123629
0.826082	-0.00190909	0.0238465
0.829048	-0.0101349	0.00761348
0.832034	0.0566616	0.0151238
0.835039	-0.0297084	0.0172451
0.838064	0.0185144	0.0178950
0.841109	0.00100768	0.0318108
0.844173	0.0316975	0.0360690
0.847258	0.0355340	0.0315569
0.850361	0.0361573	0.00789594
0.853485	0.0504998	0.0244125
0.856628	0.0386266	0.00295350
0.859790	0.0117644	0.0311394
0.862972	0.0581283	0.0186824
0.866173	0.0441509	0.0326573
0.869393	0.0417751	0.0109637
0.872633	0.0400013	0.00653260
0.875892	0.0576580	0.0592537
0.879170	0.0733033	0.0158997
0.882467	0.0643878	0.0101443
0.885782	0.0652957	0.0120085
0.889117	0.0752174	0.00937741
0.892470	0.0574379	0.0216866
0.895842	0.0804362	0.00575108
0.899232	0.104773	0.00822244
0.902640	0.0759218	0.00967707
0.906067	0.0974039	0.0163092
0.909512	0.120870	0.00805030
0.912975	0.108283	0.0115227
0.916455	0.145169	0.00678633
0.919954	0.120885	0.0235883
0.923470	0.138301	0.0291913
0.927003	0.124687	0.0132120
0.930553	0.118319	0.0209194
0.934121	0.154904	0.0108646
0.937705	0.134550	0.0155334
0.941307	0.151555	0.0289412
0.944925	0.152082	0.00507616
0.948559	0.170167	0.00379922
0.952210	0.179776	0.0198237
0.955877	0.152982	0.0271581
0.959560	0.170508	0.0194717
0.963259	0.229906	0.00863690
0.966973	0.216710	0.0194263
0.970703	0.226713	0.0136492
0.974447	0.241669	0.0160452
0.978208	0.282123	0.0272287
0.981982	0.282217	0.00606462
0.985772	0.307482	0.00999085
0.989576	0.296572	0.0184930
0.993395	0.281925	0.00627758
0.997227	0.257440	0.0156973
1.00107	0.286494	0.0298982
1.00493	0.322687	0.0201884
1.00881	0.343833	0.00254070
1.01270	0.340639	0.0144721
1.01660	0.366896	0.0204469
1.02051	0.390892	0.0150212
1.02443	0.442632	0.0130203
1.02837	0.439587	0.0158624
1.03232	0.453236	0.0267785
1.03629	0.497502	0.0147420
1.04026	0.514982	0.0233649
1.04425	0.508957	0.00595386
1.04825	0.540689	0.00959750
1.05226	0.593154	0.0222312
1.05628	0.595290	0.0164407
1.06031	0.622674	0.0147474
1.06435	0.646972	0.0117333
1.06840	0.662055	0.00683711
1.07247	0.674959	0.00219412
1.07654	0.703382	0.0137397
1.08062	0.701126	0.00885654
1.08471	0.697264	0.0119139
1.08882	0.707496	0.0172228
1.09293	0.613934	0.0121948
1.09705	0.555644	0.0160876
1.10118	0.488906	0.00758008
1.10531	0.466812	0.0177680
1.10946	0.343272	0.00623066
1.11361	0.328695	0.0118144
1.11777	0.283036	0.00589947
1.12194	0.289854	0.00376548
1.12612	0.279948	0.00624211
1.13031	0.275906	0.0205875
1.13450	0.260197	0.0100353
1.13870	0.250749	0.00707282
1.14290	0.247090	0.0195400
1.14711	0.246304	0.0118414
1.15133	0.274200	0.0142462
1.15555	0.267448	0.0101241
1.15978	0.234690	0.00316473
1.16402	0.267525	0.0225754
1.16826	0.256393	0.00250854
1.17251	0.241018	0.00345061
1.17676	0.259627	0.0110513
1.18101	0.298498	0.00378926
1.18528	0.358591	0.0104120
1.18954	0.404250	0.0101575
1.19381	0.454316	0.00767264
1.19809	0.483817	0.0115727
1.20236	0.511597	0.0137966
1.20664	0.556835	0.0158884
1.21093	0.594524	0.00893378
1.21522	0.651861	0.00697484
1.21951	0.730449	0.0172693
1.22380	0.738300	0.00727047
1.22810	0.790873	0.0160887
1.23240	0.795182	0.00686836
1.23670	0.813133	0.0175103
1.24101	0.800525	0.00996205
1.24532	0.828418	0.0158961
1.24962	0.830649	0.00808918
1.25393	0.879693	0.00822634
1.25825	0.935108	0.00793374
1.26256	0.992248	0.0126535
1.26687	1.04727	0.00667921
1.27119	1.06277	0.00928977
1.27551	1.06031	0.0130273
1.27982	1.08010	0.00644962
1.28414	1.00802	0.0149684
1.28846	1.00113	0.0304234
1.29278	0.970303	0.0127011
1.29709	0.950910	0.0120098
1.30141	0.891816	0.00503173
1.30573	0.869965	0.0133117
1.31005	0.847175	0.0142081
1.31436	0.796537	0.00693118
1.31868	0.756396	0.00295561
1.32299	0.672521	0.00931082
1.32731	0.550325	0.0169741
1.33162	0.383720	0.0137500
1.33593	0.222836	0.00470809
1.34024	0.112465	0.00628707
1.34455	0.0687038	0.00621331
1.34886	0.0608184	0.00994214
1.35316	0.0634496	0.0158980
1.35747	0.0467875	0.00503349
1.36177	0.0658968	0.00557905
1.36607	0.0863872	0.0125029
1.37036	-0.0296324	0.0221343
1.37466	0.0570656	0.0157134
1.37895	0.0408083	0.0146058
1.38324	0.0670366	0.0108312
1.38752	0.0541940	0.0194225
1.39181	0.0420196	0.0215065
1.39609	0.0957784	0.00904468
1.40036	0.0783306	0.0160915
1.40464	0.0243441	0.00746856
1.40891	0.0878704	0.00669018
1.41317	0.0147243	0.00929733
1.41743	0.0479015	0.0160128
1.42169	0.0658288	0.0184172
1.42595	0.0471894	0.00369423
1.43020	0.0436047	0.00819629
1.43445	0.0472292	0.0129690
1.43869	0.0599188	0.0146993
1.44293	0.0468547	0.00881987
1.44716	0.0870797	0.00691965
1.45139	0.0525813	0.00181242
1.45562	0.0764435	0.00741608
1.45984	0.100326	0.00304834
1.46406	0.115016	0.00273385
1.46827	0.0886712	0.00548156
1.47248	0.108385	0.00337289
1.47668	0.100331	0.0100114
1.48087	0.106146	0.0230192
1.48507	0.131288	0.0240899
1.48925	0.152679	0.0128724
1.49344	0.133963	0.00141107
1.49761	0.143215	0.00524685
1.50178	0.164736	0.0133001
1.50595	0.219244	0.00102835
1.51011	0.194337	0.0217843
1.51426	0.194117	0.0133453
1.51841	0.231853	0.0129723
1.52256	0.259431	0.0250574
1.52670	0.256210	0.00750082
1.53083	0.290571	0.0132197
1.53496	0.321968	0.0299863
1.53908	0.359995	0.0122324
1.54319	0.381543	0.0190428
1.54730	0.406217	0.00313688
1.55140	0.405068	0.00869776
1.55550	0.415970	0.0123704
1.55959	0.445914	0.0181897
1.56368	0.454912	0.00678336
1.56776	0.481006	0.00841045
1.57183	0.506281	0.00415970
1.57589	0.519987	0.00759376
1.57996	0.514308	0.0158828
1.58401	0.527989	0.00865435
1.58806	0.525037	0.00586544
1.59210	0.508316	0.0111397
1.59613	0.494037	0.00281444
1.60016	0.465228	0.00712455
1.60419	0.442756	0.00478989
1.60820	0.384905	0.0204725
1.61221	0.331345	0.00602975
1.61621	0.265668	0.00105461
1.62021	0.223024	0.00727223
1.62420	0.222806	0.00424496
1.62818	0.202370	0.00599419
1.63216	0.192604	0.0105192
1.63613	0.191483	0.00404114
1.64010	0.195664	0.0190840
1.64405	0.191940	0.00840969
1.64801	0.189292	0.0190816
1.65195	0.223989	0.00464981
1.65589	0.233108	0.00687977
1.65982	0.221481	0.00666699
1.66374	0.225674	0.0115489
1.66766	0.184664	0.00636223
1.67157	0.165102	0.00856910
1.67548	0.117817	0.0195644
1.67938	0.161334	0.00581323
1.68327	0.163217	0.000876070
1.68716	0.192129	0.0100242
1.69104	0.178559	0.00627853
1.69491	0.178994	0.00379985
1.69877	0.176925	0.0181294
1.70263	0.165885	0.00259294
1.70649	0.160536	0.0121493
1.71033	0.168383	0.00903661
1.71417	0.170995	0.00544807
1.71800	0.188818	0.00767837
1.72183	0.176538	0.00396335
1.72565	0.187555	0.00143277
1.72947	0.163504	0.0115744
1.73327	0.141990	0.00340425
1.73707	0.144122	0.00917075
1.74087	0.134940	0.00664462
1.74466	0.126335	0.0114229
1.74844	0.123324	0.00224331
1.75221	0.125722	0.00813114
1.75598	0.120552	0.00476660
1.75975	0.123523	0.00523883
1.76350	0.136586	0.0122307
1.76725	0.0964589	0.0183259
1.77100	0.0849223	0.00663675
1.77473	0.0862297	0.0124711
1.77847	0.0902565	0.00268984
1.78219	0.0914189	0.00362154
1.78591	0.0883310	0.0193879
1.78962	0.0763698	0.0127691
1.79333	0.0947677	0.00368466
1.79703	0.0746277	0.0148402
1.80073	0.0927975	0.00934074
1.80442	0.0878912	0.00322651
1.80810	0.0473456	0.00483365
1.81178	0.0864137	0.00700483
1.81545	0.0495709	0.00536884
1.81911	0.0843130	0.0106929
1.82277	0.0698650	0.0113712
1.82642	0.0664393	0.0148705
1.83007	0.0879095	0.00578703
1.83371	0.0780426	0.0249356
1.83735	0.116926	0.0136290
1.84098	0.0738168	0.0280762
1.84460	0.0826667	0.0232252
1.84822	0.0234986	0.0344203
1.85183	0.0925279	0.0114569
1.85544	0.0595325	0.0462620
1.85904	0.0351346	0.0190239
1.86264	0.0656763	0.0182028
1.86623	0.0412963	0.0198738
1.86981	-0.0212103	0.0132589
1.87339	0.0119345	0.0567628
1.87696	0.0200943	0.0195436
1.88053	0.101874	0.0275525
1.88409	0.0758670	0.0206809
1.88765	0.0685223	0.0105805
1.89120	0.0592121	0.0156633
1.89475	0.0957790	0.0253034
1.89829	0.0861056	0.0102329
1.90183	0.0457403	0.0314293
1.90536	0.112457	0.0340280
1.90888	0.108358	0.00569815
1.91240	0.155615	0.0156618
1.91592	0.137647	0.00779462
1.91943	0.133541	0.0217643
1.92293	0.0845052	0.0463910
1.92643	0.0514049	0.0235145
1.92993	0.0817644	0.00992960
1.93342	0.0575546	0.00708983
1.93690	0.0424671	0.0196784
1.94038	0.0471126	0.00949776
1.94386	0.0656555	0.00766464
1.94733	0.0525242	0.00346022
1.95079	0.0626762	0.00414013
1.95425	0.0740341	0.0121758
1.95770	0.0825388	0.00245523
1.96115	0.0510391	0.00798610
1.96460	0.0601023	0.00906755
1.96804	0.0831411	0.00462760
1.97148	0.0912148	0.00876927
1.97491	0.0822798	0.0143736
1.97833	0.0654394	0.0107256
1.98175	0.0809863	0.0118319
1.98517	0.0725339	0.00286950
1.98858	0.0889264	0.00305269
1.99199	0.0873979	0.00453670
1.99539	0.0920005	0.00426153
1.99879	0.0999312	0.0110690
2.00218	0.104832	0.0166798
2.00557	0.140640	0.00625626
2.00895	0.0931560	0.0210962
2.01233	0.0886057	0.00258598
2.01570	0.112900	0.00550283
2.01907	0.100213	0.0164655
2.02244	0.133175	0.00496481
2.02580	0.147057	0.0134742
2.02915	0.142651	0.0112954
2.03250	0.126114	0.0145532
2.03585	0.152040	0.00152181
2.03919	0.156572	0.00482867
2.04253	0.166707	0.00219364
2.04586	0.168054	0.00795384
2.04919	0.173950	0.00729233
2.05252	0.171876	0.00684026
2.05583	0.182959	0.0189323
2.05915	0.184440	0.00649996
2.06246	0.183340	0.0125538
2.06577	0.188928	0.00261455
2.06907	0.181258	0.00728824
2.07236	0.188882	0.0167113
2.07566	0.192111	0.00473342
2.07894	0.196050	0.00833837
2.08223	0.179559	0.00110583
2.08550	0.195283	0.00400585
2.08878	0.203883	0.00192610
2.09205	0.190865	0.00461605
2.09531	0.191808	0.00177213
2.09857	0.194238	0.00341861
2.10183	0.203829	0.00203637
2.10508	0.193967	0.00513303
2.10833	0.195027	0.00569759
2.11157	0.185210	0.0118792
2.11481	0.184083	0.00384341
2.11804	0.176121	0.00498093
2.12127	0.187485	0.00381819
2.12449	0.165718	0.00749685
2.12771	0.180117	0.00000
2.13093	0.171860	0.00585273
2.13414	0.171122	0.00877822
2.13735	0.154727	0.00443532
2.14055	0.162954	0.00654980
2.14374	0.157914	0.00159474
2.14693	0.159638	0.000960115
2.15012	0.150470	0.00950330
2.15330	0.153418	0.00651842
2.15648	0.127632	0.00762929
2.15965	0.138333	0.00233199
2.16282	0.131076	0.00605688
2.16599	0.126546	0.00714326
2.16914	0.126422	0.00810052
2.17230	0.113669	0.00459422
2.17545	0.114330	0.00675640
2.17859	0.115455	0.0142849
2.18173	0.0968772	0.00748192
2.18487	0.0870488	0.00749925
2.18800	0.0864849	0.0120608
2.19112	0.0757063	0.00979357
2.19424	0.0822408	0.00545686
2.19736	0.0543903	0.00681027
2.20047	0.0472044	0.00821796
2.20357	0.0415902	0.00279389
2.20667	0.0302180	0.00869108
2.20977	0.0455591	0.00363612
2.21286	0.0440726	0.00619855
2.21595	0.0427538	0.00170036
2.21903	0.0433138	0.00591740
2.22210	0.0350547	0.00754650
2.22517	0.0507050	0.00516527
2.22824	0.0407775	0.00488234
2.23130	0.0436523	0.00233457
2.23435	0.0329240	0.00952705
2.23740	0.0354362	0.00431766
2.24045	0.0221107	0.00255022
2.24349	0.0448700	0.00473011
2.24652	0.0344684	0.00875365
2.24955	0.0288517	0.00792958
2.25258	0.0265066	0.00220884
2.25560	0.0339979	0.00261955
2.25861	0.0389218	0.00133233
2.26162	0.0270054	0.00629391
2.26463	0.0335514	0.00467154
2.26763	0.0269497	0.00625462
2.27062	0.0265680	0.00351905
2.27361	0.0343983	0.00000
2.27659	0.0213939	0.00458103
2.27957	0.0222202	0.0136136
2.28254	0.0204426	0.00407286
2.28551	0.0229314	0.00191269
2.28847	0.0241619	0.00521207
2.29143	0.0183809	0.00544665
2.29438	0.0101530	0.00218175
2.29733	0.0176332	0.00858800
2.30027	0.00700515	0.0138437
2.30321	0.0217938	0.00253834
2.30614	0.0293205	0.00346777
2.30907	0.0274320	0.0104873
2.31199	0.0368182	0.00342960
2.31490	0.0245920	0.00811035
2.31781	0.0288493	0.00591329
2.32072	0.0174713	0.00273597
2.32362	0.0210630	0.00994781
2.32652	0.0322597	0.00745628
2.32941	0.0141088	0.00697629
2.33229	0.0138924	0.0202394
2.33517	0.0301758	0.00964179
2.33805	0.00889106	0.00341251
2.34092	-0.000933677	0.0116935
2.34379	0.00784068	0.0109850
2.34665	0.0202067	0.00546130
2.34951	0.0107234	0.00000
2.35236	0.0137968	0.0143972
2.35520	0.0105394	0.00611665
2.35805	0.0255628	0.00336548
2.36089	0.00993729	0.00772481
2.36372	0.0246955	0.0156465
2.36655	0.0307310	0.00363631
2.36937	0.0188498	0.00634150
2.37219	0.0283680	0.00469183
2.37501	0.0112887	0.00204938
2.37782	0.00880689	0.00512506
2.38063	0.00517489	0.00634925
2.38343	0.00785996	0.00709241
2.38623	0.0324267	0.00000
2.38903	0.0255068	0.00519946
2.39182	0.0207766	0.00858025
2.39461	0.0141983	0.00398240
2.39740	0.0290708	0.0154663
2.40018	0.0432792	0.00625305
2.40296	0.0266863	0.0120338
2.40573	0.0163149	0.00164998
2.40850	-0.00687334	0.0129549
2.41127	0.0168985	0.00760252
2.41404	0.0390490	0.0108854
2.41680	0.0347389	0.00650481
2.41957	0.0472957	0.0185852
2.42232	0.0296254	0.00872907
2.42508	0.0235602	0.0131474
2.42784	0.0183462	0.00714131
2.43059	0.0386082	0.00856047
2.43334	0.0523389	0.00631384
2.43609	0.0239539	0.0265953
2.43884	0.0413662	0.00329894
2.44158	0.00897165	0.000824481
2.44433	0.0600478	0.0220171
2.44707	0.0301304	0.0112027
2.44982	0.0333898	0.0398865
2.45256	0.0516875	0.0466102
2.45531	0.0218469	0.0248305
2.45805	0.0422255	0.0196308
2.46079	0.0270597	0.0190125
2.46354	0.0452553	0.0190328
2.46628	0.00254344	0.0200207
2.46903	0.0430467	0.00800632
2.47178	0.0610892	0.0437364
2.47453	0.00418201	0.0137512
2.47728	0.0527169	0.00157678
2.48003	0.0511201	0.00931119
2.48278	0.0462501	0.0343223
2.48554	0.0863942	0.0185836
2.48830	0.0737311	0.0370840
2.49107	-0.0236095	0.0381404
2.49384	0.0468951	0.0505069
2.49661	0.00244102	0.0139561
2.49938	0.0495832	0.0299682
2.50216	0.00588969	0.0148656
2.50495	0.135323	0.0156686
2.50774	-0.0225986	0.0233346
2.51054	-0.00808389	0.0443898
2.51334	0.107026	0.0214155
2.51615	0.106507	0.0786097
2.51897	0.0103959	0.0905734
2.52179	0.169946	0.0607063
2.52462	-0.0314038	0.0463347
2.52746	-0.0368515	0.0450073
2.53031	-0.0642322	0.162451
2.53317	0.193249	0.0417639
2.53604	0.108682	0.470193
2.53892	0.136919	0.234777
2.54181	-0.0432419	0.451568
2.54471	0.0846356	0.139802
2.54762	1.11851	0.184346
2.55054	0.680850	1.30265
2.55348	0.123880	0.230689
2.55643	-2.34869	1.10599
2.55939	-0.419574	0.688260
2.56237	0.292405	0.598562
