#  ----------------------------------------------------------------------------------
# SpeX prism spectrum of SDSS J154009.36+374230.3 (J15400942+3742316)
# Originally observed on 2005 Aug 13
# Average resolution = 120
# Originally published in Chiu et al. (2006) AJ 131, 2722
#
# PLEASE CITE THE ORIGINAL DATA REFERENCE WHEN PUBLISHING OR PRESENTING THESE DATA
#
# Near infrared spectral type: L9+/-1.5
# J magnitude = 16.558
# H magnitude = 15.348
# Ks magnitude = 14.739
#
#  Wavelength (micron)   F_lambda (normalized)  Noise (normalized as F_lambda)
#  ----------------------------------------------------------------------------------
0.717997	0.214921	0.0574559
0.720252	0.140145	0.384940
0.722518	0.171658	0.140776
0.724795	0.350945	0.756676
0.727085	0.327821	0.334284
0.729387	0.328676	0.488086
0.731702	0.413796	0.304342
0.734030	-0.0359255	0.641887
0.736372	0.155483	0.402625
0.738728	0.313770	0.334613
0.741098	0.000183664	0.165823
0.743484	0.151295	0.127769
0.745884	0.00427533	0.417042
0.748299	0.0582056	0.211571
0.750731	0.253041	0.319937
0.753178	-0.0906903	0.0462705
0.755641	0.124057	0.186202
0.758121	0.300743	0.0611033
0.760618	-0.0680169	0.655147
0.763131	-0.0650792	0.00729080
0.765662	0.00581805	0.194372
0.768210	-0.0308246	0.0570594
0.770776	-0.0120077	0.157453
0.773359	-0.0456210	0.270318
0.775961	-0.354967	0.0283276
0.778581	-0.0402654	0.225765
0.781219	-0.00493331	0.287548
0.783875	-0.0170863	0.0587006
0.786550	0.170328	0.0750400
0.789244	0.124085	0.0780857
0.791957	0.115672	0.178845
0.794689	-0.116533	0.0840780
0.797440	0.0411014	0.209475
0.800210	0.0815132	0.0361206
0.802999	0.205770	0.0757920
0.805808	0.0745584	0.0689584
0.808636	0.182261	0.0125514
0.811484	0.380052	0.0758904
0.814351	0.108742	0.142952
0.817238	0.133764	0.0139345
0.820145	0.0509213	0.167390
0.823071	0.122928	0.141643
0.826017	0.124251	0.0744118
0.828982	0.225048	0.106585
0.831967	0.0590107	0.0812979
0.834972	0.142513	0.0316415
0.837997	0.146622	0.172400
0.841042	0.193438	0.117568
0.844106	-0.0211104	0.159357
0.847189	0.152681	0.0139832
0.850293	0.143032	0.0832789
0.853416	0.100480	0.00983426
0.856558	0.189801	0.0602716
0.859720	0.289697	0.0181453
0.862901	0.276807	0.132351
0.866102	0.162585	0.136191
0.869322	0.168544	0.0331183
0.872561	0.236943	0.207299
0.875820	0.336909	0.174009
0.879097	0.289575	0.0324428
0.882394	0.353647	0.0631693
0.885709	0.248904	0.0335533
0.889043	0.168664	0.0497082
0.892396	0.236785	0.120602
0.895767	0.287552	0.0554308
0.899157	0.280532	0.130601
0.902565	0.360629	0.0786203
0.905991	0.292684	0.0361907
0.909436	0.252464	0.0204011
0.912898	0.301729	0.0789135
0.916378	0.236867	0.00479611
0.919876	0.401986	0.174444
0.923392	0.335853	0.0240240
0.926925	0.440717	0.0694619
0.930475	0.293959	0.0775981
0.934042	0.304004	0.0293552
0.937626	0.448607	0.0703017
0.941227	0.434510	0.00494950
0.944845	0.491277	0.00562879
0.948479	0.372616	0.0713317
0.952129	0.411878	0.0510043
0.955796	0.488915	0.0198480
0.959478	0.350046	0.0783919
0.963177	0.350810	0.0539423
0.966891	0.446547	0.0464036
0.970620	0.479527	0.0470157
0.974365	0.430278	0.183187
0.978124	0.436788	0.104406
0.981899	0.500951	0.0154913
0.985688	0.471939	0.0362055
0.989492	0.464886	0.0192758
0.993310	0.493744	0.0256147
0.997142	0.433908	0.0120609
1.00099	0.531334	0.0349785
1.00485	0.506850	0.0725339
1.00872	0.546785	0.00500240
1.01261	0.586245	0.00203162
1.01651	0.668158	0.0102979
1.02042	0.537370	0.0662078
1.02435	0.653837	0.0568629
1.02829	0.616727	0.0416445
1.03224	0.667112	0.0165169
1.03620	0.681275	0.0293765
1.04017	0.670752	0.0259191
1.04416	0.683906	0.00124170
1.04816	0.696193	0.0524396
1.05217	0.642860	0.0459128
1.05619	0.669974	0.0103966
1.06022	0.713658	0.0179015
1.06426	0.730942	0.0232757
1.06831	0.707416	0.0128800
1.07238	0.761541	0.0287303
1.07645	0.708452	0.0890298
1.08053	0.735393	0.00582945
1.08462	0.746279	0.0400507
1.08872	0.759145	0.0350357
1.09284	0.702021	0.00860969
1.09696	0.727088	0.100337
1.10108	0.685352	0.0767297
1.10522	0.663675	0.0262997
1.10937	0.596119	0.0929923
1.11352	0.598642	0.0622230
1.11768	0.607529	0.0385292
1.12185	0.615766	0.00961611
1.12603	0.599928	0.00363759
1.13021	0.649144	0.0208471
1.13440	0.666287	0.0797858
1.13860	0.614682	0.114309
1.14281	0.635623	0.00271569
1.14702	0.687423	0.0691093
1.15124	0.683780	0.0426825
1.15546	0.632073	0.0171553
1.15969	0.630616	0.125734
1.16393	0.654453	0.0432469
1.16817	0.672898	0.00389312
1.17241	0.618899	0.0169674
1.17666	0.643183	0.0420681
1.18092	0.679710	0.0603821
1.18518	0.732209	0.0111329
1.18945	0.733783	0.0170799
1.19372	0.738135	0.0134188
1.19799	0.784994	0.00365838
1.20227	0.835888	0.0107351
1.20655	0.822888	0.0225762
1.21083	0.828203	0.0465058
1.21512	0.867452	0.0178781
1.21941	0.842443	0.0204496
1.22371	0.936229	0.0476501
1.22801	0.891485	0.0346141
1.23231	0.889277	0.00685635
1.23661	0.887902	0.0177342
1.24091	0.852537	0.00924091
1.24522	0.845498	0.0119462
1.24953	0.880496	0.00119403
1.25384	0.896602	0.0599093
1.25815	0.941694	0.00395271
1.26246	0.992193	0.0399652
1.26678	1.10847	0.00773667
1.27109	1.06840	0.0293166
1.27541	1.01530	0.0421005
1.27973	1.05507	0.0595252
1.28404	0.996441	0.0412091
1.28836	0.982142	0.0321871
1.29268	0.901742	0.0548133
1.29700	0.949888	0.0319920
1.30132	0.988658	0.0537645
1.30563	0.940503	0.0358014
1.30995	0.902339	0.0319242
1.31427	0.948988	0.0426451
1.31858	0.935401	0.00210797
1.32290	0.902743	0.0301588
1.32721	0.801767	0.0939117
1.33153	0.648804	0.00551062
1.33584	0.516529	0.0274919
1.34015	0.439091	0.0115249
1.34446	0.442880	0.0371788
1.34876	0.403567	0.0537046
1.35307	0.382278	0.0159736
1.35737	0.342538	0.0484412
1.36167	0.347793	0.0376990
1.36597	0.423428	0.00964297
1.37027	0.344153	0.0352108
1.37456	0.414878	0.0116188
1.37885	0.487085	0.0868422
1.38314	0.423623	0.0336627
1.38743	0.452183	0.0331197
1.39171	0.386724	0.0504782
1.39599	0.390493	0.0198835
1.40027	0.383196	0.0295853
1.40454	0.379022	0.0137389
1.40881	0.310307	0.0183762
1.41308	0.350876	0.0245437
1.41734	0.301084	0.0438724
1.42160	0.285086	0.0418253
1.42585	0.324346	0.0760020
1.43011	0.327305	0.0176879
1.43435	0.392581	0.0414745
1.43860	0.335702	0.0264556
1.44284	0.374615	0.0467570
1.44707	0.359857	0.0437120
1.45130	0.434710	0.0196911
1.45553	0.482175	0.0436695
1.45975	0.544153	0.0846314
1.46396	0.499151	0.0115540
1.46818	0.447049	0.0159201
1.47238	0.463806	0.0238955
1.47659	0.474638	0.00716890
1.48078	0.546438	0.0660726
1.48497	0.479509	0.0412512
1.48916	0.556364	0.0405916
1.49334	0.567279	0.00147126
1.49752	0.595149	0.0141832
1.50169	0.620920	0.0447680
1.50586	0.627599	0.0575810
1.51002	0.653334	0.00799533
1.51417	0.686785	0.0612824
1.51832	0.670523	0.0421797
1.52247	0.696849	0.0420172
1.52660	0.714771	0.0344740
1.53074	0.788021	0.0935124
1.53486	0.787796	0.00449904
1.53899	0.813140	0.100441
1.54310	0.769795	0.0271954
1.54721	0.782427	0.00846536
1.55131	0.854698	0.0183460
1.55541	0.824776	0.0224219
1.55950	0.884511	0.0515918
1.56359	0.905802	0.0578713
1.56767	0.900621	0.0317255
1.57174	0.890417	0.0662945
1.57581	0.892721	0.106864
1.57987	0.876302	0.0281871
1.58392	0.928916	0.0162731
1.58797	0.919727	0.121194
1.59201	0.938243	0.0414493
1.59604	0.993928	0.0235994
1.60007	0.969156	0.0180209
1.60410	0.942922	0.0561409
1.60811	0.918391	0.0343457
1.61212	1.02441	0.0695229
1.61613	0.947694	0.0203749
1.62012	1.00739	0.0335824
1.62411	0.969653	0.0567295
1.62810	1.00567	0.00379105
1.63207	0.952636	0.0177124
1.63604	0.973835	0.00837562
1.64001	0.993150	0.0418867
1.64397	0.944779	0.0414410
1.64792	0.932599	0.0224100
1.65186	0.998006	0.00716933
1.65580	0.973525	0.00431664
1.65973	0.938656	0.0319326
1.66366	0.922113	0.0155800
1.66758	0.916540	0.000784304
1.67149	0.937575	0.0521804
1.67539	0.945754	0.0262092
1.67929	0.951689	0.0595739
1.68318	0.922747	0.0687109
1.68707	0.961702	0.0759230
1.69095	0.915350	0.0135887
1.69482	0.970806	0.00387644
1.69869	0.923377	0.0793795
1.70255	0.981167	0.0326481
1.70640	0.959086	0.0306286
1.71025	0.914550	0.0593871
1.71409	0.907585	0.0244812
1.71792	0.839255	0.0147211
1.72175	0.827873	0.00299532
1.72557	0.867017	0.0153563
1.72938	0.772812	0.00579631
1.73319	0.840175	0.0290709
1.73699	0.752295	0.00541053
1.74079	0.776750	0.0155081
1.74457	0.773805	0.0192479
1.74836	0.681325	0.0299678
1.75213	0.652509	0.0178633
1.75590	0.644437	0.0133012
1.75966	0.592417	0.0153832
1.76342	0.596358	0.0530301
1.76717	0.568214	0.0880427
1.77091	0.521404	0.00296791
1.77465	0.555366	0.0216193
1.77838	0.531105	0.00524252
1.78211	0.475992	0.00281368
1.78583	0.512158	0.00908914
1.78954	0.476995	0.00327171
1.79325	0.512740	0.0558322
1.79695	0.509711	0.0207858
1.80065	0.496049	0.00537980
1.80433	0.375486	0.0198000
1.80802	0.401278	0.00543819
1.81169	0.432799	0.0104211
1.81536	0.539220	0.0224761
1.81903	0.527090	0.0397123
1.82269	0.496481	0.0438754
1.82634	0.519313	0.0158007
1.82999	0.513741	0.0852082
1.83363	0.473382	0.133907
1.83727	0.388669	0.0426745
1.84090	0.450584	0.0767094
1.84452	0.398354	0.0452875
1.84814	0.456195	0.0505929
1.85175	0.473153	0.0571058
1.85536	0.279479	0.0539725
1.85896	0.324078	0.0455181
1.86256	0.359724	0.0345619
1.86615	0.372954	0.124413
1.86973	0.377822	0.119714
1.87331	0.412088	0.103923
1.87689	0.374481	0.156708
1.88045	0.457368	0.0249555
1.88402	0.464122	0.0956434
1.88757	0.434114	0.0201318
1.89113	0.524090	0.000517723
1.89467	0.551202	0.0446395
1.89821	0.511320	0.0252831
1.90175	0.478572	0.0764038
1.90528	0.510068	0.0931638
1.90881	0.511764	0.0603662
1.91233	0.557437	0.0505819
1.91584	0.482257	0.0729214
1.91935	0.482435	0.0724435
1.92286	0.473830	0.0620439
1.92636	0.485741	0.0265664
1.92985	0.417943	0.125517
1.93334	0.421643	0.0427802
1.93683	0.386959	0.0513967
1.94031	0.361992	0.0592080
1.94378	0.414532	0.0345924
1.94725	0.438198	0.0188997
1.95071	0.373874	0.0241220
1.95417	0.428856	0.0749219
1.95763	0.448396	0.0593203
1.96108	0.405797	0.00450303
1.96452	0.373729	0.0472977
1.96796	0.414998	0.0283913
1.97140	0.372692	0.0453867
1.97483	0.429270	0.00181005
1.97826	0.437056	0.00771491
1.98168	0.423878	0.00355429
1.98509	0.415598	0.0142987
1.98850	0.418753	0.0160550
1.99191	0.434662	0.00632063
1.99531	0.440168	0.0140537
1.99871	0.443965	0.0305590
2.00210	0.459849	0.0693500
2.00549	0.492874	0.0970155
2.00887	0.495976	0.0513154
2.01225	0.468820	0.0357293
2.01563	0.428960	0.0187675
2.01900	0.479026	0.0211916
2.02236	0.493859	0.0287438
2.02572	0.540290	0.0499079
2.02908	0.537305	0.0270674
2.03243	0.566887	0.0595842
2.03578	0.526510	0.0371154
2.03912	0.535273	0.0383864
2.04246	0.568097	0.0528121
2.04579	0.586367	0.00880440
2.04912	0.613975	0.0365618
2.05244	0.599028	0.0168340
2.05576	0.669663	0.0413803
2.05908	0.686049	0.0190177
2.06239	0.612211	0.00822773
2.06569	0.592579	0.0175917
2.06899	0.605003	0.0493264
2.07229	0.640852	0.0333117
2.07558	0.671219	0.0129001
2.07887	0.664376	0.0187740
2.08215	0.622651	0.0159017
2.08543	0.647228	0.0598945
2.08871	0.656832	0.0246709
2.09198	0.631936	0.0199843
2.09524	0.637765	0.0472759
2.09850	0.636579	0.00745986
2.10176	0.681213	0.0141954
2.10501	0.651166	0.0221181
2.10826	0.679529	0.0292189
2.11150	0.659082	0.00542399
2.11474	0.669312	0.0164539
2.11797	0.687549	0.00645314
2.12120	0.658850	0.0364195
2.12442	0.649819	0.0229216
2.12764	0.681666	0.0289199
2.13086	0.710724	0.0112463
2.13407	0.642102	0.00101462
2.13727	0.649658	0.0363001
2.14048	0.642034	0.0819541
2.14367	0.652960	0.0141183
2.14686	0.676230	0.00975211
2.15005	0.698380	0.0205481
2.15323	0.639437	0.0287541
2.15641	0.650469	0.0418208
2.15958	0.658692	0.0254854
2.16275	0.678002	0.0196786
2.16592	0.630867	0.0238244
2.16908	0.634647	0.0234797
2.17223	0.649639	0.0456679
2.17538	0.645959	0.00553575
2.17852	0.651576	0.0398689
2.18166	0.676427	0.0468393
2.18480	0.647836	0.00577930
2.18793	0.668902	0.0847110
2.19105	0.658940	0.0167054
2.19417	0.655540	0.0149100
2.19729	0.619806	0.0128980
2.20040	0.676434	0.0272061
2.20350	0.601249	0.0440249
2.20661	0.635626	0.00749565
2.20970	0.633316	0.0420697
2.21279	0.625379	0.0126474
2.21588	0.560191	0.0124230
2.21896	0.626028	0.0319649
2.22203	0.599927	0.0207468
2.22510	0.601495	0.00859596
2.22817	0.626609	0.0384334
2.23123	0.631725	0.0401485
2.23429	0.573730	0.00860710
2.23734	0.561183	0.00850605
2.24038	0.551514	0.0119259
2.24342	0.578220	0.0354404
2.24646	0.559829	0.0143546
2.24949	0.571044	0.0253351
2.25251	0.607386	0.0162000
2.25553	0.514204	0.0195357
2.25855	0.560354	0.00572497
2.26156	0.547750	0.0128223
2.26456	0.544732	0.00917025
2.26756	0.548948	0.0134689
2.27055	0.563335	0.0278874
2.27354	0.526882	0.0341622
2.27653	0.565596	0.000706420
2.27950	0.564794	0.00380721
2.28248	0.543486	0.0520586
2.28544	0.523827	0.0435901
2.28841	0.533554	0.0262583
2.29136	0.500874	0.0213044
2.29432	0.481927	0.0622176
2.29726	0.446929	0.00203068
2.30021	0.414145	0.0540417
2.30314	0.422831	0.0129925
2.30607	0.422082	0.0205760
2.30900	0.404866	0.0202458
2.31192	0.400073	0.0183707
2.31484	0.426050	0.0224175
2.31775	0.434236	0.0164930
2.32066	0.366459	0.00395956
2.32356	0.392684	0.00631764
2.32645	0.378225	0.000792677
2.32934	0.394177	0.00508089
2.33223	0.391320	0.0371200
2.33511	0.401260	0.0272714
2.33799	0.396393	0.0189015
2.34086	0.429129	0.0110222
2.34372	0.417817	0.0293659
2.34659	0.428506	0.0168020
2.34944	0.448047	0.0260359
2.35229	0.401086	0.000130080
2.35514	0.403489	0.0241605
2.35798	0.414064	0.0203553
2.36082	0.359924	0.0195734
2.36366	0.430469	0.00109583
2.36649	0.433823	0.0522246
2.36931	0.377094	0.0228257
2.37213	0.389773	0.0201949
2.37495	0.372280	0.0557122
2.37776	0.420886	0.0554183
2.38057	0.380120	0.0274410
2.38337	0.393740	0.0542837
2.38617	0.394864	0.00927459
2.38897	0.387869	0.00607852
2.39176	0.356942	0.0339703
2.39455	0.430696	0.0106130
2.39734	0.447942	0.0194981
2.40012	0.405244	0.0120601
2.40290	0.385224	0.0124688
2.40567	0.398382	0.00960337
2.40844	0.383620	0.0462980
2.41121	0.347123	0.0445816
2.41398	0.413753	0.00647926
2.41674	0.405529	0.0319804
2.41951	0.367472	0.0138245
2.42226	0.365860	0.0118988
2.42502	0.379803	0.0376591
2.42778	0.359604	0.0194628
2.43053	0.379870	0.0246718
2.43328	0.370648	0.00264176
2.43603	0.332916	0.0187620
2.43878	0.394101	0.0170792
2.44152	0.339369	0.000387408
2.44427	0.367884	0.0173924
2.44701	0.336248	0.0181654
2.44976	0.347397	0.130208
2.45250	0.282097	0.00525309
2.45525	0.331066	0.108957
2.45799	0.307649	0.0230815
2.46073	0.271264	0.00859556
2.46348	0.310238	0.0410523
2.46622	0.318923	0.0860003
2.46897	0.287705	0.0232178
2.47172	0.227208	0.00454552
2.47446	0.179712	0.0987371
2.47722	0.218977	0.0796953
2.47997	0.211631	0.0427107
2.48272	0.280564	0.0411941
2.48548	0.266677	0.118079
2.48824	0.280662	0.0605645
2.49101	0.333521	0.00209714
2.49377	0.259932	0.0106444
2.49655	0.179815	0.0587818
2.49932	0.220044	0.0935695
2.50210	0.280326	0.0613253
2.50489	0.288648	0.000710225
2.50768	0.268295	0.000678532
2.51048	0.279608	0.0639683
2.51328	0.170880	0.0111859
2.51609	0.203064	0.0114706
2.51891	0.126189	0.0935630
2.52173	0.227373	0.141836
2.52456	0.114076	0.109620
2.52740	0.393133	0.373067
2.53025	0.333953	0.225371
2.53311	0.146092	0.135978
2.53598	0.112455	0.230491
2.53885	0.352174	0.195414
2.54174	0.462553	0.0266229
2.54464	-0.268096	0.300128
2.54755	-0.0752813	0.648783
2.55048	-0.350659	0.398903
2.55341	-0.0660142	0.505194
2.55636	0.329106	0.0255002
2.55933	0.414833	0.0819109
2.56230	0.358837	0.107412
