#  ----------------------------------------------------------------------------------
# SpeX prism spectrum of 2MASS J05103520-4208140 (J05103520-4208140)
# Originally observed on 2006 Sep 02
# Average resolution = 120
# Originally published in Looper, Kirkpatrick, and Burgasser (2007) AJ, 134, 1162
#
# PLEASE CITE THE ORIGINAL DATA REFERENCE WHEN PUBLISHING OR PRESENTING THESE DATA
#
# Near infrared spectral type: T5
# J magnitude = 16.222
# H magnitude = 16.237
# Ks magnitude = 15.996
#
#  Wavelength (micron)   F_lambda (normalized)  Noise (normalized as F_lambda)
#  ----------------------------------------------------------------------------------
0.647873	0.807206	0.576564
0.650105	0.521743	0.522838
0.652325	1.07646	0.473764
0.654533	1.26517	0.440494
0.656731	0.733824	0.401408
0.658920	-0.875934	0.384596
0.661101	-0.112239	0.375881
0.663274	0.0165416	0.393638
0.665441	0.114709	0.399491
0.667603	0.623009	0.368210
0.669760	0.0757384	0.426755
0.671913	-0.207176	0.391920
0.674064	0.394656	0.365062
0.676212	0.187255	0.332726
0.678359	0.966950	0.337635
0.680506	-0.212624	0.336995
0.682653	0.651992	0.312528
0.684801	0.396576	0.298853
0.686951	0.723530	0.300853
0.689104	0.223065	0.275054
0.691260	0.771276	0.248613
0.693419	0.263080	0.247449
0.695583	0.142850	0.242482
0.697753	0.421210	0.218432
0.699928	0.889052	0.227075
0.702109	0.307596	0.201928
0.704298	0.650912	0.184088
0.706494	0.719892	0.170555
0.708698	0.575149	0.154598
0.710911	0.408172	0.136909
0.713133	0.248731	0.113783
0.715365	0.139437	0.0568721
0.717607	-0.000829168	0.00873138
0.719860	0.0804987	0.0594736
0.722124	-0.0503927	0.117008
0.724399	0.369605	0.0866167
0.726687	0.167211	0.0837160
0.728987	0.204950	0.0671938
0.731299	0.205800	0.0665717
0.733625	0.0836504	0.0620460
0.735965	0.179663	0.0580390
0.738318	0.0673452	0.0511213
0.740686	0.113671	0.0450755
0.743069	0.0691062	0.0382389
0.745466	0.0370997	0.0322636
0.747879	0.0489173	0.0249912
0.750308	0.0304210	0.0196572
0.752752	0.0482320	0.0128772
0.755213	0.0157969	0.00673048
0.757690	0.00211864	0.000657844
0.760183	-0.000224233	0.000708351
0.762694	0.00370615	0.00718398
0.765222	-0.00813974	0.0122404
0.767767	-0.0193669	0.0151421
0.770329	-0.0215061	0.0171339
0.772910	-0.00805953	0.0190067
0.775508	-0.0355301	0.0205510
0.778125	-0.0155551	0.0213383
0.780760	-0.0163126	0.0215705
0.783413	-0.0179302	0.0182968
0.786085	-0.0324714	0.0151105
0.788776	-0.0222820	0.0110180
0.791485	0.00104886	0.00636404
0.794214	-0.00241412	0.00114409
0.796961	0.00596008	0.00424657
0.799728	-0.00144371	0.00926012
0.802514	-0.00706956	0.0140516
0.805319	0.0349166	0.0184401
0.808144	0.0567621	0.0212420
0.810989	0.0233146	0.0227148
0.813852	0.0238556	0.0239536
0.816736	0.0372739	0.0250825
0.819639	0.0117743	0.0243736
0.822562	0.0157207	0.0245410
0.825504	0.0453070	0.0245301
0.828466	0.0273500	0.0229952
0.831448	0.0396902	0.0200149
0.834450	0.00811352	0.0177298
0.837471	-0.00468942	0.0147962
0.840512	0.00267649	0.0106047
0.843573	0.0113921	0.00689021
0.846653	-0.000424493	0.00298904
0.849753	-0.000152482	0.00000
0.852872	0.00188203	0.00222069
0.856012	-0.00325430	0.00344521
0.859170	0.00938706	0.00375791
0.862348	-0.00292398	0.00319330
0.865545	-0.00224219	0.00164324
0.868762	0.00286085	0.000742559
0.871998	0.00747904	0.00387916
0.875253	0.0226342	0.00761293
0.878527	0.0358953	0.0114701
0.881820	-0.00402120	0.0140435
0.885132	-0.00398888	0.0136645
0.888463	0.00996120	0.00735810
0.891813	0.00231877	0.00441880
0.895181	0.000440573	0.0148904
0.898567	0.0317311	0.0213138
0.901972	-0.0478610	0.0259952
0.905396	0.0330971	0.0318854
0.908837	0.112538	0.0357632
0.912296	0.0294136	0.0369644
0.915773	0.0953777	0.0403333
0.919268	-0.0115761	0.0398234
0.922781	0.0562267	0.0403187
0.926310	0.160208	0.0425252
0.929858	0.218631	0.0438540
0.933422	0.141762	0.0459963
0.937003	0.0831831	0.0471426
0.940601	0.190597	0.0470906
0.944216	0.0603551	0.0460306
0.947847	0.133821	0.0445629
0.951495	0.112300	0.0424848
0.955159	0.0636556	0.0401422
0.958838	0.0990811	0.0388584
0.962534	0.166532	0.0396727
0.966245	0.211327	0.0393819
0.969972	0.226262	0.0392776
0.973714	0.252135	0.0393705
0.977471	0.273239	0.0378541
0.981243	0.316558	0.0390446
0.985030	0.343171	0.0399311
0.988831	0.332051	0.0415582
0.992647	0.237249	0.0421601
0.996477	0.232854	0.0427196
1.00032	0.324760	0.0415932
1.00418	0.358002	0.0394381
1.00805	0.231274	0.0394656
1.01193	0.272646	0.0430031
1.01583	-0.423916	0.0410634
1.01974	0.108624	0.0398641
1.02367	0.400615	0.0403664
1.02760	0.434088	0.0383354
1.03155	0.480273	0.0383861
1.03551	0.533413	0.0375382
1.03948	0.449711	0.0394624
1.04347	0.583160	0.0354371
1.04746	0.570993	0.0321032
1.05147	0.597299	0.0290662
1.05549	0.580405	0.0266161
1.05952	0.602599	0.0250127
1.06356	0.637838	0.0250695
1.06761	0.676804	0.0278849
1.07167	0.661088	0.0292838
1.07574	0.709726	0.0317042
1.07982	0.705955	0.0328183
1.08391	0.677307	0.0323650
1.08801	0.692324	0.0339326
1.09212	0.549455	0.0303091
1.09624	0.515201	0.0299814
1.10037	0.457373	0.0284057
1.10450	0.408944	0.0256130
1.10865	0.373287	0.0233338
1.11280	0.309556	0.0208458
1.11696	0.293000	0.0203912
1.12113	0.303447	0.0233837
1.12530	0.337031	0.0242370
1.12949	0.268256	0.0266051
1.13368	0.309727	0.0271852
1.13787	0.288175	0.0297988
1.14208	0.259338	0.0281884
1.14629	0.257779	0.0290571
1.15050	0.313137	0.0287174
1.15473	0.259037	0.0266248
1.15896	0.256573	0.0266852
1.16319	0.270584	0.0238986
1.16743	0.235759	0.0234361
1.17168	0.241909	0.0186485
1.17593	0.255273	0.0171432
1.18018	0.312335	0.0158000
1.18444	0.371907	0.0153782
1.18871	0.375463	0.0186614
1.19298	0.467999	0.0228067
1.19725	0.535927	0.0212356
1.20153	0.481701	0.0222473
1.20581	0.603871	0.0246548
1.21009	0.661566	0.0234977
1.21438	0.650340	0.0237555
1.21867	0.709361	0.0243244
1.22296	0.720823	0.0235911
1.22726	0.780520	0.0238816
1.23156	0.779805	0.0226746
1.23586	0.793185	0.0206792
1.24017	0.806190	0.0187860
1.24447	0.785120	0.0172602
1.24878	0.858314	0.0176168
1.25309	0.882441	0.0154798
1.25740	0.945209	0.0179684
1.26172	1.02746	0.0165641
1.26603	1.04800	0.0188624
1.27034	1.01169	0.0226425
1.27466	1.04513	0.0247589
1.27898	1.05890	0.0233528
1.28330	1.00625	0.0242909
1.28761	0.978289	0.0232931
1.29193	0.960753	0.0231647
1.29625	0.977175	0.0233822
1.30057	0.941137	0.0224095
1.30488	0.869870	0.0231653
1.30920	0.838432	0.0224598
1.31352	0.805943	0.0209483
1.31784	0.713769	0.0195065
1.32215	0.665904	0.0170111
1.32647	0.496300	0.0159011
1.33078	0.368698	0.0141276
1.33509	0.210396	0.0128605
1.33940	0.0957470	0.0121603
1.34371	0.0678954	0.0129205
1.34802	0.0847685	0.0144201
1.35232	0.0596427	0.0177139
1.35663	0.0378259	0.0253206
1.36093	0.0832476	0.0344270
1.36523	0.145459	0.0449754
1.36952	0.0679930	0.0404039
1.37382	0.132620	0.0350375
1.37811	0.0792293	0.0357148
1.38240	0.104766	0.0369590
1.38669	0.162027	0.0357385
1.39097	0.0867508	0.0335472
1.39525	0.103500	0.0361471
1.39953	0.0704239	0.0391774
1.40380	0.0720084	0.0415544
1.40807	0.0668655	0.0406338
1.41234	-0.0191618	0.0390026
1.41660	0.0411827	0.0337489
1.42086	0.0304889	0.0281783
1.42512	0.0842602	0.0232279
1.42937	0.0149057	0.0235434
1.43362	0.116095	0.0238360
1.43786	0.0616137	0.0230087
1.44210	0.0910517	0.0215485
1.44634	0.0550879	0.0252430
1.45057	0.0941339	0.0269035
1.45479	0.0451533	0.0290712
1.45902	0.118854	0.0270635
1.46323	0.148304	0.0262188
1.46745	0.150402	0.0248540
1.47165	0.0560616	0.0247673
1.47586	0.135354	0.0278906
1.48005	0.0195103	0.0271227
1.48425	0.104579	0.0284974
1.48844	0.111013	0.0255626
1.49262	0.149271	0.0215091
1.49680	0.220445	0.0212777
1.50097	0.197130	0.0287042
1.50514	0.192983	0.0303162
1.50930	0.251803	0.0298981
1.51345	0.181583	0.0238182
1.51760	0.217500	0.0225823
1.52175	0.269881	0.0255762
1.52589	0.320344	0.0283766
1.53002	0.272602	0.0292008
1.53415	0.351950	0.0270726
1.53827	0.347863	0.0273362
1.54239	0.393739	0.0231739
1.54650	0.387383	0.0234662
1.55060	0.440170	0.0224836
1.55470	0.414891	0.0232836
1.55879	0.447986	0.0250045
1.56288	0.510636	0.0250552
1.56696	0.547591	0.0227455
1.57103	0.507378	0.0200226
1.57510	0.524144	0.0203720
1.57916	0.554705	0.0298962
1.58322	0.509133	0.0309393
1.58727	0.558013	0.0361371
1.59131	0.472586	0.0231037
1.59535	0.494599	0.0197008
1.59938	0.449139	0.0247638
1.60340	0.383623	0.0276296
1.60742	0.312215	0.0306751
1.61143	0.249643	0.0281226
1.61543	0.214813	0.0267172
1.61943	0.192451	0.0264477
1.62342	0.218112	0.0225441
1.62741	0.172822	0.0223413
1.63138	0.197298	0.0209136
1.63536	0.184469	0.0205457
1.63932	0.169119	0.0218772
1.64328	0.203601	0.0235998
1.64723	0.216806	0.0235383
1.65118	0.172398	0.0223256
1.65512	0.187723	0.0186373
1.65905	0.208104	0.0147171
1.66298	0.220760	0.0216891
1.66690	0.166728	0.0280357
1.67081	0.104121	0.0285679
1.67472	0.100073	0.0260308
1.67862	0.122505	0.0169952
1.68251	0.163450	0.0162588
1.68640	0.155174	0.0214070
1.69028	0.154834	0.0240183
1.69415	0.187872	0.0263219
1.69802	0.180733	0.0257072
1.70188	0.119100	0.0242325
1.70573	0.153570	0.0244073
1.70958	0.190032	0.0219549
1.71342	0.139732	0.0208850
1.71726	0.179363	0.0199862
1.72108	0.175772	0.0183444
1.72491	0.163597	0.0183022
1.72872	0.153821	0.0188316
1.73253	0.140085	0.0192219
1.73633	0.162307	0.0200144
1.74013	0.152145	0.0215286
1.74392	0.128164	0.0207954
1.74770	0.121887	0.0184564
1.75148	0.129072	0.0150047
1.75525	0.102239	0.0126003
1.75901	0.123361	0.0192451
1.76277	0.155299	0.0255969
1.76652	0.0978151	0.0266053
1.77027	0.101696	0.0247530
1.77400	0.0647052	0.0163365
1.77774	0.0737344	0.0134062
1.78146	0.113216	0.0181245
1.78518	0.103188	0.0219739
1.78890	0.0739912	0.0214909
1.79261	0.0865053	0.0240109
1.79631	0.0894633	0.0244087
1.80000	0.00937045	0.0266501
1.80369	0.0433750	0.0293493
1.80738	0.108909	0.0282662
1.81106	0.0484229	0.0277886
1.81473	0.0871068	0.0271193
1.81839	0.109742	0.0256669
1.82205	0.0172207	0.0301002
1.82571	0.0916882	0.0287259
1.82936	0.0869209	0.0295068
1.83300	0.0686654	0.0307823
1.83664	0.0674300	0.0367947
1.84027	0.0880356	0.0456146
1.84389	0.0844362	0.0480952
1.84751	0.100013	0.0492795
1.85113	0.117235	0.0486733
1.85473	0.0229193	0.0465406
1.85834	0.0817894	0.0376867
1.86193	0.0415513	0.0303582
1.86552	0.00600775	0.0317346
1.86911	0.105409	0.0530622
1.87269	0.0274225	0.0788408
1.87627	0.151033	0.0603851
1.87983	0.0881790	0.0367354
1.88340	0.0910946	0.0239300
1.88696	0.0994247	0.0232757
1.89051	0.0589594	0.0224642
1.89406	0.0864994	0.0247178
1.89760	0.0698200	0.0272597
1.90114	0.132353	0.0327042
1.90467	0.0814896	0.0365571
1.90820	0.122074	0.0334505
1.91172	0.0652411	0.0300784
1.91523	0.134356	0.0353821
1.91874	0.0720005	0.0383726
1.92225	0.124939	0.0354906
1.92575	0.0828168	0.0341290
1.92925	0.0743176	0.0299043
1.93274	0.0950415	0.0228815
1.93622	0.0569958	0.0211509
1.93970	0.0423376	0.0182863
1.94318	0.0515261	0.0158964
1.94665	0.0884768	0.0169458
1.95011	0.0648876	0.0198566
1.95357	0.0905553	0.0243309
1.95703	0.0194578	0.0265110
1.96048	0.0700468	0.0264836
1.96393	0.0836154	0.0254768
1.96737	0.0872000	0.0241896
1.97080	0.0991087	0.0235961
1.97424	0.0747312	0.0219748
1.97766	0.0822193	0.0193091
1.98108	0.0875263	0.0162671
1.98450	0.0847325	0.0127049
1.98791	0.0822197	0.0118375
1.99132	0.0976011	0.0112940
1.99472	0.0831244	0.0170372
1.99812	0.105974	0.0274190
2.00152	0.0230101	0.0432074
2.00490	0.0745897	0.0495723
2.00829	0.0879597	0.0371726
2.01167	0.158636	0.0298741
2.01504	0.157445	0.0278307
2.01841	0.118592	0.0238841
2.02178	0.103227	0.0247793
2.02514	0.132723	0.0229422
2.02850	0.178796	0.0218575
2.03185	0.161434	0.0201306
2.03520	0.122302	0.0225209
2.03854	0.158810	0.0213411
2.04188	0.193692	0.0203804
2.04521	0.182928	0.0202111
2.04854	0.176068	0.0167714
2.05187	0.207770	0.0228588
2.05519	0.173430	0.0250419
2.05850	0.191241	0.0223987
2.06181	0.196516	0.0176132
2.06512	0.204094	0.0144763
2.06842	0.175649	0.0185652
2.07172	0.197924	0.0188751
2.07501	0.178069	0.0171185
2.07830	0.190338	0.0139273
2.08158	0.181434	0.0122614
2.08486	0.224206	0.0132307
2.08814	0.187410	0.0141196
2.09141	0.157053	0.0132146
2.09468	0.187350	0.0116575
2.09794	0.178574	0.0103139
2.10119	0.207021	0.0111174
2.10445	0.187860	0.0127744
2.10769	0.185664	0.0143430
2.11094	0.159434	0.0144070
2.11418	0.219118	0.0150281
2.11741	0.158328	0.0140811
2.12064	0.150341	0.0150588
2.12386	0.189692	0.0144930
2.12709	0.142756	0.0137927
2.13030	0.158464	0.0128630
2.13351	0.166074	0.0112959
2.13672	0.178653	0.0105890
2.13992	0.151315	0.00942709
2.14312	0.151066	0.00955843
2.14631	0.167819	0.0142904
2.14950	0.110483	0.0179779
2.15268	0.143962	0.0188779
2.15586	0.137702	0.0172205
2.15903	0.119153	0.0128946
2.16220	0.123149	0.0107186
2.16537	0.124523	0.0111802
2.16853	0.110470	0.0110601
2.17168	0.0864176	0.0110678
2.17483	0.101704	0.0124344
2.17798	0.0844446	0.0144157
2.18112	0.0715568	0.0147759
2.18425	0.0914786	0.0148504
2.18739	0.0712009	0.0121271
2.19051	0.0661038	0.0131846
2.19363	0.100254	0.0148942
2.19675	0.0809947	0.0151029
2.19986	0.0210525	0.0147352
2.20297	0.00229613	0.0127361
2.20607	0.0302965	0.0121884
2.20916	0.0479678	0.0136524
2.21226	0.0354862	0.0133746
2.21534	0.0221161	0.0127898
2.21842	0.0296987	0.0110177
2.22150	0.0359733	0.00954068
2.22457	0.0278827	0.00993059
2.22764	0.0285159	0.0114262
2.23070	0.0253106	0.0119032
2.23376	0.0116094	0.0115501
2.23681	0.00662088	0.0103420
2.23985	0.0342869	0.00898098
2.24290	0.0250888	0.00899163
2.24593	0.0431063	0.00917448
2.24896	0.0134203	0.00975814
2.25199	-0.000969415	0.00981212
2.25501	0.0203311	0.00955266
2.25802	0.0238475	0.00885665
2.26103	0.0266404	0.00855879
2.26404	0.0185756	0.00854582
2.26704	0.0237588	0.00862943
2.27003	0.00139896	0.00870619
2.27302	0.00442305	0.00878167
2.27601	0.0269668	0.00838935
2.27899	0.0201760	0.00813545
2.28196	0.0190132	0.0108350
2.28493	0.879878	0.0106528
2.28789	0.0312999	0.0189825
2.29085	0.109651	0.00795162
2.29381	0.0120368	0.00758192
2.29675	0.00166633	0.00785972
2.29970	0.0136640	0.00777020
2.30263	0.0230485	0.00731393
2.30557	-0.00160776	0.00682429
2.30849	0.0150882	0.00635442
2.31142	-0.00334552	0.00600405
2.31433	0.00440039	0.00607711
2.31725	0.00231838	0.00642270
2.32015	0.00886459	0.00648610
2.32305	0.0132785	0.00584176
2.32595	0.00385280	0.00534970
2.32884	0.00395356	0.00493643
2.33173	0.00348457	0.00472358
2.33461	0.00722791	0.00456560
2.33749	-0.000469981	0.00459353
2.34036	0.00398839	0.00465754
2.34323	-0.00408230	0.00453465
2.34609	-0.00437014	0.00447118
2.34895	0.00865581	0.00437475
2.35180	-9.59668e-06	0.00426620
2.35465	0.00614855	0.00396123
2.35749	-0.00100280	0.00353058
2.36033	0.00341079	0.00319447
2.36317	0.00289953	0.00280476
2.36600	-0.00120991	0.00289964
2.36882	0.00208327	0.00306833
2.37164	-0.00170496	0.00308300
2.37446	-0.000375335	0.00288268
2.37727	-0.000802833	0.00245984
2.38008	0.00418240	0.00226764
2.38289	-0.00237511	0.00223057
2.38569	0.00282122	0.00214127
2.38848	0.000322703	0.00214090
2.39128	-0.000220121	0.00207732
2.39407	0.000595372	0.00205817
2.39685	0.00360739	0.00205466
2.39963	0.00284887	0.00213251
2.40241	0.00567237	0.00235100
2.40519	-0.00118105	0.00256780
2.40796	0.00214685	0.00277385
2.41073	-0.000553517	0.00296112
2.41350	0.00154635	0.00323346
2.41626	0.000852901	0.00353443
2.41903	0.00565501	0.00341776
2.42179	0.00258633	0.00365311
2.42454	0.00421530	0.00428471
2.42730	-0.00152057	0.00522389
2.43005	0.00942438	0.00632992
2.43280	0.0136012	0.00829908
2.43555	0.0171193	0.00946096
2.43830	-0.00331825	0.00928664
2.44105	-0.00561153	0.00880149
2.44379	0.0330407	0.0107960
2.44654	0.00923394	0.0151093
2.44928	-0.0140314	0.0163974
2.45203	0.000834690	0.0160742
2.45477	0.0154080	0.0130506
2.45751	0.00654477	0.0120497
2.46026	0.0187659	0.0131924
2.46300	0.0115219	0.0145499
2.46575	-0.00602870	0.0153803
2.46849	0.0376455	0.0171217
2.47124	-0.00309901	0.0291045
2.47399	0.0261132	0.0207732
2.47674	0.0148788	0.0221813
2.47949	0.0138516	0.0229466
2.48225	-0.00917266	0.0274920
2.48500	-0.0470410	0.0326042
2.48776	0.0656744	0.0350387
2.49053	-0.0576332	0.0360388
2.49329	-0.000949666	0.0376511
2.49607	-0.0264869	0.0337387
2.49884	-0.00975138	0.0307672
2.50162	-0.000691244	0.0329553
2.50441	0.0358990	0.0365737
2.50720	-0.00590388	0.0430052
2.50999	0.0813329	0.0454272
2.51279	0.0443219	0.0542528
2.51560	0.0664524	0.0704382
2.51842	-0.0251465	0.0705644
2.52124	-0.0722761	0.0635028
2.52407	-0.0783567	0.0587178
2.52691	0.0695710	0.0712980
2.52976	-0.106250	0.104320
2.53261	-0.000819333	0.140540
2.53548	0.166683	0.169254
2.53835	0.0686373	0.153115
2.54124	-0.0107776	0.144356
2.54414	-0.0420006	0.176106
2.54705	0.260996	0.247373
2.54997	0.775975	0.407881
2.55290	-0.293400	0.379461
2.55585	0.152468	0.285211
2.55881	0.0729968	0.172967
