#  ----------------------------------------------------------------------------------
# SpeX prism spectrum of 2MASSI J0652307+471034 (J06523073+4710348)
# Originally observed on 2004 Nov 07
# Average resolution = 120
# Originally published in Burgasser et al. (2010) ApJ, 710, 1142-1169
#
# PLEASE CITE THE ORIGINAL DATA REFERENCE WHEN PUBLISHING OR PRESENTING THESE DATA
#
# Optical spectral type: L4.5
# J magnitude = 13.511
# H magnitude = 12.384
# Ks magnitude = 11.694
#
#  Wavelength (micron)   F_lambda (normalized)  Noise (normalized as F_lambda)
#  ----------------------------------------------------------------------------------
0.651080	-0.0646090	0.0299661
0.653295	0.00620466	0.0341795
0.655498	0.0181782	0.0440727
0.657692	-0.0353527	0.0229655
0.659878	0.0306633	0.0285396
0.662055	-0.0310012	0.0110552
0.664226	0.0140552	0.0267449
0.666390	0.0336799	0.0138049
0.668550	0.00198234	0.0313772
0.670705	-0.00503083	0.0141231
0.672857	0.0187079	0.0179099
0.675006	0.000796487	0.00869997
0.677154	0.0336169	0.0103881
0.679301	0.0497246	0.0248128
0.681448	0.00439104	0.0190340
0.683595	0.0176832	0.0184638
0.685744	-0.0192293	0.0509934
0.687895	0.0474487	0.0154785
0.690049	0.0182890	0.00912871
0.692206	-0.0137040	0.0182483
0.694368	0.0214330	0.0204574
0.696534	0.0102814	0.0124074
0.698706	0.0332451	0.00776378
0.700884	0.0198708	0.0173348
0.703068	0.0335781	0.00951056
0.705260	0.0210849	0.0184448
0.707460	0.0200625	0.00831581
0.709668	0.0308367	0.00896438
0.711885	0.0297952	0.0109125
0.714111	0.0302367	0.0172257
0.716347	0.0138475	0.00737690
0.718594	0.0318672	0.00622694
0.720852	0.0127430	0.0124008
0.723120	0.0485479	0.00862860
0.725401	0.0265417	0.00775360
0.727694	0.0582825	0.00711689
0.729999	0.0469879	0.00205475
0.732318	0.0517538	0.000742430
0.734650	0.0516202	0.00952011
0.736995	0.0391706	0.0113977
0.739355	0.0435278	0.00510210
0.741730	0.0400656	0.00539287
0.744119	0.0386820	0.00466677
0.746523	0.0214536	0.00763088
0.748943	0.0266381	0.00394335
0.751378	0.0281213	0.0129240
0.753829	0.0263608	0.00773739
0.756297	0.0272904	0.00857321
0.758781	0.0164858	0.00893648
0.761283	0.0240097	0.00862629
0.763801	0.00548807	0.00658506
0.766336	-0.000839279	0.0108467
0.768889	-0.00456267	0.00243966
0.771459	-0.00575660	0.00640013
0.774047	0.0166353	0.00563472
0.776654	0.0103189	0.00493988
0.779278	0.0218883	0.00816277
0.781921	0.0155907	0.00152199
0.784583	0.0347741	0.00265560
0.787263	0.0350916	0.00260638
0.789962	0.0402157	0.000833873
0.792680	0.0545637	0.00853200
0.795417	0.0517991	0.00206698
0.798173	0.0600687	0.00398991
0.800948	0.0808578	0.00605874
0.803742	0.0839389	0.00408024
0.806556	0.0823992	0.00500098
0.809390	0.105657	0.00231364
0.812243	0.0985948	0.00734396
0.815115	0.107308	0.00933981
0.818007	0.105610	0.00486011
0.820919	0.127716	0.00597029
0.823850	0.124452	0.00581939
0.826801	0.142872	0.00483571
0.829772	0.145858	0.00824774
0.832762	0.159773	0.00336574
0.835773	0.161421	0.00485094
0.838803	0.166504	0.00519347
0.841852	0.170065	0.00372497
0.844921	0.178199	0.00271068
0.848010	0.169702	0.00442182
0.851119	0.177247	0.00480776
0.854247	0.177704	0.00112988
0.857395	0.176542	0.00684252
0.860562	0.156363	0.00290339
0.863748	0.145620	0.00409958
0.866954	0.120607	0.00292144
0.870179	0.122806	0.00514984
0.873424	0.114987	0.00380080
0.876687	0.130195	0.00246338
0.879970	0.141169	0.00158319
0.883271	0.148489	0.00714814
0.886591	0.163669	0.00260102
0.889930	0.178644	0.00526762
0.893288	0.172614	0.00278578
0.896664	0.192042	0.00376240
0.900059	0.202510	0.00612102
0.903472	0.218236	0.00609543
0.906903	0.226542	0.00326926
0.910352	0.235640	0.00649303
0.913819	0.262372	0.00235459
0.917304	0.281431	0.00330370
0.920807	0.286391	0.00575447
0.924327	0.291466	0.00627724
0.927864	0.296720	0.00480431
0.931419	0.293321	0.00455371
0.934991	0.298280	0.00660243
0.938579	0.320794	0.00745596
0.942185	0.336290	0.00420661
0.945807	0.363939	0.00722154
0.949445	0.367437	0.00350468
0.953100	0.387542	0.00837311
0.956771	0.389873	0.00643804
0.960458	0.389739	0.00429473
0.964160	0.380956	0.00747315
0.967878	0.406317	0.0112520
0.971612	0.430114	0.00517286
0.975360	0.435983	0.00733875
0.979124	0.459793	0.00836443
0.982902	0.482805	0.00780748
0.986696	0.449638	0.00859689
0.990503	0.394504	0.00524135
0.994325	0.339954	0.00807588
0.998161	0.317316	0.00502669
1.00201	0.325053	0.00208946
1.00587	0.348617	0.00458926
1.00975	0.377233	0.00610904
1.01364	0.389103	0.00499917
1.01755	0.396856	0.00615633
1.02146	0.405243	0.00472922
1.02539	0.415983	0.00224412
1.02933	0.426984	0.00557702
1.03329	0.450654	0.00267323
1.03725	0.482491	0.00531175
1.04123	0.505655	0.00398319
1.04522	0.524152	0.00814332
1.04922	0.535314	0.00658414
1.05323	0.547527	0.00717315
1.05726	0.545651	0.00466417
1.06129	0.560410	0.00650993
1.06533	0.561586	0.00600346
1.06939	0.580677	0.00553366
1.07346	0.606111	0.00880856
1.07753	0.624332	0.00768732
1.08162	0.642050	0.00628448
1.08571	0.675802	0.00881313
1.08981	0.681491	0.00756154
1.09393	0.694440	0.00578201
1.09805	0.697716	0.00679489
1.10218	0.684825	0.00606771
1.10632	0.672525	0.00448177
1.11047	0.664619	0.00482930
1.11462	0.656203	0.00444116
1.11879	0.662546	0.00447302
1.12296	0.680125	0.00424601
1.12714	0.692130	0.00599842
1.13132	0.678140	0.00400522
1.13552	0.654235	0.00656394
1.13972	0.642357	0.00510825
1.14392	0.657887	0.00712667
1.14814	0.709264	0.00488174
1.15236	0.746632	0.00393072
1.15658	0.745145	0.00781408
1.16081	0.739102	0.00705113
1.16505	0.715741	0.00704662
1.16929	0.693421	0.00571992
1.17354	0.659577	0.00423913
1.17779	0.679379	0.00646501
1.18205	0.695991	0.00631985
1.18631	0.734153	0.00564759
1.19058	0.742858	0.00423678
1.19485	0.719144	0.00495888
1.19912	0.691933	0.00419781
1.20340	0.697357	0.00477368
1.20769	0.720510	0.00598980
1.21197	0.764119	0.00424402
1.21626	0.792539	0.00793928
1.22055	0.828739	0.00392078
1.22485	0.857940	0.00476744
1.22915	0.873187	0.00485240
1.23345	0.862270	0.00662159
1.23775	0.828363	0.00415482
1.24206	0.811218	0.00285378
1.24636	0.798524	0.00382008
1.25067	0.817371	0.00496323
1.25498	0.860823	0.00473438
1.25929	0.906782	0.00523590
1.26361	0.955611	0.00623372
1.26792	0.986874	0.00596694
1.27224	1.01167	0.00664457
1.27655	1.01370	0.00605011
1.28087	1.00089	0.00406896
1.28519	0.995053	0.00471613
1.28951	1.00943	0.00513423
1.29383	0.997727	0.00627435
1.29814	1.00210	0.00321510
1.30246	0.990358	0.00291709
1.30678	0.989033	0.00388802
1.31110	0.989027	0.00450249
1.31541	1.00101	0.00348010
1.31973	1.00957	0.00461083
1.32404	0.986729	0.00393084
1.32836	0.892305	0.00281410
1.33267	0.770341	0.00607709
1.33698	0.630045	0.00446315
1.34129	0.539555	0.00205400
1.34560	0.497331	0.00412742
1.34991	0.469185	0.00666465
1.35421	0.441898	0.00926155
1.35851	0.440223	0.0122475
1.36281	0.449524	0.00450008
1.36711	0.473924	0.00611239
1.37141	0.476122	0.0127504
1.37570	0.468153	0.00347499
1.37999	0.452932	0.00768969
1.38428	0.511872	0.00242212
1.38857	0.524409	0.0104131
1.39285	0.477937	0.00442414
1.39713	0.462863	0.00194243
1.40140	0.451424	0.00266508
1.40567	0.445666	0.00272355
1.40994	0.441907	0.00502166
1.41421	0.438763	0.00330468
1.41847	0.425476	0.00203882
1.42273	0.413147	0.00189086
1.42698	0.409202	0.00266321
1.43123	0.411589	0.00123489
1.43548	0.424254	0.00270183
1.43972	0.430775	0.00378862
1.44396	0.439809	0.00242999
1.44819	0.455642	0.00101951
1.45242	0.480276	0.00199611
1.45665	0.498410	0.00178157
1.46087	0.499233	0.00192818
1.46508	0.496557	0.00329665
1.46929	0.495552	0.00418827
1.47350	0.510340	0.00148671
1.47770	0.520925	0.00267492
1.48189	0.532179	0.00287384
1.48609	0.540795	0.00125141
1.49027	0.551986	0.00292877
1.49445	0.563490	0.00384963
1.49863	0.576409	0.00176010
1.50280	0.593087	0.00344110
1.50696	0.610782	0.00196042
1.51112	0.620437	0.00160396
1.51527	0.637946	0.00246405
1.51942	0.660833	0.00103141
1.52356	0.676606	0.00339946
1.52770	0.691719	0.00224864
1.53183	0.701299	0.00109569
1.53596	0.722113	0.00182514
1.54008	0.738222	0.00173840
1.54419	0.758846	0.00269508
1.54830	0.777455	0.00214283
1.55240	0.793795	0.00147380
1.55650	0.807936	0.00291137
1.56059	0.817955	0.00324025
1.56467	0.825393	0.00210171
1.56875	0.831477	0.00377641
1.57282	0.846931	0.00309447
1.57688	0.867219	0.00259904
1.58094	0.859787	0.00286283
1.58499	0.846318	0.00207795
1.58904	0.834238	0.00343524
1.59308	0.851764	0.00316991
1.59711	0.872347	0.00316342
1.60114	0.880173	0.00236610
1.60516	0.891825	0.00245117
1.60918	0.867977	0.00311350
1.61318	0.869251	0.00424138
1.61719	0.875074	0.00183927
1.62118	0.883872	0.00172410
1.62517	0.886349	0.00371467
1.62915	0.876961	0.00355884
1.63313	0.887750	0.00384981
1.63710	0.897144	0.00199103
1.64106	0.901509	0.00344260
1.64502	0.917525	0.00181210
1.64897	0.932921	0.00265634
1.65291	0.950460	0.00378515
1.65684	0.954662	0.00319514
1.66077	0.953794	0.00324115
1.66470	0.945279	0.00285522
1.66861	0.945181	0.00274851
1.67252	0.947994	0.00161598
1.67643	0.952509	0.00329996
1.68033	0.964294	0.00451186
1.68422	0.968786	0.00309500
1.68810	0.968189	0.00527859
1.69198	0.957834	0.00377784
1.69585	0.946622	0.00275148
1.69971	0.950390	0.00279110
1.70357	0.947826	0.00519782
1.70742	0.934855	0.00280139
1.71127	0.919701	0.00466312
1.71510	0.892456	0.00316653
1.71894	0.874917	0.00291061
1.72276	0.843383	0.00338937
1.72658	0.831864	0.00341944
1.73039	0.810454	0.00453731
1.73420	0.781316	0.00272629
1.73800	0.766642	0.00221069
1.74179	0.744554	0.00156305
1.74558	0.729476	0.00107018
1.74936	0.715086	0.00320140
1.75313	0.695186	0.00114087
1.75690	0.669145	0.00273043
1.76066	0.662668	0.00316522
1.76442	0.641790	0.00347524
1.76816	0.623985	0.00553614
1.77191	0.599976	0.00311868
1.77564	0.580290	0.00285371
1.77937	0.574493	0.00239984
1.78310	0.555322	0.00429477
1.78681	0.543487	0.00257884
1.79053	0.530419	0.00175410
1.79423	0.525392	0.00345596
1.79793	0.512819	0.00445506
1.80162	0.502864	0.00286476
1.80531	0.502171	0.00354589
1.80899	0.493026	0.00517319
1.81267	0.497957	0.00419909
1.81634	0.498470	0.00283939
1.82000	0.512865	0.00347311
1.82366	0.528606	0.00396436
1.82731	0.508104	0.00464224
1.83096	0.502437	0.00791404
1.83460	0.482927	0.00511578
1.83823	0.449709	0.00724348
1.84186	0.496502	0.0170290
1.84548	0.455783	0.00724348
1.84910	0.446625	0.00441477
1.85271	0.482303	0.00697270
1.85632	0.434783	0.00434279
1.85992	0.438914	0.00690371
1.86351	0.416630	0.00473209
1.86710	0.393191	0.00711891
1.87068	0.386714	0.0127787
1.87426	0.477947	0.0147809
1.87783	0.516621	0.0116205
1.88140	0.472123	0.00934305
1.88496	0.484142	0.00295857
1.88852	0.472538	0.00330263
1.89207	0.473066	0.00840958
1.89561	0.480591	0.00390702
1.89915	0.451513	0.0115138
1.90269	0.493009	0.00614093
1.90622	0.551060	0.00687604
1.90974	0.507383	0.000918179
1.91326	0.519900	0.00333830
1.91677	0.567510	0.00508224
1.92028	0.547904	0.00577347
1.92379	0.523921	0.00745509
1.92728	0.503462	0.00434683
1.93078	0.503201	0.00545932
1.93427	0.488508	0.00368781
1.93775	0.459388	0.00242326
1.94123	0.463876	0.00272727
1.94470	0.457863	0.00261671
1.94817	0.458074	0.00304690
1.95163	0.447569	0.00212657
1.95509	0.438607	0.00264562
1.95854	0.455041	0.00426730
1.96199	0.452171	0.00396549
1.96544	0.454167	0.00288029
1.96888	0.458989	0.00233085
1.97231	0.448570	0.00389765
1.97574	0.439936	0.00179041
1.97916	0.433703	0.00257584
1.98258	0.439911	0.00197622
1.98600	0.436615	0.00116324
1.98941	0.439363	0.00129352
1.99281	0.436950	0.00257472
1.99621	0.434766	0.00352971
1.99961	0.429423	0.00418771
2.00300	0.440147	0.00350775
2.00639	0.454657	0.00490668
2.00977	0.447469	0.00367647
2.01315	0.453944	0.00181449
2.01652	0.470265	0.00256556
2.01989	0.483754	0.00432404
2.02325	0.479015	0.00408344
2.02661	0.487102	0.00440361
2.02997	0.486768	0.00173237
2.03332	0.497214	0.00237151
2.03666	0.503383	0.00240994
2.04000	0.503917	0.00180003
2.04334	0.505962	0.00192433
2.04667	0.513533	0.00161048
2.05000	0.511096	0.00402677
2.05332	0.521512	0.00321234
2.05664	0.537946	0.00271698
2.05995	0.537825	0.00352938
2.06326	0.540891	0.00297374
2.06657	0.543065	0.00237516
2.06987	0.559614	0.00202156
2.07316	0.559354	0.00224019
2.07645	0.567871	0.00454019
2.07974	0.570380	0.00215351
2.08302	0.574542	0.00331636
2.08630	0.579358	0.00227461
2.08957	0.584920	0.00199593
2.09284	0.592682	0.00277613
2.09611	0.598714	0.00311983
2.09937	0.603674	0.00443556
2.10262	0.602760	0.00272183
2.10587	0.613485	0.00329977
2.10912	0.614382	0.00319701
2.11236	0.617653	0.00213400
2.11560	0.619696	0.00296389
2.11883	0.621896	0.00205993
2.12206	0.625131	0.00147869
2.12528	0.633073	0.00372931
2.12850	0.630190	0.00292824
2.13171	0.640279	0.00208870
2.13492	0.640331	0.00328668
2.13812	0.641124	0.00363367
2.14132	0.640661	0.00208804
2.14452	0.644829	0.00119353
2.14771	0.646484	0.00409749
2.15090	0.647312	0.00318670
2.15408	0.639729	0.00251353
2.15725	0.640626	0.00184046
2.16042	0.642849	0.00303998
2.16359	0.632390	0.00324403
2.16675	0.633779	0.00256444
2.16991	0.636013	0.00366913
2.17306	0.633698	0.00295106
2.17621	0.632586	0.00291106
2.17936	0.637483	0.00229054
2.18249	0.636528	0.00219800
2.18563	0.640887	0.00159953
2.18876	0.637287	0.00339225
2.19188	0.643746	0.00317268
2.19500	0.639278	0.00177952
2.19811	0.641089	0.00228937
2.20122	0.630497	0.00186764
2.20433	0.632442	0.00352094
2.20743	0.628546	0.00329082
2.21052	0.632575	0.00263914
2.21361	0.632523	0.00313702
2.21669	0.627470	0.00440195
2.21977	0.626926	0.00165293
2.22285	0.624651	0.00392846
2.22592	0.623429	0.00329586
2.22898	0.624269	0.00357318
2.23204	0.613410	0.00162360
2.23510	0.616501	0.00170872
2.23815	0.613329	0.00264217
2.24119	0.609011	0.00179281
2.24423	0.611494	0.00365937
2.24726	0.610759	0.00206373
2.25029	0.607998	0.00251117
2.25331	0.603813	0.00157464
2.25633	0.606950	0.00242128
2.25935	0.607292	0.00419788
2.26235	0.603715	0.00372384
2.26536	0.593371	0.00347831
2.26835	0.588943	0.00345097
2.27135	0.584301	0.00349379
2.27433	0.586715	0.00100534
2.27732	0.590338	0.00185875
2.28029	0.588486	0.00234967
2.28326	0.587594	0.00371627
2.28623	0.588468	0.00222506
2.28919	0.589279	0.00340861
2.29215	0.559774	0.00386259
2.29510	0.516839	0.00390878
2.29804	0.477983	0.00404205
2.30099	0.466347	0.00255482
2.30392	0.476198	0.00185241
2.30685	0.483280	0.00245570
2.30978	0.488103	0.00332374
2.31270	0.486009	0.00379115
2.31561	0.479248	0.00278942
2.31852	0.479194	0.00317153
2.32143	0.474505	0.00191078
2.32433	0.457630	0.00282524
2.32722	0.445619	0.00347075
2.33011	0.446906	0.00294206
2.33299	0.450450	0.00298203
2.33587	0.454014	0.00116888
2.33875	0.453091	0.00214969
2.34162	0.453269	0.00285909
2.34448	0.462796	0.00133220
2.34734	0.462991	0.00316506
2.35020	0.461768	0.00373450
2.35305	0.459897	0.00496593
2.35590	0.442216	0.00403248
2.35874	0.436419	0.00369929
2.36157	0.438958	0.00269304
2.36441	0.433049	0.00239927
2.36724	0.432458	0.00345009
2.37006	0.431013	0.00252734
2.37288	0.441735	0.00360946
2.37569	0.451231	0.00303493
2.37850	0.441792	0.00270485
2.38131	0.433372	0.00260442
2.38411	0.425817	0.00336143
2.38691	0.424211	0.00467344
2.38971	0.427987	0.00328314
2.39250	0.435171	0.00258263
2.39529	0.428916	0.00224483
2.39807	0.425021	0.00449539
2.40085	0.421545	0.00243472
2.40363	0.413450	0.00366224
2.40641	0.412528	0.00477698
2.40918	0.407400	0.00217320
2.41195	0.402453	0.00333885
2.41471	0.392314	0.00272470
2.41748	0.390853	0.00214484
2.42024	0.402167	0.00412734
2.42300	0.394115	0.00298652
2.42575	0.387884	0.00279425
2.42851	0.385267	0.00357750
2.43126	0.373996	0.00373283
2.43401	0.363895	0.00251502
2.43676	0.369330	0.00490807
2.43950	0.373499	0.00348389
2.44225	0.365165	0.00416751
2.44500	0.354056	0.00223793
2.44774	0.349040	0.00175184
2.45049	0.344719	0.00409100
2.45323	0.350740	0.00331622
2.45597	0.344108	0.00689705
2.45872	0.348618	0.00413931
2.46146	0.336922	0.00214461
2.46421	0.334964	0.00237156
2.46695	0.332873	0.00486773
2.46970	0.322999	0.00397816
2.47245	0.310295	0.00169900
2.47519	0.319576	0.00875103
2.47795	0.305803	0.00408993
2.48070	0.308046	0.00178749
2.48345	0.301571	0.00332492
2.48621	0.297155	0.00478889
2.48898	0.292138	0.00140535
2.49174	0.275109	0.00754557
2.49451	0.288863	0.00843209
2.49728	0.304425	0.00315412
2.50006	0.300621	0.00572609
2.50284	0.292399	0.00558125
2.50563	0.297883	0.00542245
2.50842	0.282429	0.00575113
2.51122	0.270172	0.00870246
2.51402	0.274014	0.00689242
2.51684	0.258315	0.00399035
2.51965	0.274071	0.0135527
2.52248	0.267391	0.0131601
2.52531	0.237366	0.00536886
2.52816	0.262927	0.0129726
2.53101	0.236469	0.0103297
2.53387	0.248997	0.0133728
2.53674	0.313076	0.0333389
2.53962	0.242771	0.0240651
2.54251	0.214202	0.0225917
2.54541	0.254773	0.0365727
2.54833	0.212113	0.112415
2.55125	0.186551	0.0662292
2.55419	0.295017	0.0857061
2.55715	0.181015	0.100947
2.56011	0.216121	0.0225679
