#  ----------------------------------------------------------------------------------
# SpeX prism spectrum of 2MASSI J2107316-030733 (J21073169-0307337)
# Originally observed on 2003 May 23
# Average resolution = 120
# Originally published in Burgasser et al. (2004) AJ, 127, 2856
#
# PLEASE CITE THE ORIGINAL DATA REFERENCE WHEN PUBLISHING OR PRESENTING THESE DATA
#
# Optical spectral type: L0
# J magnitude = 14.2
# H magnitude = 13.443
# Ks magnitude = 12.878
#
#  Wavelength (micron)   F_lambda (normalized)  Noise (normalized as F_lambda)
#  ----------------------------------------------------------------------------------
0.657586	0.108725	0.0486123
0.659771	0.0183071	0.0610602
0.661949	-0.0525611	0.00000
0.664120	0.0158786	0.0176110
0.666285	0.0588546	0.0931736
0.668445	0.0588739	0.0338621
0.670600	-0.0347405	0.00000
0.672752	-0.0212337	0.00000
0.674902	0.0277301	0.0219659
0.677050	0.0297602	0.0592198
0.679197	0.00426187	0.0161727
0.681343	0.0533117	0.0126497
0.683491	0.0390727	0.0340901
0.685640	0.00958120	0.0127032
0.687790	0.00349939	0.0344266
0.689944	0.0198891	0.0745550
0.692101	-0.00374133	0.00000
0.694263	0.0248434	0.0236196
0.696429	0.0795625	0.0240534
0.698600	0.0502621	0.0477654
0.700778	-0.0539850	0.00000
0.702962	0.0686539	0.0279928
0.705153	0.0161988	0.0112440
0.707353	0.0443730	0.0234832
0.709560	-0.00606138	0.00000
0.711777	-0.0312417	0.00000
0.714002	0.0947838	0.0260635
0.716238	0.132513	0.0207128
0.718484	0.0603918	0.0229053
0.720741	0.0398650	0.0344647
0.723010	0.0648892	0.0333571
0.725290	0.0982445	0.0286051
0.727582	0.0801876	0.0262723
0.729887	0.122299	0.0159080
0.732205	0.0824890	0.0492568
0.734536	0.154353	0.0523978
0.736881	0.158619	0.0200746
0.739240	0.155400	0.0169551
0.741614	0.102332	0.0149787
0.744002	0.110075	0.0140769
0.746406	0.106824	0.0197830
0.748824	0.126017	0.0153896
0.751259	0.122230	0.00215579
0.753710	0.116128	0.00905418
0.756177	0.151049	0.0256711
0.758660	0.103516	0.0159441
0.761160	0.155760	0.0116921
0.763678	0.0550799	0.0341613
0.766212	0.0385008	0.0280933
0.768764	0.0654611	0.0104739
0.771334	0.0241457	0.0109149
0.773921	0.0850006	0.0238236
0.776527	0.0637401	0.00602288
0.779150	0.0980252	0.0198505
0.781792	0.0673679	0.0396555
0.784453	0.0924650	0.00821918
0.787132	0.116663	0.0105638
0.789830	0.0955478	0.00732824
0.792547	0.119795	0.00739808
0.795283	0.115884	0.0101129
0.798038	0.127991	0.00780916
0.800812	0.152127	0.0140306
0.803606	0.160792	0.0186288
0.806419	0.204466	0.00750296
0.809251	0.251309	0.00926948
0.812103	0.278747	0.00808024
0.814975	0.290796	0.00709337
0.817866	0.325084	0.00383178
0.820776	0.282957	0.00332452
0.823707	0.328287	0.00786962
0.826657	0.339586	0.0102272
0.829627	0.325112	0.0186196
0.832616	0.323092	0.0124681
0.835626	0.276896	0.0200130
0.838655	0.294994	0.0190554
0.841703	0.252524	0.0104708
0.844772	0.245458	0.0181102
0.847860	0.214717	0.0126500
0.850967	0.209526	0.00864351
0.854094	0.234521	0.00979158
0.857241	0.262077	0.00607977
0.860407	0.243076	0.00724606
0.863593	0.248590	0.0181022
0.866798	0.246302	0.00679875
0.870022	0.248719	0.00250361
0.873265	0.254723	0.00506609
0.876528	0.284750	0.0115235
0.879809	0.313575	0.00148784
0.883110	0.337681	0.00617490
0.886429	0.346795	0.00878923
0.889767	0.338920	0.0152248
0.893124	0.351645	0.00878846
0.896499	0.376496	0.00285062
0.899893	0.413817	0.00635403
0.903305	0.440936	0.00201774
0.906735	0.448218	0.00376923
0.910184	0.491395	0.00990726
0.913650	0.526188	0.00662869
0.917134	0.577457	0.00591635
0.920636	0.581486	0.00869127
0.924155	0.566295	0.00679067
0.927692	0.546556	0.00547523
0.931246	0.519802	0.00210347
0.934816	0.556228	0.00969811
0.938404	0.573932	0.0112388
0.942009	0.573017	0.0128015
0.945630	0.626909	0.00886856
0.949268	0.650225	0.00213338
0.952922	0.692915	0.00421013
0.956592	0.678945	0.00770770
0.960278	0.675875	0.0172040
0.963979	0.665314	0.00182572
0.967697	0.681613	0.00213231
0.971429	0.717103	0.00904619
0.975177	0.736901	0.000680269
0.978940	0.745857	0.00301243
0.982718	0.752467	0.0118075
0.986511	0.682469	0.0203722
0.990317	0.612085	0.0199701
0.994139	0.528846	0.00444375
0.997974	0.526030	0.00290621
1.00182	0.546207	0.00900097
1.00569	0.602169	0.00898421
1.00956	0.623206	0.00163581
1.01345	0.637024	0.0100571
1.01736	0.651855	0.00357520
1.02127	0.651010	0.00138173
1.02520	0.639405	0.0130838
1.02914	0.659608	0.00616537
1.03309	0.686127	0.00604512
1.03706	0.714969	0.00182637
1.04104	0.751849	0.0151575
1.04502	0.764182	0.00966317
1.04903	0.773081	0.00939483
1.05304	0.769012	0.00253422
1.05706	0.736625	0.00222783
1.06109	0.759871	0.00699491
1.06514	0.776567	0.0145123
1.06919	0.822046	0.000621443
1.07326	0.828066	0.00462653
1.07733	0.854673	0.00562340
1.08142	0.892596	0.00834093
1.08551	0.918701	0.00455037
1.08961	0.938759	0.00224219
1.09373	0.954409	0.000459075
1.09785	0.935063	0.00783404
1.10198	0.933729	0.00427228
1.10612	0.924115	0.00192713
1.11027	0.904303	0.00263802
1.11442	0.906372	0.00740427
1.11858	0.929828	0.00121023
1.12276	0.948549	0.00341696
1.12693	0.949963	0.00259153
1.13112	0.926668	0.00522190
1.13531	0.862215	0.00740939
1.13951	0.838429	0.00145157
1.14372	0.877878	0.00715210
1.14793	0.920855	0.00451860
1.15215	0.987358	0.00167798
1.15638	0.977182	0.00415529
1.16061	0.959181	0.00338479
1.16484	0.929291	0.000777408
1.16909	0.901927	0.00361495
1.17333	0.845848	0.00521279
1.17759	0.856223	0.00356636
1.18184	0.876382	0.00397169
1.18610	0.907902	0.00620092
1.19037	0.884367	0.0126275
1.19464	0.857459	0.00225716
1.19892	0.821369	0.00719199
1.20319	0.811147	0.00596721
1.20748	0.847370	0.0104324
1.21176	0.879871	0.00490422
1.21605	0.906136	0.00460491
1.22034	0.943854	0.00597516
1.22464	0.962258	0.00442584
1.22894	0.971712	0.00678978
1.23324	0.949380	0.00152198
1.23754	0.893474	0.00190314
1.24185	0.862463	0.00687441
1.24615	0.856200	0.00714566
1.25046	0.860421	0.00138811
1.25477	0.902885	0.000891686
1.25908	0.931253	0.00559758
1.26340	0.978996	0.00812660
1.26771	0.991732	0.00389584
1.27203	1.01102	0.00568896
1.27634	1.02857	0.00380637
1.28066	0.984531	0.00331446
1.28498	0.993250	0.00756969
1.28930	1.00111	0.00338173
1.29361	0.998930	0.00477639
1.29793	1.01698	0.0134348
1.30225	0.983560	0.000889158
1.30657	0.991975	0.00941153
1.31089	0.989026	0.00509857
1.31520	1.00104	0.00440818
1.31952	0.993720	0.00324881
1.32383	0.991316	0.00160578
1.32815	0.944585	0.000724597
1.33246	0.843142	0.00339913
1.33677	0.737572	0.00323502
1.34108	0.682669	0.00291953
1.34539	0.639029	0.00586631
1.34970	0.612085	0.00801767
1.35400	0.597801	0.00780361
1.35830	0.577964	0.00288470
1.36260	0.599719	0.00597681
1.36690	0.622670	0.00488437
1.37120	0.606200	0.00341502
1.37549	0.593800	0.0108693
1.37978	0.575861	0.00174270
1.38407	0.622997	0.0153283
1.38836	0.648720	0.00589300
1.39264	0.623995	0.00410628
1.39692	0.589143	0.00228419
1.40119	0.575210	0.00394967
1.40547	0.561489	0.00592688
1.40974	0.566532	0.00288586
1.41400	0.571405	0.00531633
1.41826	0.558933	0.00310401
1.42252	0.549378	0.00473055
1.42678	0.537957	0.00479480
1.43103	0.534776	0.00286174
1.43527	0.547028	0.00455242
1.43951	0.554475	0.00167021
1.44375	0.560550	0.00311289
1.44799	0.569154	0.00184102
1.45222	0.569093	0.00137799
1.45644	0.574707	0.00172875
1.46066	0.577327	0.00189542
1.46488	0.570168	0.00834079
1.46909	0.575742	0.0101888
1.47329	0.576288	0.000874390
1.47749	0.565885	0.00419687
1.48169	0.569969	0.00109202
1.48588	0.586755	0.00978113
1.49007	0.594629	0.00263675
1.49425	0.599075	0.00444372
1.49842	0.605174	0.00527362
1.50259	0.619713	0.00260118
1.50676	0.618002	0.00112588
1.51092	0.635621	0.00139895
1.51507	0.638959	0.00639861
1.51922	0.637336	0.00207174
1.52336	0.646220	0.00342477
1.52750	0.662617	0.00598391
1.53163	0.666783	0.00464599
1.53576	0.674628	0.00258023
1.53988	0.670374	0.00306716
1.54399	0.680174	0.00242712
1.54810	0.688364	0.00167561
1.55220	0.699289	0.000780098
1.55630	0.692289	0.00203356
1.56039	0.705914	0.00615342
1.56447	0.711772	0.00253355
1.56855	0.701787	0.00437474
1.57262	0.706847	0.00334449
1.57668	0.724224	0.00390609
1.58074	0.717736	0.00210157
1.58480	0.684386	0.00526868
1.58884	0.694775	0.00208416
1.59288	0.688712	0.00303568
1.59692	0.712329	0.00249778
1.60094	0.718602	0.00281977
1.60497	0.703708	0.00478375
1.60898	0.696362	0.00249519
1.61299	0.680039	0.00731317
1.61699	0.694755	0.00369435
1.62099	0.700035	0.00446201
1.62498	0.696265	0.00530815
1.62896	0.692432	0.00306112
1.63293	0.697020	0.00498627
1.63690	0.691209	0.00188865
1.64087	0.706547	0.00197024
1.64482	0.717852	0.00746044
1.64877	0.729008	0.00227758
1.65272	0.740276	0.00314730
1.65665	0.739120	0.00209479
1.66058	0.716615	0.00522897
1.66451	0.729270	0.00382644
1.66842	0.736428	0.00262169
1.67233	0.736147	0.00828002
1.67624	0.718318	0.000566211
1.68014	0.720261	0.00226033
1.68403	0.724796	0.00337636
1.68791	0.736999	0.00585236
1.69179	0.730535	0.00321260
1.69566	0.727399	0.00181145
1.69952	0.724112	0.00236797
1.70338	0.724418	0.00419003
1.70723	0.709808	0.000836291
1.71108	0.695283	0.00216674
1.71492	0.688313	0.00360800
1.71875	0.674427	0.00903334
1.72257	0.676626	0.00102592
1.72639	0.646044	0.00459530
1.73021	0.637154	0.00162014
1.73401	0.629030	0.00476343
1.73781	0.614131	0.00281612
1.74161	0.615995	0.00503182
1.74539	0.603832	0.00291285
1.74917	0.595638	0.00207201
1.75295	0.568751	0.00141448
1.75672	0.557167	0.00199488
1.76048	0.551243	0.00136778
1.76423	0.544597	0.00128155
1.76798	0.530462	0.00495338
1.77172	0.520036	0.00226577
1.77546	0.503431	0.00211940
1.77919	0.496343	0.00274842
1.78292	0.486957	0.00263697
1.78663	0.494748	0.00129650
1.79035	0.489475	0.00122981
1.79405	0.463016	0.00303838
1.79775	0.455334	0.00291319
1.80144	0.460283	0.000794657
1.80513	0.444497	0.00623853
1.80881	0.447368	0.000822584
1.81249	0.437699	0.00542031
1.81616	0.435421	0.00593636
1.81982	0.443061	0.00384602
1.82348	0.442592	0.000961693
1.82713	0.428180	0.00223087
1.83078	0.411908	0.00624548
1.83442	0.412053	0.00877093
1.83805	0.414480	0.00437967
1.84168	0.417919	0.00280197
1.84530	0.401881	0.00730174
1.84892	0.379077	0.00595787
1.85253	0.396175	0.00487949
1.85614	0.362334	0.00560360
1.85974	0.363665	0.00279744
1.86333	0.369604	0.00309538
1.86692	0.353601	0.00373277
1.87051	0.368805	0.0169990
1.87409	0.398658	0.00734080
1.87766	0.381191	0.0205044
1.88123	0.376218	0.00667844
1.88479	0.401351	0.00147242
1.88834	0.390234	0.00251507
1.89189	0.383974	0.00477861
1.89544	0.375258	0.00528779
1.89898	0.371428	0.00160888
1.90251	0.396703	0.00898391
1.90604	0.405003	0.00455072
1.90957	0.390474	0.00264580
1.91309	0.409329	0.00876050
1.91660	0.419593	0.000997664
1.92011	0.404022	0.00302554
1.92362	0.420588	0.000755423
1.92711	0.388361	0.00124954
1.93061	0.387541	0.00342481
1.93410	0.391067	0.00869760
1.93758	0.392009	0.00258455
1.94106	0.382773	0.00215407
1.94453	0.363999	0.00236297
1.94800	0.358807	0.00498103
1.95146	0.352439	0.00597011
1.95492	0.361082	0.00125918
1.95838	0.380048	0.00887334
1.96182	0.375995	0.00145314
1.96527	0.376797	0.00358646
1.96871	0.371052	0.00519552
1.97214	0.366003	0.00164007
1.97557	0.347021	0.00135202
1.97900	0.334424	0.00156280
1.98242	0.337825	0.00107623
1.98583	0.343536	0.00365053
1.98924	0.351898	0.00274202
1.99265	0.348810	0.00189695
1.99605	0.350597	0.00338754
1.99945	0.338792	0.00290390
2.00284	0.341336	0.00736091
2.00622	0.346491	0.00488712
2.00961	0.360867	0.00968365
2.01298	0.354053	0.00300758
2.01636	0.350418	0.00212450
2.01973	0.363157	0.000883584
2.02309	0.360127	0.00507670
2.02645	0.358792	0.00243973
2.02980	0.362567	0.00703890
2.03315	0.370555	0.00182279
2.03650	0.366198	0.00280896
2.03984	0.367241	0.00402358
2.04318	0.369827	0.00340697
2.04651	0.373780	0.00401933
2.04984	0.367755	0.00268436
2.05316	0.370955	0.00322690
2.05648	0.375703	0.00389311
2.05979	0.381102	0.00632110
2.06310	0.379928	0.00566279
2.06641	0.373784	0.00228991
2.06971	0.373501	0.00270228
2.07300	0.385250	0.00522359
2.07629	0.378741	0.00461389
2.07958	0.388416	0.00236774
2.08286	0.385702	0.000499263
2.08614	0.386442	0.00256411
2.08941	0.396650	0.00369121
2.09268	0.401282	0.00198618
2.09595	0.398536	0.000675334
2.09921	0.393888	0.00147754
2.10246	0.404026	0.00205610
2.10571	0.402096	0.000464611
2.10896	0.405677	0.00349486
2.11220	0.409229	0.00328854
2.11544	0.402405	0.00103603
2.11867	0.411896	0.00113889
2.12190	0.419342	0.00196609
2.12512	0.409744	0.00153668
2.12834	0.414677	0.00174574
2.13155	0.412313	0.00310126
2.13476	0.416085	0.00225818
2.13797	0.419404	0.00249144
2.14117	0.414524	0.00198587
2.14436	0.418312	0.00200932
2.14755	0.420491	0.00985782
2.15074	0.427537	0.000850392
2.15392	0.422817	0.00140968
2.15710	0.420720	0.00431571
2.16027	0.417813	0.000662884
2.16344	0.423155	0.00235360
2.16660	0.425450	0.00299320
2.16976	0.426854	0.00206685
2.17291	0.415484	0.00315574
2.17606	0.418792	0.00143328
2.17920	0.428234	0.00296931
2.18234	0.424290	0.00178799
2.18548	0.426517	0.00255716
2.18860	0.425670	0.00331488
2.19173	0.415110	0.00207789
2.19485	0.421498	0.000599869
2.19796	0.424000	0.00467752
2.20107	0.421101	0.00162374
2.20418	0.413577	0.000732501
2.20728	0.415295	0.00227509
2.21037	0.408640	0.00246972
2.21346	0.409546	0.00480295
2.21654	0.412072	0.00292385
2.21962	0.428758	0.00217709
2.22270	0.416747	0.00177379
2.22577	0.418399	0.00166694
2.22883	0.413841	0.000615408
2.23189	0.409038	0.00223786
2.23495	0.407841	0.00185545
2.23800	0.409494	0.000622154
2.24104	0.410560	0.000988849
2.24408	0.406463	4.06463e-06
2.24711	0.410261	0.000786845
2.25014	0.407157	0.00213494
2.25317	0.405839	0.00307610
2.25619	0.406131	0.00312289
2.25920	0.405733	0.00175236
2.26221	0.397557	0.00536943
2.26521	0.400791	0.00217717
2.26821	0.391933	0.00356760
2.27120	0.393381	0.00274681
2.27419	0.397395	0.00122398
2.27717	0.387875	0.00214374
2.28015	0.393104	0.00636244
2.28312	0.386361	0.00202959
2.28609	0.394479	0.00216179
2.28905	0.384992	0.00195983
2.29200	0.369779	0.00108529
2.29496	0.350356	0.00203245
2.29790	0.324124	0.00148443
2.30084	0.328772	0.00658899
2.30378	0.339417	0.00257718
2.30671	0.335534	0.00541168
2.30963	0.339042	0.00177885
2.31255	0.338879	0.00102199
2.31547	0.324953	0.00510712
2.31838	0.331436	0.00396145
2.32128	0.322825	0.00120404
2.32418	0.316054	0.00244794
2.32708	0.302341	0.000724609
2.32997	0.298625	0.000926537
2.33285	0.304710	0.000602252
2.33573	0.306420	0.00142539
2.33861	0.308197	0.00320499
2.34148	0.305406	0.00270971
2.34434	0.307521	0.00137287
2.34720	0.316034	0.00119670
2.35006	0.308466	0.00262533
2.35291	0.303039	0.000996381
2.35576	0.285331	0.00143470
2.35860	0.292040	0.00172579
2.36144	0.297540	0.00169980
2.36427	0.297164	0.00177082
2.36710	0.293995	2.93995e-06
2.36992	0.282654	0.00264633
2.37274	0.300515	0.00615359
2.37556	0.300203	0.00256397
2.37837	0.290097	0.0155063
2.38118	0.292129	0.00583506
2.38398	0.279055	0.00189304
2.38678	0.278122	0.00180313
2.38957	0.278497	0.00344988
2.39236	0.279489	0.00544801
2.39515	0.284751	0.00291298
2.39794	0.272886	0.00313633
2.40072	0.271952	0.00418390
2.40350	0.268095	0.00525186
2.40627	0.263314	0.00165652
2.40904	0.260419	0.00486014
2.41181	0.257192	0.00394837
2.41458	0.244755	0.00341937
2.41734	0.252388	0.00139938
2.42010	0.250945	0.00161379
2.42286	0.240940	0.00204772
2.42562	0.239419	0.00283275
2.42837	0.250353	0.00237693
2.43112	0.232383	0.00175818
2.43387	0.229832	0.00187768
2.43662	0.238063	0.00515625
2.43937	0.233357	0.00333003
2.44212	0.229600	0.00121519
2.44486	0.228086	0.00120601
2.44761	0.222759	0.00490002
2.45035	0.220201	0.0132375
2.45310	0.212883	0.00240505
2.45584	0.217679	0.00506710
2.45858	0.213633	0.00380898
2.46133	0.202810	0.00365886
2.46407	0.209568	0.00417878
2.46682	0.207192	0.00217116
2.46956	0.200072	0.00443089
2.47231	0.192283	0.00864506
2.47506	0.203002	0.00622066
2.47781	0.191521	0.00575892
2.48056	0.206874	0.00652949
2.48332	0.194459	0.0105274
2.48608	0.188222	0.00589414
2.48884	0.180458	0.00504067
2.49161	0.194693	0.00631193
2.49437	0.192727	0.00428888
2.49715	0.205506	0.00505361
2.49992	0.174257	0.00637351
2.50271	0.167693	0.00586926
2.50549	0.175144	0.0129316
2.50828	0.184648	0.00177127
2.51108	0.187488	0.00393194
2.51389	0.163409	0.00398460
2.51670	0.169631	0.0109275
2.51952	0.181034	0.00884599
2.52234	0.202882	0.00586278
2.52518	0.148247	0.00222938
2.52802	0.143904	0.0113620
2.53087	0.156715	0.0223938
2.53373	0.171870	0.0185525
2.53660	0.153601	0.0123759
2.53948	0.182928	0.0151742
2.54237	0.174467	0.00959763
2.54527	0.142673	0.0264364
2.54819	0.175559	0.0175534
2.55111	0.184495	0.0299015
2.55405	0.227240	0.0251721
2.55700	0.145224	0.0538303
2.55997	0.188772	0.00514120
