#  ----------------------------------------------------------------------------------
# SpeX prism spectrum of 2MASSW J2244316+204343 (J22443167+2043433)
# Originally observed on 2005 Sep 09
# Average resolution = 120
# Originally published in Looper et al. (2008) ApJ, 686, 528
#
# PLEASE CITE THE ORIGINAL DATA REFERENCE WHEN PUBLISHING OR PRESENTING THESE DATA
#
# Optical spectral type: L6.5
# Near infrared spectral type: L7.5+/-2 (pec)
# J magnitude = 16.476
# H magnitude = 14.999
# Ks magnitude = 14.022
#
#  Wavelength (micron)   F_lambda (normalized)  Noise (normalized as F_lambda)
#  ----------------------------------------------------------------------------------
0.651424	-0.0778641	0.596215
0.653636	-0.229096	0.401881
0.655839	0.395532	0.242927
0.658031	0.0377144	0.256969
0.660215	-0.0923391	0.250428
0.662391	-0.291910	0.113812
0.664561	0.601789	0.510723
0.666725	0.275583	0.0902194
0.668883	-0.249010	0.145059
0.671038	0.0428850	0.170422
0.673190	-0.0810370	0.170493
0.675339	-0.125379	0.305758
0.677486	0.401722	0.213742
0.679633	-0.0406947	0.162873
0.681780	-0.328301	0.212074
0.683928	-0.247264	0.212715
0.686077	0.00652756	0.207040
0.688228	0.160045	0.252773
0.690383	-0.177548	0.402333
0.692541	0.343177	0.152984
0.694703	0.276264	0.142970
0.696870	-0.0215253	0.190054
0.699043	0.0665640	0.0860714
0.701222	-0.102539	0.150348
0.703407	0.0739480	0.110356
0.705600	0.187117	0.230539
0.707801	0.0864785	0.170755
0.710010	0.113978	0.166705
0.712229	0.423612	0.0846750
0.714457	0.379897	0.0856432
0.716694	0.391789	0.139371
0.718943	-0.0520057	0.220385
0.721202	0.118242	0.185566
0.723473	0.0291149	0.0755667
0.725755	0.128386	0.106597
0.728050	0.190447	0.152932
0.730357	0.114119	0.121393
0.732678	0.0358704	0.0789964
0.735012	0.0300593	0.0742471
0.737360	0.257204	0.100737
0.739722	-0.0126815	0.0995834
0.742098	0.139258	0.0792902
0.744490	0.117104	0.0569883
0.746896	-0.0729826	0.0353786
0.749319	0.0244866	0.0579906
0.751756	0.0879430	0.0257199
0.754210	-0.124045	0.0818243
0.756681	0.127429	0.0820080
0.759167	-0.0265055	0.0442668
0.761671	-0.0463007	0.0621093
0.764192	0.0524893	0.100145
0.766730	-0.0312088	0.0462895
0.769285	-0.0238611	0.0345283
0.771859	0.0299283	0.0468102
0.774450	0.0332399	0.0219355
0.777059	0.0966793	0.0776200
0.779686	0.00423908	0.0506988
0.782332	0.0442708	0.0277126
0.784996	0.122991	0.0717256
0.787679	-0.0534715	0.0688840
0.790381	0.0346204	0.0362962
0.793102	-0.0101909	0.0317143
0.795842	-0.0436151	0.0233135
0.798601	0.0926273	0.0478711
0.801379	0.0765542	0.0410073
0.804177	0.0811950	0.0451667
0.806994	0.104462	0.0524364
0.809830	0.189171	0.0425297
0.812686	0.00358273	0.0444602
0.815561	0.0418234	0.0430484
0.818456	0.0770468	0.0328434
0.821371	0.0301828	0.0142642
0.824306	0.108541	0.0189085
0.827260	0.101301	0.0386680
0.830234	0.0828783	0.0282396
0.833227	0.0489782	0.0128275
0.836240	0.0933865	0.0219856
0.839273	0.0585520	0.0364034
0.842326	0.212628	0.0165075
0.845398	0.135038	0.0272989
0.848490	0.0228330	0.0321418
0.851602	0.130625	0.0217584
0.854733	0.103042	0.0266119
0.857884	0.134114	0.0120677
0.861054	0.162759	0.0225815
0.864243	0.105029	0.0266703
0.867452	0.110355	0.0425596
0.870680	0.111590	0.0271216
0.873927	0.135539	0.00883464
0.877194	0.182861	0.0125044
0.880479	0.149221	0.0179705
0.883784	0.195701	0.00874549
0.887107	0.155864	0.00749262
0.890449	0.199665	0.0176090
0.893809	0.141609	0.0304027
0.897188	0.108170	0.0144065
0.900586	0.204649	0.0187103
0.904002	0.198715	0.0111597
0.907436	0.183441	0.0192109
0.910888	0.140786	0.0127744
0.914358	0.193260	0.0205283
0.917845	0.201018	0.0160693
0.921351	0.208682	0.0153907
0.924873	0.228781	0.0130207
0.928413	0.161378	0.0159947
0.931971	0.210150	0.0201573
0.935545	0.235044	0.0294185
0.939136	0.246209	0.0295753
0.942744	0.251211	0.0132369
0.946369	0.298505	0.0375597
0.950010	0.255071	0.0222750
0.953667	0.251226	0.0350861
0.957340	0.273300	0.0223882
0.961030	0.229881	0.0154358
0.964735	0.259239	0.0128460
0.968455	0.271297	0.0155419
0.972191	0.317447	0.0173643
0.975942	0.275772	0.00932956
0.979708	0.314851	0.0153889
0.983489	0.295181	0.0166321
0.987284	0.285654	0.0124144
0.991094	0.334255	0.0403491
0.994918	0.318552	0.0191894
0.998756	0.353138	0.0148054
1.00261	0.309422	0.0208647
1.00647	0.343644	0.0121021
1.01035	0.393086	0.0152286
1.01425	0.348154	0.00860271
1.01815	0.380775	0.00683171
1.02207	0.378843	0.0232335
1.02600	0.374848	0.0177495
1.02994	0.421057	0.0101555
1.03390	0.385086	0.0197263
1.03787	0.427635	0.0132397
1.04185	0.422692	0.00685388
1.04584	0.464863	0.00888366
1.04984	0.441459	0.0102725
1.05385	0.445474	0.00957566
1.05788	0.451645	0.0170168
1.06192	0.470027	0.00973978
1.06596	0.496135	0.0121828
1.07002	0.491771	0.0162509
1.07409	0.513975	0.00994322
1.07816	0.508231	0.0123892
1.08225	0.483457	0.0115090
1.08634	0.544453	0.00789053
1.09045	0.472645	0.00658627
1.09456	0.445848	0.00935352
1.09869	0.434415	0.0185243
1.10282	0.478883	0.00794681
1.10696	0.477078	0.0142947
1.11111	0.433185	0.0126573
1.11527	0.441365	0.00973648
1.11943	0.434259	0.0113807
1.12360	0.443625	0.0100121
1.12778	0.436584	0.0118990
1.13197	0.410365	0.0132406
1.13617	0.451599	0.00656441
1.14037	0.439306	0.0107147
1.14458	0.474719	0.00929636
1.14879	0.474132	0.0114851
1.15301	0.502373	0.0138546
1.15724	0.475604	0.00982152
1.16147	0.485997	0.0154334
1.16571	0.489022	0.00649527
1.16995	0.487956	0.0103719
1.17420	0.484697	0.00542013
1.17845	0.510097	0.00794030
1.18271	0.498415	0.0121539
1.18697	0.524732	0.00545298
1.19124	0.567100	0.00962341
1.19551	0.552800	0.00721475
1.19979	0.555628	0.0116286
1.20407	0.586204	0.00837433
1.20835	0.598853	0.0108264
1.21264	0.593264	0.0121696
1.21693	0.643535	0.0146578
1.22122	0.641601	0.00958232
1.22551	0.656879	0.00647907
1.22981	0.650765	0.00547054
1.23411	0.678906	0.00859401
1.23842	0.674716	0.00863134
1.24272	0.702816	0.00917052
1.24703	0.679457	0.00828747
1.25134	0.700550	0.00834273
1.25565	0.733967	0.00688358
1.25996	0.742517	0.00655880
1.26428	0.738298	0.00863943
1.26859	0.739082	0.0100803
1.27291	0.735448	0.0161931
1.27722	0.759285	0.0112313
1.28154	0.731885	0.0100325
1.28586	0.727276	0.0106029
1.29018	0.748192	0.0105731
1.29449	0.780022	0.00867169
1.29881	0.778741	0.0148149
1.30313	0.778828	0.00760055
1.30745	0.770143	0.0119542
1.31176	0.765349	0.00798717
1.31608	0.768365	0.0111620
1.32040	0.758016	0.00585776
1.32471	0.720577	0.00678604
1.32902	0.641218	0.0131152
1.33334	0.571204	0.0130017
1.33765	0.497419	0.00605871
1.34196	0.440595	0.00558994
1.34627	0.426808	0.00905043
1.35057	0.415582	0.00821359
1.35488	0.369141	0.0102948
1.35918	0.411932	0.00885113
1.36348	0.402808	0.00847826
1.36778	0.379743	0.00685301
1.37207	0.413315	0.0160537
1.37637	0.441979	0.0157988
1.38066	0.426098	0.00796601
1.38494	0.457225	0.0234790
1.38923	0.437985	0.0159186
1.39351	0.425895	0.0111006
1.39779	0.444352	0.0102826
1.40206	0.442256	0.0160241
1.40634	0.374235	0.00675302
1.41060	0.382615	0.00770297
1.41487	0.380031	0.0130205
1.41913	0.355544	0.00830030
1.42339	0.364877	0.0177435
1.42764	0.387441	0.00305590
1.43189	0.380132	0.00846760
1.43614	0.409117	0.0102856
1.44038	0.416271	0.00778557
1.44461	0.398374	0.00706892
1.44885	0.445591	0.00665769
1.45308	0.438780	0.0139835
1.45730	0.454984	0.00869388
1.46152	0.490815	0.00638862
1.46573	0.495047	0.00821028
1.46994	0.499655	0.00776448
1.47415	0.493805	0.00938960
1.47835	0.522707	0.0119614
1.48254	0.530117	0.00626811
1.48673	0.545157	0.00797456
1.49092	0.544493	0.0100094
1.49510	0.565570	0.00556524
1.49927	0.569355	0.00634273
1.50344	0.573341	0.00943977
1.50761	0.573229	0.0145166
1.51176	0.627510	0.0102161
1.51592	0.616808	0.00960869
1.52006	0.628944	0.00597279
1.52421	0.649088	0.00894264
1.52834	0.671788	0.00893365
1.53247	0.706939	0.00700741
1.53660	0.686084	0.0110092
1.54071	0.706758	0.0102803
1.54483	0.739241	0.00511385
1.54893	0.763767	0.00571608
1.55303	0.766124	0.00638769
1.55713	0.783848	0.00999621
1.56122	0.809003	0.00661658
1.56530	0.810286	0.0144650
1.56938	0.826634	0.00694178
1.57345	0.834628	0.00790841
1.57751	0.862910	0.00756568
1.58157	0.878872	0.0102977
1.58562	0.850593	0.0116534
1.58967	0.850262	0.00775291
1.59370	0.883828	0.00887262
1.59774	0.919318	0.00623444
1.60176	0.923414	0.0115789
1.60578	0.928315	0.0117887
1.60980	0.924106	0.00691735
1.61380	0.929878	0.00579583
1.61780	0.934581	0.00559043
1.62180	0.951944	0.0116764
1.62579	0.964877	0.00694559
1.62977	0.980259	0.00476987
1.63374	0.956898	0.00513542
1.63771	0.969297	0.00760714
1.64167	0.968601	0.00276505
1.64563	0.967297	0.00564512
1.64958	1.00074	0.0105032
1.65352	1.00978	0.00666415
1.65745	0.972289	0.00556822
1.66138	1.00343	0.00725394
1.66530	1.00059	0.00845326
1.66922	1.00325	0.00588581
1.67313	0.999501	0.0121873
1.67703	0.963274	0.0120175
1.68093	0.991699	0.00594712
1.68482	1.01624	0.00402460
1.68870	0.976365	0.00586653
1.69258	1.00469	0.00611900
1.69645	1.02837	0.00909255
1.70031	1.00240	0.00760654
1.70417	1.01362	0.00473084
1.70802	0.985370	0.00813130
1.71186	0.974970	0.00412929
1.71570	0.985129	0.00745436
1.71953	0.911180	0.0134044
1.72335	0.917834	0.00489945
1.72717	0.909265	0.00755648
1.73098	0.890616	0.00738680
1.73479	0.873397	0.00673176
1.73858	0.845715	0.00886115
1.74238	0.845417	0.00699185
1.74616	0.840150	0.00719589
1.74994	0.838644	0.00581623
1.75371	0.808482	0.00756104
1.75748	0.791259	0.00973827
1.76124	0.794887	0.00861016
1.76500	0.745372	0.00813282
1.76874	0.767742	0.0119144
1.77249	0.727457	0.00367809
1.77622	0.715750	0.00629151
1.77995	0.696819	0.00444460
1.78367	0.680293	0.0112025
1.78739	0.695443	0.00494305
1.79110	0.653026	0.00495534
1.79480	0.667575	0.00794561
1.79850	0.660897	0.00731356
1.80220	0.647482	0.00908805
1.80588	0.640523	0.00486277
1.80956	0.667633	0.0115049
1.81324	0.650225	0.00758339
1.81690	0.651948	0.0120282
1.82057	0.669299	0.00937747
1.82422	0.647709	0.00786501
1.82787	0.668537	0.0114587
1.83152	0.683299	0.0220081
1.83516	0.668567	0.0196005
1.83879	0.651656	0.00949067
1.84242	0.588008	0.0124666
1.84604	0.598164	0.0140897
1.84966	0.607830	0.0279832
1.85327	0.604889	0.0116352
1.85687	0.583546	0.00738444
1.86047	0.577440	0.0114337
1.86407	0.566797	0.0169667
1.86765	0.595654	0.0274064
1.87124	0.656332	0.0206803
1.87481	0.621100	0.0271043
1.87838	0.604593	0.0393463
1.88195	0.634039	0.0134221
1.88551	0.628166	0.0114436
1.88907	0.655788	0.00917306
1.89262	0.635872	0.0110718
1.89616	0.652025	0.0163995
1.89970	0.672716	0.0180922
1.90323	0.650322	0.0192180
1.90676	0.688160	0.0144655
1.91029	0.684126	0.00514169
1.91380	0.655869	0.00978736
1.91732	0.704066	0.0153108
1.92082	0.686578	0.0145730
1.92433	0.680671	0.0127715
1.92783	0.686839	0.0141334
1.93132	0.661357	0.00853281
1.93481	0.619264	0.0107236
1.93829	0.630322	0.00932473
1.94177	0.607743	0.00723479
1.94524	0.618021	0.00776457
1.94871	0.643899	0.00930260
1.95217	0.629430	0.0127361
1.95563	0.624910	0.0111490
1.95908	0.594426	0.00960890
1.96253	0.622641	0.0118253
1.96597	0.612818	0.0103792
1.96941	0.626347	0.0110679
1.97284	0.612177	0.00362108
1.97627	0.614881	0.00715896
1.97969	0.635364	0.00590507
1.98311	0.633017	0.00394676
1.98653	0.634785	0.00435783
1.98994	0.646757	0.00522347
1.99334	0.662420	0.00502350
1.99674	0.663477	0.00748449
2.00014	0.683883	0.00994885
2.00353	0.663880	0.0225006
2.00691	0.642920	0.0158562
2.01029	0.641224	0.0108622
2.01367	0.673924	0.0101545
2.01704	0.665590	0.0104233
2.02041	0.679784	0.00912184
2.02377	0.689136	0.0153085
2.02713	0.701770	0.00885878
2.03049	0.704061	0.00856349
2.03384	0.720586	0.0103943
2.03718	0.736894	0.00505950
2.04052	0.748742	0.00815120
2.04386	0.751291	0.00664073
2.04719	0.771596	0.0112431
2.05051	0.791308	0.00433303
2.05384	0.789477	0.00596770
2.05715	0.772617	0.00896571
2.06047	0.792062	0.00956758
2.06378	0.791187	0.0105267
2.06708	0.809893	0.00597335
2.07038	0.816264	0.00498505
2.07367	0.814337	0.0123204
2.07696	0.824905	0.00757761
2.08025	0.822126	0.00636542
2.08353	0.851015	0.00374012
2.08681	0.856999	0.00660663
2.09008	0.843535	0.00479518
2.09335	0.865392	0.00757862
2.09661	0.872112	0.00453071
2.09987	0.871700	0.00729894
2.10312	0.884896	0.00633643
2.10637	0.876514	0.00705465
2.10962	0.895290	0.00412888
2.11286	0.911021	0.00721799
2.11610	0.894168	0.00419007
2.11933	0.897122	0.00411141
2.12255	0.906318	0.00479610
2.12578	0.907914	0.00833337
2.12899	0.904830	0.00624938
2.13221	0.915062	0.00665387
2.13542	0.911364	0.00699014
2.13862	0.910880	0.00819951
2.14182	0.908570	0.00605860
2.14501	0.913305	0.00288763
2.14820	0.905399	0.00708682
2.15139	0.917628	0.00592874
2.15457	0.907103	0.00302086
2.15774	0.922281	0.00682884
2.16092	0.932413	0.00630787
2.16408	0.927916	0.00398741
2.16724	0.937011	0.00511786
2.17040	0.945159	0.00692973
2.17355	0.901882	0.00547624
2.17670	0.909469	0.00731332
2.17984	0.915997	0.00989981
2.18298	0.934055	0.00490846
2.18611	0.900636	0.00739742
2.18924	0.911763	0.00661258
2.19236	0.903894	0.0140281
2.19548	0.924597	0.00852268
2.19860	0.912146	0.0150281
2.20170	0.925931	0.0122767
2.20481	0.907249	0.0112742
2.20791	0.896515	0.00743703
2.21100	0.910270	0.00669927
2.21409	0.909931	0.00431521
2.21717	0.885585	0.00610844
2.22025	0.899375	0.00225608
2.22332	0.896716	0.0136484
2.22639	0.882145	0.00781662
2.22946	0.888008	0.00397843
2.23251	0.892929	0.00679057
2.23557	0.892063	0.00614660
2.23862	0.881832	0.00954669
2.24166	0.881020	0.00652252
2.24470	0.887016	0.0110467
2.24773	0.873906	0.00719522
2.25076	0.895976	0.00826638
2.25378	0.876460	0.00373931
2.25680	0.891373	0.0117337
2.25981	0.882581	0.00955210
2.26282	0.886680	0.00590417
2.26582	0.876761	0.00697643
2.26882	0.871601	0.00838786
2.27181	0.865267	0.00849633
2.27480	0.866285	0.00764721
2.27778	0.866482	0.00509872
2.28075	0.875346	0.00762504
2.28372	0.862808	0.0149641
2.28669	0.857151	0.00958785
2.28965	0.851112	0.00886394
2.29261	0.823548	0.00925609
2.29556	0.756246	0.00694665
2.29850	0.737366	0.00619361
2.30144	0.743399	0.00966981
2.30437	0.736710	0.00878106
2.30730	0.742619	0.00462677
2.31023	0.740459	0.00724803
2.31315	0.744908	0.00571616
2.31606	0.746058	0.00567175
2.31897	0.747530	0.00673170
2.32187	0.725802	0.00610293
2.32477	0.712402	0.0121377
2.32767	0.721057	0.00686280
2.33056	0.711334	0.00943433
2.33344	0.728995	0.0101941
2.33632	0.732243	0.00674474
2.33919	0.721928	0.0120834
2.34206	0.735161	0.00762562
2.34493	0.720321	0.0121099
2.34779	0.746098	0.0107541
2.35064	0.720491	0.00582099
2.35349	0.731531	0.0131860
2.35634	0.702168	0.00346044
2.35918	0.697490	0.00531997
2.36201	0.703503	0.0118263
2.36485	0.720258	0.00682968
2.36767	0.699933	0.00955497
2.37050	0.719737	0.0144983
2.37331	0.725312	0.0108276
2.37613	0.711881	0.0103701
2.37894	0.713241	0.00963138
2.38175	0.709285	0.0119171
2.38455	0.705057	0.00881710
2.38735	0.680004	0.0133337
2.39014	0.697286	0.0105452
2.39293	0.703357	0.0109825
2.39572	0.698133	0.0132456
2.39850	0.708021	0.0135741
2.40128	0.697862	0.0139630
2.40406	0.710425	0.00883442
2.40684	0.693605	0.00955441
2.40961	0.693953	0.00802237
2.41238	0.670266	0.0100878
2.41514	0.648252	0.00786039
2.41790	0.673770	0.00702422
2.42066	0.653077	0.00710063
2.42342	0.666417	0.0123141
2.42618	0.648511	0.0122128
2.42893	0.640552	0.00968616
2.43168	0.635364	0.0186957
2.43443	0.675231	0.0143692
2.43718	0.612428	0.0206740
2.43993	0.639925	0.00999513
2.44268	0.645421	0.0105095
2.44542	0.626454	0.0148944
2.44817	0.604488	0.0141111
2.45091	0.611803	0.0115225
2.45365	0.588389	0.00667242
2.45640	0.602957	0.00651966
2.45914	0.600749	0.00773078
2.46189	0.600384	0.0190702
2.46463	0.587163	0.0131517
2.46738	0.585006	0.0134448
2.47012	0.554481	0.0169976
2.47287	0.564556	0.0129284
2.47562	0.547449	0.0117638
2.47837	0.582440	0.0135618
2.48113	0.559673	0.0174729
2.48388	0.590617	0.0147929
2.48664	0.548388	0.0121176
2.48940	0.527146	0.0148855
2.49217	0.489063	0.0309106
2.49494	0.526403	0.0208357
2.49771	0.479516	0.0254928
2.50049	0.564315	0.0185319
2.50327	0.526888	0.0235388
2.50606	0.564638	0.0267393
2.50885	0.540203	0.0136990
2.51165	0.529662	0.0298893
2.51446	0.591182	0.0204029
2.51727	0.533273	0.0299524
2.52009	0.525933	0.0244065
2.52292	0.452799	0.0371747
2.52575	0.482149	0.0445355
2.52860	0.493099	0.0372285
2.53145	0.530484	0.0731714
2.53431	0.430528	0.0349566
2.53718	0.561951	0.0761060
2.54007	0.402874	0.0812883
2.54296	0.622911	0.123539
2.54586	0.619194	0.0981034
2.54878	0.564668	0.0842335
2.55171	0.453848	0.0984365
2.55465	0.415271	0.103760
2.55761	0.582164	0.0651230
2.56058	0.597558	0.0562724
2.56356	0.497247	0.0865608
