#  ----------------------------------------------------------------------------------
# SpeX prism spectrum of SDSS J204749.61-071818.3 (J20474959-0718176)
# Originally observed on 2008 Jul 13
# Average resolution = 120
# Originally published in Burgasser et al. (2010) ApJ, 710, 1142-1169
#
# PLEASE CITE THE ORIGINAL DATA REFERENCE WHEN PUBLISHING OR PRESENTING THESE DATA
#
# Near infrared spectral type: T0:
# J magnitude = 16.946
# H magnitude = 15.909
# Ks magnitude = 14.99
#
#  Wavelength (micron)   F_lambda (normalized)  Noise (normalized as F_lambda)
#  ----------------------------------------------------------------------------------
0.646089	0.330358	0.569557
0.648331	0.388277	0.551514
0.650560	-0.238499	0.570969
0.652777	-0.464306	0.500581
0.654984	-0.336734	0.434696
0.657180	0.753804	0.391883
0.659367	1.53595	0.379737
0.661546	1.10907	0.363561
0.663718	-0.302627	0.374757
0.665884	-0.220476	0.356834
0.668045	0.456686	0.365533
0.670201	-0.776252	0.349006
0.672354	1.07291	0.340987
0.674504	0.0627057	0.352804
0.676652	1.00711	0.310659
0.678799	0.410533	0.300381
0.680946	-0.423672	0.298309
0.683093	0.991064	0.274443
0.685241	0.453154	0.280207
0.687392	0.880431	0.270040
0.689545	0.183334	0.261431
0.691701	0.316194	0.247631
0.693862	-0.0128480	0.241009
0.696027	0.265638	0.221732
0.698197	0.187606	0.222727
0.700374	0.409908	0.196776
0.702557	0.403026	0.197603
0.704747	0.170092	0.185196
0.706944	0.498081	0.175249
0.709150	0.566344	0.177917
0.711365	0.446675	0.169088
0.713589	0.389553	0.158265
0.715823	0.720904	0.160998
0.718067	-0.0215310	0.151022
0.720322	0.334023	0.150847
0.722588	0.504671	0.142141
0.724866	-0.0894555	0.140195
0.727156	-0.131911	0.133104
0.729459	0.213920	0.134360
0.731774	0.498894	0.125893
0.734103	0.215193	0.123710
0.736445	0.0636001	0.116205
0.738802	0.141088	0.115404
0.741173	0.294770	0.110293
0.743558	0.331752	0.106294
0.745959	-0.00361379	0.0992933
0.748375	-0.0519419	0.102534
0.750807	0.362229	0.0950308
0.753254	0.140368	0.0965582
0.755718	0.165932	0.0948804
0.758199	-0.105747	0.121956
0.760696	-0.158146	0.127326
0.763210	-0.126275	0.127707
0.765741	-0.0608292	0.109151
0.768290	-0.0891887	0.0915155
0.770856	-0.0820936	0.0814927
0.773440	-0.0720703	0.0782982
0.776042	-0.00762059	0.0748809
0.778663	-0.0509954	0.0762315
0.781301	-0.0987702	0.0695023
0.783958	-0.349980	0.0749030
0.786634	-0.128755	0.0776177
0.789329	-0.203764	0.0733807
0.792042	0.135962	0.0719691
0.794774	0.0101586	0.0781574
0.797526	0.0841685	0.0737661
0.800297	0.177239	0.0706760
0.803087	0.0761130	0.0722923
0.805896	0.0878300	0.0713033
0.808725	0.0116047	0.0655218
0.811573	0.193443	0.0658912
0.814441	0.0283170	0.0593368
0.817328	0.211898	0.0588968
0.820236	0.185568	0.0611088
0.823162	0.0218559	0.0606235
0.826109	0.106204	0.0592280
0.829075	0.0958214	0.0561093
0.832061	-0.0584294	0.0560619
0.835066	0.235721	0.0600311
0.838092	0.249652	0.0579004
0.841137	-0.0218864	0.0580614
0.844201	0.0870204	0.0553119
0.847286	0.215767	0.0503059
0.850390	0.137752	0.0465342
0.853513	0.196734	0.0461611
0.856656	0.140995	0.0442234
0.859819	0.238871	0.0458756
0.863001	0.255974	0.0447131
0.866202	0.144211	0.0449177
0.869423	0.247314	0.0439963
0.872663	0.213363	0.0442753
0.875922	0.223572	0.0428216
0.879200	0.193813	0.0445820
0.882497	0.310541	0.0426252
0.885813	0.287903	0.0429334
0.889147	0.112179	0.0495508
0.892501	0.114684	0.0421562
0.895872	0.179164	0.0398216
0.899263	0.244322	0.0388185
0.902672	0.251386	0.0412601
0.906098	0.350665	0.0413096
0.909543	0.316091	0.0404080
0.913006	0.308424	0.0407438
0.916487	0.369132	0.0391210
0.919986	0.238910	0.0370399
0.923502	0.358513	0.0354243
0.927035	0.380067	0.0357896
0.930586	0.311180	0.0378243
0.934153	0.403585	0.0402237
0.937738	0.382562	0.0382127
0.941340	0.347239	0.0378193
0.944958	0.406710	0.0370334
0.948592	0.400535	0.0365245
0.952243	0.460474	0.0339964
0.955910	0.443234	0.0346017
0.959593	0.437993	0.0340705
0.963292	0.509124	0.0354325
0.967007	0.472191	0.0321978
0.970737	0.489139	0.0296180
0.974482	0.497252	0.0300150
0.978242	0.488711	0.0291128
0.982017	0.611553	0.0281192
0.985807	0.544303	0.0283983
0.989611	0.554791	0.0290333
0.993430	0.480588	0.0298736
0.997262	0.554090	0.0292384
1.00111	0.631819	0.0284279
1.00497	0.558438	0.0272826
1.00884	0.568109	0.0274411
1.01273	0.553268	0.0282273
1.01663	0.646716	0.0277954
1.02054	0.576169	0.0283279
1.02447	0.596229	0.0286076
1.02841	0.657547	0.0267262
1.03236	0.637682	0.0268436
1.03632	0.653205	0.0272510
1.04030	0.655631	0.0259875
1.04429	0.637831	0.0250897
1.04828	0.657621	0.0235377
1.05229	0.689154	0.0216337
1.05631	0.691888	0.0205170
1.06035	0.731581	0.0200859
1.06439	0.729572	0.0212399
1.06844	0.723720	0.0222663
1.07250	0.769132	0.0229673
1.07658	0.812293	0.0242874
1.08066	0.667835	0.0238969
1.08475	0.718433	0.0237190
1.08885	0.732206	0.0239445
1.09296	0.752246	0.0229121
1.09708	0.722854	0.0231023
1.10121	0.728598	0.0220930
1.10535	0.681017	0.0205968
1.10950	0.620013	0.0193007
1.11365	0.652755	0.0185554
1.11781	0.647993	0.0179020
1.12198	0.659848	0.0190128
1.12616	0.667555	0.0207637
1.13034	0.642419	0.0218098
1.13453	0.651015	0.0223157
1.13873	0.633042	0.0229348
1.14294	0.689239	0.0220025
1.14715	0.719240	0.0225768
1.15137	0.662288	0.0226505
1.15559	0.727824	0.0214939
1.15982	0.689526	0.0213587
1.16406	0.700620	0.0196712
1.16830	0.651240	0.0178644
1.17255	0.650705	0.0165547
1.17680	0.676122	0.0156182
1.18105	0.717763	0.0150791
1.18531	0.766140	0.0151176
1.18958	0.799243	0.0157849
1.19385	0.787894	0.0175469
1.19812	0.809006	0.0186476
1.20240	0.783803	0.0192090
1.20668	0.872035	0.0202693
1.21097	0.881580	0.0193958
1.21526	0.871859	0.0199444
1.21955	0.914737	0.0199787
1.22384	0.936123	0.0192988
1.22814	0.932937	0.0194743
1.23244	0.914467	0.0186824
1.23674	0.911769	0.0171971
1.24105	0.921580	0.0162926
1.24535	0.920808	0.0156302
1.24966	0.910945	0.0153597
1.25397	0.940995	0.0164189
1.25829	0.960951	0.0181861
1.26260	0.982015	0.0223974
1.26691	1.05160	0.0251468
1.27123	1.02325	0.0272913
1.27554	1.00532	0.0262214
1.27986	1.00940	0.0235081
1.28418	0.956503	0.0220726
1.28850	0.980765	0.0202665
1.29281	1.01328	0.0196066
1.29713	0.972376	0.0195008
1.30145	1.00204	0.0189479
1.30577	0.991770	0.0193393
1.31009	0.993693	0.0187382
1.31440	1.01434	0.0180284
1.31872	0.968258	0.0167702
1.32303	0.935073	0.0157560
1.32735	0.834374	0.0146247
1.33166	0.697299	0.0135561
1.33597	0.509341	0.0128925
1.34028	0.443078	0.0123248
1.34459	0.337353	0.0131532
1.34890	0.363020	0.0136823
1.35320	0.325354	0.0152884
1.35751	0.307911	0.0198127
1.36181	0.337511	0.0250033
1.36611	0.404599	0.0241700
1.37040	0.405548	0.0234324
1.37470	0.400052	0.0226397
1.37899	0.408293	0.0227793
1.38328	0.440431	0.0227729
1.38756	0.390025	0.0228639
1.39185	0.410337	0.0212906
1.39613	0.362372	0.0228347
1.40040	0.382092	0.0236341
1.40467	0.368159	0.0239873
1.40894	0.406645	0.0235312
1.41321	0.370217	0.0229931
1.41747	0.388010	0.0211401
1.42173	0.340344	0.0190224
1.42599	0.355052	0.0169742
1.43024	0.384503	0.0172864
1.43449	0.354359	0.0176774
1.43873	0.364160	0.0170125
1.44297	0.450002	0.0164519
1.44720	0.443529	0.0176807
1.45143	0.460833	0.0191291
1.45566	0.492922	0.0204453
1.45988	0.502179	0.0193467
1.46410	0.524706	0.0191201
1.46831	0.493546	0.0181929
1.47251	0.499086	0.0180560
1.47672	0.558096	0.0182414
1.48091	0.532476	0.0188670
1.48511	0.561752	0.0194142
1.48929	0.574391	0.0177588
1.49347	0.560911	0.0163280
1.49765	0.609651	0.0174709
1.50182	0.625051	0.0217036
1.50599	0.615832	0.0224438
1.51015	0.666269	0.0219397
1.51430	0.685990	0.0180492
1.51845	0.706826	0.0184619
1.52260	0.747694	0.0196808
1.52673	0.735439	0.0215757
1.53087	0.748550	0.0212910
1.53499	0.846741	0.0207158
1.53911	0.805744	0.0202165
1.54323	0.862573	0.0182861
1.54734	0.830451	0.0181945
1.55144	0.841988	0.0176306
1.55554	0.900918	0.0182306
1.55963	0.832451	0.0194205
1.56371	0.854078	0.0185784
1.56779	0.879573	0.0177204
1.57187	0.876603	0.0158157
1.57593	0.918762	0.0181428
1.57999	0.933348	0.0221117
1.58405	0.878889	0.0228459
1.58809	0.910691	0.0211757
1.59214	0.900879	0.0169649
1.59617	0.944442	0.0165338
1.60020	0.983349	0.0193500
1.60422	0.941573	0.0206873
1.60824	0.943566	0.0222229
1.61225	0.867284	0.0202004
1.61625	0.936201	0.0217256
1.62025	0.926878	0.0196731
1.62424	0.916448	0.0182897
1.62822	0.884707	0.0180648
1.63220	0.920448	0.0171028
1.63617	0.921290	0.0170020
1.64013	0.890770	0.0181547
1.64409	0.935385	0.0194080
1.64804	0.916034	0.0187246
1.65199	0.927141	0.0172524
1.65592	0.928098	0.0151839
1.65986	0.910272	0.0137507
1.66378	0.877067	0.0185252
1.66770	0.896631	0.0212939
1.67161	0.881811	0.0215436
1.67552	0.901410	0.0189695
1.67941	0.855655	0.0144550
1.68331	0.895816	0.0151792
1.68719	0.903575	0.0181770
1.69107	0.875526	0.0189845
1.69494	0.880146	0.0205666
1.69881	0.878654	0.0191681
1.70267	0.835488	0.0188513
1.70652	0.829651	0.0191751
1.71037	0.796114	0.0173989
1.71421	0.813103	0.0167524
1.71804	0.807509	0.0165487
1.72187	0.775534	0.0156853
1.72569	0.784433	0.0160235
1.72950	0.750895	0.0160478
1.73331	0.744814	0.0162778
1.73711	0.683647	0.0168649
1.74090	0.675122	0.0176628
1.74469	0.631424	0.0165072
1.74847	0.643159	0.0151685
1.75225	0.619608	0.0128334
1.75602	0.626694	0.0125286
1.75978	0.566748	0.0169271
1.76354	0.586914	0.0200530
1.76729	0.543224	0.0204032
1.77103	0.528348	0.0184024
1.77477	0.519801	0.0134102
1.77850	0.477910	0.0136789
1.78223	0.426156	0.0160229
1.78594	0.445021	0.0172942
1.78966	0.418280	0.0169899
1.79336	0.407474	0.0181125
1.79707	0.400975	0.0181412
1.80076	0.417597	0.0193930
1.80445	0.393535	0.0201353
1.80813	0.363623	0.0194377
1.81181	0.398463	0.0189778
1.81548	0.426058	0.0189675
1.81914	0.443942	0.0188049
1.82280	0.395235	0.0197991
1.82646	0.402248	0.0205254
1.83010	0.388712	0.0215836
1.83374	0.372156	0.0195566
1.83738	0.361720	0.0213681
1.84101	0.389386	0.0238292
1.84463	0.337805	0.0253587
1.84825	0.399303	0.0265143
1.85186	0.337535	0.0255492
1.85547	0.288106	0.0234119
1.85907	0.315529	0.0199987
1.86267	0.297903	0.0179369
1.86626	0.361992	0.0211337
1.86984	0.247977	0.0325791
1.87342	0.390455	0.0362687
1.87700	0.367493	0.0291689
1.88056	0.355106	0.0208716
1.88413	0.359038	0.0161658
1.88768	0.430560	0.0161385
1.89124	0.422410	0.0156570
1.89478	0.417294	0.0162042
1.89832	0.421418	0.0176566
1.90186	0.409089	0.0203575
1.90539	0.390421	0.0206775
1.90892	0.504564	0.0196740
1.91244	0.442915	0.0179437
1.91595	0.457164	0.0187507
1.91946	0.454514	0.0209892
1.92297	0.448934	0.0212742
1.92647	0.397884	0.0198277
1.92996	0.386079	0.0178428
1.93345	0.350557	0.0156502
1.93693	0.341243	0.0161382
1.94041	0.299044	0.0144318
1.94389	0.329165	0.0134616
1.94736	0.370981	0.0141603
1.95082	0.362072	0.0167278
1.95428	0.353487	0.0186688
1.95774	0.367859	0.0192999
1.96119	0.304042	0.0186544
1.96463	0.360702	0.0182150
1.96807	0.376926	0.0175443
1.97151	0.383892	0.0175784
1.97494	0.357169	0.0173994
1.97836	0.361233	0.0145142
1.98178	0.385709	0.0124910
1.98520	0.384288	0.0110404
1.98861	0.388796	0.0108164
1.99202	0.401844	0.0116314
1.99542	0.443895	0.0173778
1.99882	0.431571	0.0253346
2.00221	0.364583	0.0324402
2.00560	0.410357	0.0314172
2.00898	0.407980	0.0235760
2.01236	0.404087	0.0210830
2.01573	0.507811	0.0198223
2.01910	0.462257	0.0174712
2.02247	0.422438	0.0179192
2.02583	0.465005	0.0170693
2.02918	0.475126	0.0167714
2.03253	0.498443	0.0155474
2.03588	0.524126	0.0159472
2.03922	0.502439	0.0164505
2.04256	0.527332	0.0161511
2.04589	0.513779	0.0158286
2.04922	0.505329	0.0155143
2.05255	0.502001	0.0195707
2.05586	0.572527	0.0192053
2.05918	0.532314	0.0178890
2.06249	0.557573	0.0145683
2.06580	0.536600	0.0135906
2.06910	0.562504	0.0153741
2.07239	0.556265	0.0148516
2.07569	0.545566	0.0139988
2.07897	0.545710	0.0122128
2.08226	0.540733	0.0119592
2.08553	0.577455	0.0127612
2.08881	0.547919	0.0129604
2.09208	0.558089	0.0121523
2.09534	0.561938	0.0113611
2.09860	0.556020	0.0107199
2.10186	0.544382	0.0115734
2.10511	0.576105	0.0128353
2.10836	0.582319	0.0134924
2.11160	0.548204	0.0137412
2.11484	0.567493	0.0136461
2.11807	0.577987	0.0133106
2.12130	0.545441	0.0137405
2.12452	0.563859	0.0131266
2.12774	0.560436	0.0130375
2.13096	0.545419	0.0123362
2.13417	0.562460	0.0117369
2.13737	0.563939	0.0112847
2.14058	0.533729	0.0107669
2.14377	0.551443	0.0112697
2.14696	0.564400	0.0142541
2.15015	0.530558	0.0161454
2.15333	0.548526	0.0166952
2.15651	0.551771	0.0151457
2.15968	0.527984	0.0127089
2.16285	0.539874	0.0119882
2.16601	0.542806	0.0120289
2.16917	0.524015	0.0123359
2.17233	0.526931	0.0123025
2.17548	0.528073	0.0135600
2.17862	0.527048	0.0144105
2.18176	0.502034	0.0146289
2.18490	0.503444	0.0144941
2.18803	0.526475	0.0131433
2.19115	0.504884	0.0142437
2.19427	0.516062	0.0151961
2.19739	0.479685	0.0154062
2.20050	0.470820	0.0153658
2.20360	0.467480	0.0143010
2.20670	0.468100	0.0141874
2.20980	0.450441	0.0151038
2.21289	0.478278	0.0148926
2.21597	0.466703	0.0146472
2.21905	0.475058	0.0134483
2.22213	0.465458	0.0131893
2.22520	0.470706	0.0136116
2.22827	0.440941	0.0148131
2.23133	0.456400	0.0152356
2.23438	0.428185	0.0148863
2.23743	0.428889	0.0139962
2.24048	0.414184	0.0133474
2.24352	0.441563	0.0140471
2.24655	0.430852	0.0139256
2.24958	0.448916	0.0144700
2.25261	0.431604	0.0144006
2.25563	0.414843	0.0143412
2.25864	0.412174	0.0140332
2.26165	0.451626	0.0140885
2.26465	0.426045	0.0143363
2.26765	0.416408	0.0146351
2.27065	0.402888	0.0147835
2.27364	0.423363	0.0150677
2.27662	0.434340	0.0148827
2.27960	0.388347	0.0147566
2.28257	0.404572	0.0145290
2.28554	0.382333	0.0146121
2.28850	0.379073	0.0148645
2.29146	0.421723	0.0152573
2.29441	0.389350	0.0155537
2.29736	0.344122	0.0163644
2.30030	0.328064	0.0159404
2.30323	0.346522	0.0158497
2.30617	0.359512	0.0154605
2.30909	0.365838	0.0152871
2.31201	0.307977	0.0151774
2.31493	0.324306	0.0162990
2.31784	0.349832	0.0167805
2.32075	0.331054	0.0169125
2.32365	0.285306	0.0165163
2.32654	0.313099	0.0162066
2.32943	0.300153	0.0161212
2.33232	0.307658	0.0163187
2.33520	0.339293	0.0166290
2.33808	0.315361	0.0170989
2.34095	0.286067	0.0174815
2.34381	0.307138	0.0179219
2.34667	0.318271	0.0185462
2.34953	0.342224	0.0195410
2.35238	0.347599	0.0192471
2.35523	0.299450	0.0190897
2.35807	0.339270	0.0187486
2.36091	0.304457	0.0182817
2.36374	0.333506	0.0182395
2.36657	0.328439	0.0195597
2.36940	0.332974	0.0210945
2.37222	0.372214	0.0218214
2.37504	0.316013	0.0208850
2.37785	0.313829	0.0199875
2.38066	0.265819	0.0217182
2.38346	0.267628	0.0229220
2.38626	0.288396	0.0223709
2.38906	0.338530	0.0208711
2.39185	0.359393	0.0203780
2.39464	0.319450	0.0203318
2.39742	0.301134	0.0199797
2.40020	0.328751	0.0201825
2.40298	0.346927	0.0203964
2.40576	0.351746	0.0208682
2.40853	0.310669	0.0208466
2.41130	0.316295	0.0213815
2.41407	0.326386	0.0225265
2.41683	0.311089	0.0233214
2.41959	0.312777	0.0228260
2.42235	0.326366	0.0221551
2.42511	0.293336	0.0213644
2.42786	0.283077	0.0215848
2.43061	0.299904	0.0232302
2.43336	0.303714	0.0256402
2.43611	0.305096	0.0252979
2.43886	0.290313	0.0242182
2.44161	0.323193	0.0238235
2.44435	0.303859	0.0257661
2.44710	0.262463	0.0278253
2.44984	0.268186	0.0287784
2.45259	0.281079	0.0267561
2.45533	0.265512	0.0250291
2.45807	0.305980	0.0251075
2.46082	0.288307	0.0274936
2.46356	0.0731195	0.0200364
2.46631	0.298072	0.0311702
2.46905	0.229767	0.0317364
2.47180	0.234960	0.0313864
2.47455	0.194433	0.0308245
2.47730	0.248723	0.0302344
2.48005	0.257067	0.0326073
2.48281	0.264008	0.0363224
2.48557	0.241716	0.0384428
2.48833	0.156492	0.0389394
2.49109	0.181446	0.0400233
2.49386	0.285000	0.0394616
2.49663	0.161813	0.0371673
2.49941	0.240335	0.0366865
2.50219	0.178275	0.0390182
2.50498	0.200386	0.0428740
2.50777	0.277046	0.0455998
2.51056	0.196539	0.0486342
2.51337	0.200502	0.0569865
2.51618	0.262694	0.0632564
2.51899	0.219245	0.0611508
2.52182	0.270776	0.0595134
2.52465	0.218251	0.0626894
2.52749	0.282111	0.0755182
2.53034	0.256461	0.0939946
2.53320	0.214517	0.109393
2.53607	0.110179	0.114201
2.53894	0.0736955	0.103830
2.54183	0.253696	0.112133
2.54473	0.436257	0.138701
2.54764	0.334071	0.172085
2.55057	0.484229	0.190975
2.55351	0.114536	0.180151
