#  ----------------------------------------------------------------------------------
# SpeX prism spectrum of 2MASSW J1632291+190441 (J16322911+1904407)
# Originally observed on 2003 Sep 05
# Average resolution = 75
# Originally published in Burgasser (2007) ApJ, 659, 655
#
# PLEASE CITE THE ORIGINAL DATA REFERENCE WHEN PUBLISHING OR PRESENTING THESE DATA
#
# Optical spectral type: L8
# Near infrared spectral type: L8
# J magnitude = 15.867
# H magnitude = 14.612
# Ks magnitude = 14.003
#
#  Wavelength (micron)   F_lambda (normalized)  Noise (normalized as F_lambda)
#  ----------------------------------------------------------------------------------
0.658877	-0.00963341	0.160251
0.661058	0.133606	0.172546
0.663231	-0.0970439	0.0620834
0.665398	-0.248882	0.209359
0.667560	-0.0109932	0.0253432
0.669717	0.150149	0.115060
0.671871	-0.0368004	0.124783
0.674021	-0.191222	0.126020
0.676170	-0.0381494	0.0457493
0.678317	0.183648	0.104011
0.680464	-0.136413	0.0538218
0.682611	0.111057	0.0415903
0.684759	-0.0893892	0.105162
0.686909	0.191845	0.202391
0.689061	0.112034	0.0457262
0.691217	-0.160444	0.130842
0.693376	-0.0402117	0.122555
0.695540	0.115203	0.240159
0.697710	0.0689668	0.109391
0.699885	0.137972	0.0642844
0.702066	0.0171012	0.0867014
0.704255	0.148154	0.222322
0.706450	0.122336	0.0451222
0.708655	-0.0634423	0.121425
0.710867	0.0123622	0.152010
0.713089	-0.0450785	0.0651015
0.715321	0.0626927	0.0478119
0.717563	0.00840644	0.0814633
0.719815	0.0721794	0.0546656
0.722079	0.0862819	0.139588
0.724354	-0.0301530	0.147081
0.726641	-0.00861123	0.0972347
0.728941	-0.0447333	0.101379
0.731253	0.0269760	0.0369429
0.733579	-5.67244e-06	0.0715010
0.735918	0.0939142	0.0319535
0.738272	0.0276620	0.0874440
0.740639	0.0593939	0.0514688
0.743022	-0.0552532	0.0368163
0.745419	0.0657722	0.118183
0.747831	-0.00865954	0.0256231
0.750260	0.0428705	0.0159482
0.752704	0.0299797	0.0380210
0.755164	-0.0477802	0.0695026
0.757640	0.00696786	0.0396665
0.760134	-0.00587608	0.0928382
0.762644	-0.0199839	0.0283613
0.765171	-0.0122620	0.0732888
0.767716	0.00827661	0.0810772
0.770279	-0.0389211	0.0372836
0.772859	0.0861464	0.0857172
0.775457	0.0289704	0.0421583
0.778073	0.0280140	0.0312777
0.780707	0.0196191	0.0417868
0.783360	-0.0133169	0.0481481
0.786032	-0.0151603	0.0389453
0.788722	0.0392541	0.0239282
0.791431	-0.0324394	0.0628791
0.794160	0.0161883	0.0346065
0.796907	0.0493439	0.0231100
0.799673	0.0498891	0.0397564
0.802459	0.0710829	0.0127127
0.805264	0.0505437	0.0245943
0.808088	0.0325378	0.0261974
0.810932	0.0607592	0.0332384
0.813796	0.0597260	0.0279877
0.816679	0.0847832	0.0174363
0.819581	0.131321	0.0269520
0.822504	0.147538	0.0218855
0.825446	0.112652	0.0395361
0.828408	0.126479	0.0330312
0.831389	0.122337	0.0343204
0.834390	0.125417	0.0282005
0.837411	0.117669	0.0102971
0.840452	0.182829	0.0229537
0.843512	0.156266	0.0278381
0.846592	0.147174	0.00323797
0.849691	0.147897	0.0128270
0.852811	0.220512	0.0403440
0.855949	0.161226	0.0311465
0.859107	0.131898	0.0116760
0.862285	0.167181	0.0136714
0.865482	0.176601	0.0157172
0.868698	0.178776	0.0128586
0.871934	0.151382	0.0260902
0.875189	0.192306	0.0170355
0.878462	0.213515	0.0238703
0.881755	0.199072	0.00268308
0.885067	0.220578	0.0119806
0.888397	0.218536	0.0204682
0.891746	0.242729	0.00548773
0.895114	0.251335	0.0171713
0.898500	0.275219	0.0150365
0.901905	0.272180	0.0173563
0.905328	0.315556	0.0134416
0.908769	0.273784	0.0344235
0.912228	0.305459	0.0214917
0.915704	0.346544	0.0167826
0.919199	0.378696	0.0132785
0.922711	0.325390	0.00993630
0.926241	0.345209	0.0276519
0.929787	0.338558	0.0237737
0.933351	0.377960	0.0104549
0.936932	0.343273	0.0282058
0.940530	0.360081	0.0141779
0.944144	0.402829	0.0311840
0.947775	0.402284	0.0239090
0.951423	0.418927	0.0237444
0.955086	0.400224	0.0160772
0.958765	0.427756	0.0101442
0.962461	0.435873	0.0203730
0.966172	0.411112	0.00597241
0.969898	0.481830	0.0138414
0.973640	0.487291	0.0107557
0.977397	0.521016	0.0314421
0.981168	0.515826	0.00897078
0.984955	0.482417	0.0130664
0.988756	0.460935	0.00624153
0.992571	0.492462	0.0327908
0.996401	0.491295	0.0242005
1.00024	0.503291	0.0249513
1.00410	0.504893	0.0252697
1.00797	0.535863	0.0169245
1.01186	0.501023	0.0107742
1.01575	0.518150	0.00860860
1.01967	0.547427	0.00742466
1.02359	0.557935	0.0127687
1.02752	0.571441	0.0238276
1.03147	0.616073	0.0261770
1.03543	0.568704	0.0184280
1.03941	0.608041	0.00264619
1.04339	0.607015	0.0177831
1.04738	0.607289	0.00844273
1.05139	0.623822	0.00817575
1.05541	0.635677	0.00307263
1.05944	0.655377	0.0164597
1.06348	0.658718	0.0111771
1.06753	0.667062	0.0154789
1.07159	0.676884	0.0136177
1.07566	0.682910	0.0238364
1.07974	0.707282	0.0154087
1.08383	0.698372	0.0119544
1.08793	0.687214	0.0239037
1.09204	0.701295	0.0114274
1.09616	0.684317	0.0113983
1.10029	0.670390	0.00921964
1.10442	0.640518	0.00991844
1.10857	0.670827	0.0177739
1.11272	0.654047	0.0176333
1.11688	0.645863	0.0108859
1.12105	0.662186	0.00811447
1.12522	0.665983	0.0241773
1.12940	0.645536	0.0104182
1.13359	0.642979	0.0168558
1.13779	0.652827	0.0183148
1.14199	0.650116	0.0146593
1.14620	0.682383	0.0180380
1.15042	0.685313	0.0349252
1.15464	0.682608	0.0200829
1.15887	0.667191	0.0386718
1.16311	0.670968	0.0248761
1.16735	0.681028	0.0175561
1.17159	0.663433	0.0110732
1.17584	0.670069	0.00518663
1.18010	0.688152	0.0112316
1.18436	0.711317	0.0151446
1.18862	0.719546	0.00893179
1.19289	0.763678	0.00599699
1.19716	0.772569	0.0224112
1.20144	0.773558	0.00787511
1.20572	0.803719	0.0138214
1.21001	0.797121	0.0219105
1.21429	0.797481	0.0161793
1.21859	0.829928	0.0316510
1.22288	0.849708	0.0298702
1.22718	0.877093	0.0119435
1.23148	0.896962	0.0132476
1.23578	0.884834	0.00586004
1.24008	0.886260	0.0131476
1.24439	0.895099	0.0115255
1.24870	0.880022	0.0116515
1.25301	0.939155	0.0113304
1.25732	0.929609	0.0208403
1.26163	0.949459	0.0207271
1.26594	0.948829	0.0276948
1.27026	0.974840	0.0151635
1.27458	0.961504	0.0238228
1.27889	0.945694	0.0249751
1.28321	0.949703	0.0245971
1.28753	0.921258	0.0113214
1.29185	0.945405	0.0154757
1.29616	0.977936	0.0368243
1.30048	0.948495	0.0157287
1.30480	0.953525	0.0115176
1.30912	0.951322	0.0246263
1.31343	0.951746	0.0127321
1.31775	0.948540	0.0250982
1.32207	0.935994	0.0202544
1.32638	0.876091	0.00338483
1.33069	0.807747	0.0139080
1.33501	0.737019	0.0131145
1.33932	0.648940	0.0173376
1.34362	0.533032	0.0171364
1.34793	0.512057	0.0112239
1.35224	0.490994	0.0215765
1.35654	0.500988	0.00425505
1.36084	0.487253	0.0238972
1.36514	0.519257	0.0360147
1.36944	0.503510	0.0224219
1.37373	0.591181	0.0559168
1.37803	0.592921	0.0461886
1.38231	0.593186	0.0279240
1.38660	0.571882	0.0143291
1.39088	0.573318	0.0337481
1.39516	0.589073	0.0292428
1.39944	0.547682	0.0428763
1.40372	0.546463	0.0249323
1.40799	0.483307	0.0418025
1.41225	0.471057	0.0191983
1.41652	0.460783	0.0174802
1.42078	0.487151	0.00593211
1.42503	0.451872	0.0136088
1.42928	0.425428	0.0142760
1.43353	0.480057	0.0214527
1.43778	0.461795	0.0130270
1.44202	0.489750	0.0283032
1.44625	0.502774	0.00268530
1.45048	0.522922	0.0235714
1.45471	0.527085	0.0288790
1.45893	0.556193	0.0193235
1.46315	0.551823	0.0231027
1.46736	0.586099	0.0288664
1.47157	0.599596	0.0130617
1.47577	0.558302	0.0164465
1.47997	0.605763	0.0149869
1.48416	0.622522	0.0278789
1.48835	0.622350	0.0288301
1.49254	0.641515	0.0194926
1.49671	0.618286	0.0180368
1.50089	0.626099	0.0263349
1.50505	0.681722	0.0209554
1.50921	0.701707	0.0136952
1.51337	0.690066	0.00735863
1.51752	0.684741	0.0241870
1.52167	0.747747	0.0224477
1.52581	0.724781	0.0134392
1.52994	0.791166	0.0239801
1.53407	0.804066	0.00330579
1.53819	0.829068	0.0260863
1.54231	0.853588	0.0107142
1.54642	0.847845	0.0213721
1.55052	0.905654	0.0438230
1.55462	0.883164	0.0484498
1.55871	0.900174	0.0165645
1.56280	0.802941	0.0652165
1.56688	0.891444	0.0228742
1.57095	0.927335	0.0257413
1.57502	0.962191	0.0262095
1.57908	0.936431	0.0123366
1.58314	0.945412	0.00744156
1.58719	0.925375	0.0152007
1.59123	0.968968	0.0240519
1.59527	0.964195	0.0269416
1.59930	0.948200	0.0141990
1.60332	0.998480	0.0149190
1.60734	0.971371	0.0206106
1.61135	0.982600	0.0200702
1.61535	0.994979	0.0319320
1.61935	0.984431	0.0369476
1.62334	1.01503	0.0223627
1.62733	0.958895	0.0250921
1.63131	1.02398	0.0103370
1.63528	1.00020	0.00882964
1.63924	0.989615	0.0199903
1.64320	0.974159	0.0323947
1.64716	1.00187	0.0227339
1.65110	0.986396	0.0258560
1.65504	0.989698	0.0266654
1.65897	1.02506	0.00397707
1.66290	1.00699	0.0187009
1.66682	1.01310	0.0131316
1.67073	0.988934	0.0289198
1.67464	1.00321	0.0325988
1.67854	0.999347	0.0177735
1.68243	1.00324	0.0270077
1.68632	0.976992	0.0121158
1.69020	0.989493	0.0122424
1.69407	0.961080	0.0229297
1.69794	0.949362	0.0102710
1.70180	0.976073	0.0101485
1.70566	0.929647	0.0402686
1.70950	0.967170	0.0215165
1.71335	0.956532	0.0193336
1.71718	0.943793	0.0453331
1.72101	0.949292	0.00828586
1.72483	0.899924	0.0140043
1.72865	0.879341	0.0130905
1.73245	0.842166	0.0203530
1.73626	0.803539	0.0149827
1.74005	0.838793	0.0183226
1.74384	0.793961	0.0252698
1.74763	0.784755	0.00727113
1.75140	0.751935	0.00933656
1.75517	0.746167	0.0189330
1.75894	0.711818	0.00796318
1.76269	0.704000	0.0105418
1.76645	0.670762	0.00411442
1.77019	0.654163	0.0107945
1.77393	0.648927	0.00947615
1.77766	0.622427	0.0232164
1.78139	0.340255	0.172261
1.78511	0.586038	0.0163750
1.78883	0.617657	0.0263434
1.79253	0.572026	0.0312480
1.79624	0.583804	0.0140576
1.79993	0.355976	0.173424
1.80362	0.583067	0.0186835
1.80731	0.573968	0.0209248
1.81098	0.430955	0.0974878
1.81466	0.628535	0.00948771
1.81832	0.604596	0.0204992
1.82198	0.547387	0.0341364
1.82564	0.654857	0.0300769
1.82929	0.631850	0.0168114
1.83293	0.656668	0.0168841
1.83656	0.678413	0.0396276
1.84020	0.646820	0.0309648
1.84382	0.589276	0.0475153
1.84744	0.596308	0.0535100
1.85105	0.589802	0.0811922
1.85466	0.592713	0.0279176
1.85827	0.591113	0.0841408
1.86186	0.615493	0.0217580
1.86545	0.534234	0.0341090
1.86904	0.588567	0.0762188
1.87262	0.512422	0.0602181
1.87619	0.533050	0.0479625
1.87976	0.541375	0.0718858
1.88333	0.514445	0.0188455
1.88689	0.584008	0.0149307
1.89044	0.634406	0.0216822
1.89399	0.613471	0.0372736
1.89753	0.695251	0.0170491
1.90107	0.627162	0.0367345
1.90460	0.699529	0.0198213
1.90813	0.640890	0.0482541
1.91165	0.741959	0.0333630
1.91516	0.701405	0.0237656
1.91867	0.696098	0.0246945
1.92218	0.701405	0.0212480
1.92568	0.703235	0.0235958
1.92918	0.589308	0.0165208
1.93267	0.585912	0.0206343
1.93615	0.549873	0.00959442
1.93963	0.556872	0.0170008
1.94311	0.547466	0.0188128
1.94658	0.518674	0.0130771
1.95004	0.540491	0.00621276
1.95351	0.515809	0.0327031
1.95696	0.480666	0.00749218
1.96041	0.466453	0.0203309
1.96386	0.513491	0.0212922
1.96730	0.518973	0.0102549
1.97074	0.489786	0.0317333
1.97417	0.489994	0.0406369
1.97759	0.470903	0.0208050
1.98102	0.500960	0.0128235
1.98443	0.457326	0.0151056
1.98785	0.513229	0.00296825
1.99125	0.507260	0.0194670
1.99466	0.519797	0.0216022
1.99805	0.531472	0.0321316
2.00145	0.548714	0.0330062
2.00484	0.591944	0.0248289
2.00822	0.530906	0.0427396
2.01160	0.610937	0.0446832
2.01498	0.624534	0.0216380
2.01835	0.632932	0.0196119
2.02171	0.546763	0.0309516
2.02507	0.562155	0.0190022
2.02843	0.570226	0.00962172
2.03178	0.590101	0.0168109
2.03513	0.621899	0.0185915
2.03847	0.616256	0.0323122
2.04181	0.627741	0.0133184
2.04515	0.633683	0.0188983
2.04847	0.649441	0.00618648
2.05180	0.678317	0.0166981
2.05512	0.670017	0.00568605
2.05844	0.672144	0.0262295
2.06175	0.703878	0.00824770
2.06505	0.693420	0.0147043
2.06836	0.677379	0.00909656
2.07165	0.704173	0.0220063
2.07495	0.690368	0.0132796
2.07824	0.707450	0.0118264
2.08152	0.714355	0.0268926
2.08480	0.692732	0.0167654
2.08807	0.707970	0.00971853
2.09134	0.714516	0.0210234
2.09461	0.713931	0.0157112
2.09787	0.707886	0.0151099
2.10113	0.721036	0.0189597
2.10438	0.726137	0.0146199
2.10763	0.711227	0.0313579
2.11087	0.718415	0.0244099
2.11411	0.725347	0.00696150
2.11735	0.696497	0.0216377
2.12058	0.700319	0.0247707
2.12380	0.697749	0.0261292
2.12702	0.716681	0.0179522
2.13024	0.685325	0.0222647
2.13345	0.739017	0.00825991
2.13666	0.721627	0.0135461
2.13986	0.712794	0.00489992
2.14305	0.719103	0.0290400
2.14625	0.696722	0.0217705
2.14944	0.708278	0.0114683
2.15262	0.698238	0.0340234
2.15580	0.677880	0.0222987
2.15897	0.691769	0.0289258
2.16214	0.689919	0.0230503
2.16531	0.701713	0.0236363
2.16847	0.667460	0.0148386
2.17162	0.687099	0.00593352
2.17477	0.701488	0.0165664
2.17792	0.694146	0.0156241
2.18106	0.703737	0.0187110
2.18419	0.685660	0.00663992
2.18732	0.669336	0.0137130
2.19045	0.648703	0.0150216
2.19357	0.654548	0.00352338
2.19669	0.673570	0.0121116
2.19980	0.675991	0.0130842
2.20290	0.669336	0.00787158
2.20601	0.650456	0.0149079
2.20910	0.665180	0.0113512
2.21219	0.651921	0.0156885
2.21528	0.640619	0.0108952
2.21836	0.623248	0.00457932
2.22144	0.633504	0.0172182
2.22451	0.650745	0.0208419
2.22758	0.619756	0.00885489
2.23064	0.632089	0.00889645
2.23370	0.630033	0.0151003
2.23675	0.637224	0.0216674
2.23979	0.615059	0.0150438
2.24284	0.635253	0.0161407
2.24587	0.630182	0.0142937
2.24890	0.612144	0.0228833
2.25193	0.609822	0.0116900
2.25495	0.600881	0.0143328
2.25796	0.622964	0.0196190
2.26098	0.625137	0.0237731
2.26398	0.616763	0.0281619
2.26698	0.592915	0.0191644
2.26998	0.602663	0.0116733
2.27296	0.588138	0.0305301
2.27595	0.590522	0.0204835
2.27893	0.599315	0.0229752
2.28190	0.597290	0.0116781
2.28487	0.584726	0.0237907
2.28784	0.582142	0.0175662
2.29079	0.582468	0.00896782
2.29375	0.548849	0.0120969
2.29670	0.519790	0.00830237
2.29964	0.506943	0.0101690
2.30258	0.460078	0.0155053
2.30551	0.474503	0.0243500
2.30844	0.462404	0.0256097
2.31136	0.472821	0.0127414
2.31428	0.475513	0.0161538
2.31719	0.471043	0.0110282
2.32009	0.466794	0.0100633
2.32300	0.454844	0.00620803
2.32589	0.452882	0.0120677
2.32879	0.444552	0.0107205
2.33167	0.431258	0.0108115
2.33455	0.444854	0.0144510
2.33743	0.438224	0.0133736
2.34030	0.454592	0.00350898
2.34317	0.453058	0.0192657
2.34603	0.459286	0.00940716
2.34889	0.427892	0.00779623
2.35174	0.463437	0.0203708
2.35459	0.462043	0.0157349
2.35744	0.448540	0.00351544
2.36027	0.451732	0.0152844
2.36311	0.434413	0.00664563
2.36594	0.468026	0.00374338
2.36877	0.453444	0.00656675
2.37159	0.451125	0.00544498
2.37440	0.420258	0.0236493
2.37722	0.445901	0.0184374
2.38003	0.443301	0.00859813
2.38283	0.424254	0.0101516
2.38563	0.429490	0.0270774
2.38843	0.438309	0.0207558
2.39122	0.463973	0.00320878
2.39401	0.440571	0.0169618
2.39680	0.442436	0.00572119
2.39958	0.436288	0.0174371
2.40236	0.432414	0.00976285
2.40514	0.444929	0.0151150
2.40791	0.453226	0.0159361
2.41068	0.412512	0.0203602
2.41345	0.414779	0.0193968
2.41621	0.411304	0.0148203
2.41897	0.432010	0.0126800
2.42173	0.426491	0.00653983
2.42449	0.416503	0.0153416
2.42724	0.409061	0.0112260
2.43000	0.435847	0.0240615
2.43275	0.439109	0.0154908
2.43550	0.397380	0.00508934
2.43825	0.394804	0.00517774
2.44099	0.422740	0.0158117
2.44374	0.444186	0.0177726
2.44648	0.392161	0.0312385
2.44923	0.415709	0.00762573
2.45197	0.353786	0.0135651
2.45472	0.355213	0.0192588
2.45746	0.367960	0.0139118
2.46020	0.381617	0.0209440
2.46295	0.396472	0.0125005
2.46569	0.364910	0.0241944
2.46844	0.389265	0.00851153
2.47118	0.373652	0.0226631
2.47393	0.311182	0.0176974
2.47668	0.257395	0.0850607
2.47944	0.279672	0.00825130
2.48219	0.359267	0.0136757
2.48495	0.349815	0.0309131
2.48771	0.338631	0.0356624
2.49047	0.394277	0.0366385
2.49324	0.321245	0.0733736
2.49601	0.278470	0.0286501
2.49879	0.338966	0.0165197
2.50157	0.274135	0.0125790
2.50435	0.327602	0.0367175
2.50714	0.366360	0.0250188
2.50994	0.354801	0.0226265
2.51274	0.267538	0.0645195
2.51555	0.276746	0.0679653
2.51836	0.268031	0.0344826
2.52118	0.356334	0.0639593
2.52401	0.331113	0.0217619
2.52685	0.147580	0.132862
2.52970	0.520767	0.146039
2.53256	0.334241	0.0332488
2.53542	0.0612845	0.243179
2.53830	0.0929943	0.157664
2.54118	0.214276	0.0696805
2.54408	0.621662	0.202463
2.54699	0.173465	0.265054
2.54991	0.474314	0.551055
2.55285	0.269202	0.228577
2.55579	0.351952	0.275482
2.55875	1.28088	0.206472
2.56173	0.0938358	0.311067
2.56472	0.871594	0.277153
2.56772	0.324681	0.422088
2.57074	1.91279	0.796858
