#  ----------------------------------------------------------------------------------
# SpeX prism spectrum of SDSSp J085758.45+570851.4 (J08575849+5708514)
# Originally observed on 2008 Jan 08
# Average resolution = 120
# Originally published in Burgasser et al. (2010) ApJ, 710, 1142-1169
#
# PLEASE CITE THE ORIGINAL DATA REFERENCE WHEN PUBLISHING OR PRESENTING THESE DATA
#
# Optical spectral type: L8
# Near infrared spectral type: L8+/-1
# J magnitude = 15.038
# H magnitude = 13.79
# Ks magnitude = 12.962
#
#  Wavelength (micron)   F_lambda (normalized)  Noise (normalized as F_lambda)
#  ----------------------------------------------------------------------------------
0.652323	0.236062	0.114521
0.654531	0.189174	0.106554
0.656729	0.197781	0.0928768
0.658918	0.158973	0.0814372
0.661099	-0.0458521	0.0839892
0.663272	0.110541	0.0801085
0.665439	0.0866198	0.0818156
0.667601	0.0249253	0.0795695
0.669758	0.372420	0.0803776
0.671911	0.0155807	0.0758218
0.674062	0.185212	0.0718268
0.676210	-0.0508592	0.0677121
0.678357	0.157819	0.0693268
0.680504	0.128306	0.0667663
0.682651	-0.102723	0.0725202
0.684800	0.136994	0.0690644
0.686949	0.0221516	0.0698518
0.689102	-0.0239579	0.0605550
0.691258	-0.00227748	0.0605624
0.693417	0.0208675	0.0536072
0.695581	0.00195950	0.0522052
0.697751	0.0771735	0.0471599
0.699926	0.0243509	0.0472827
0.702107	0.0896869	0.0429273
0.704296	-0.0278458	0.0430042
0.706492	0.0392554	0.0395732
0.708696	0.0721281	0.0377312
0.710909	0.0868163	0.0353518
0.713131	0.0835446	0.0334355
0.715363	0.0728387	0.0212499
0.717605	-0.0152268	0.00227655
0.719858	-0.0294316	0.0278416
0.722122	0.0374253	0.0350422
0.724397	0.0507627	0.0332838
0.726685	0.0175130	0.0328279
0.728984	-0.0164713	0.0298831
0.731297	0.0362369	0.0305006
0.733623	0.000124567	0.0280271
0.735963	-0.000190009	0.0285324
0.738316	-0.0178669	0.0263280
0.740684	-0.00513444	0.0263348
0.743067	0.0364934	0.0245557
0.745464	0.00140284	0.0245893
0.747877	0.0422539	0.0218900
0.750306	0.0309928	0.0234226
0.752750	0.0405636	0.0218097
0.755211	0.0572942	0.0222837
0.757688	0.0360414	0.0219463
0.760181	-0.0456601	0.0264876
0.762692	0.0571691	0.0283970
0.765219	0.0362715	0.0276615
0.767765	0.0568107	0.0231765
0.770327	0.00635240	0.0210334
0.772908	0.0190546	0.0183144
0.775506	0.0150415	0.0185782
0.778123	0.0200972	0.0164645
0.780757	0.0444641	0.0165532
0.783411	0.0231786	0.0159037
0.786083	0.0403267	0.0164150
0.788773	-0.00908075	0.0159143
0.791483	0.0176250	0.0161412
0.794211	0.0451677	0.0160436
0.796959	0.0486998	0.0167139
0.799726	0.0534343	0.0158469
0.802512	0.0442694	0.0154845
0.805317	0.0495004	0.0150975
0.808142	0.0176403	0.0152937
0.810986	0.0508387	0.0143876
0.813850	0.0410023	0.0146377
0.816733	0.0525238	0.0140984
0.819637	0.0512265	0.0134505
0.822559	0.0641196	0.0124885
0.825502	0.0680574	0.0133025
0.828464	0.0770963	0.0130040
0.831446	0.0561244	0.0130578
0.834447	0.0965531	0.0123191
0.837468	0.0737894	0.0133948
0.840509	0.102343	0.0128021
0.843570	0.123825	0.0131974
0.846650	0.101339	0.0124610
0.849750	0.119091	0.0126020
0.852870	0.124222	0.0113996
0.856009	0.124439	0.0115711
0.859167	0.112207	0.0108396
0.862345	0.131794	0.0112600
0.865543	0.108291	0.0105246
0.868759	0.109322	0.0108627
0.871995	0.138719	0.0104057
0.875250	0.131242	0.0111768
0.878524	0.144133	0.0108845
0.881818	0.144198	0.0111056
0.885130	0.159383	0.0109193
0.888460	0.158767	0.0108733
0.891810	0.172457	0.0105612
0.895178	0.200944	0.0108604
0.898565	0.208576	0.0102292
0.901970	0.193378	0.00980015
0.905393	0.196314	0.00974506
0.908834	0.219588	0.0105025
0.912293	0.246070	0.00952009
0.915770	0.250631	0.00985675
0.919265	0.259255	0.00921242
0.922778	0.242374	0.00947250
0.926307	0.251192	0.00903760
0.929855	0.259617	0.00941978
0.933419	0.256630	0.00980715
0.937000	0.267711	0.0102558
0.940598	0.283409	0.0101526
0.944213	0.293097	0.0103876
0.947844	0.325717	0.00982584
0.951492	0.311335	0.00966260
0.955155	0.319475	0.00895261
0.958835	0.310344	0.00855533
0.962531	0.323995	0.00837637
0.966242	0.335939	0.00852220
0.969969	0.335317	0.00832303
0.973711	0.365608	0.00830175
0.977468	0.373358	0.00802175
0.981240	0.375610	0.00799535
0.985027	0.375404	0.00792897
0.988828	0.383739	0.00806159
0.992644	0.353342	0.00809820
0.996473	0.362855	0.00820888
1.00032	0.383143	0.00808214
1.00417	0.367316	0.00787825
1.00805	0.389473	0.00739548
1.01193	0.410307	0.00755746
1.01583	0.421441	0.00774088
1.01974	0.430087	0.00790625
1.02366	0.435543	0.00792337
1.02760	0.459233	0.00809875
1.03155	0.468910	0.00790713
1.03551	0.479767	0.00810697
1.03948	0.484076	0.00777248
1.04346	0.498952	0.00782630
1.04746	0.492399	0.00741563
1.05147	0.518478	0.00691285
1.05549	0.506629	0.00643397
1.05952	0.538023	0.00614408
1.06356	0.537659	0.00597408
1.06761	0.541746	0.00632959
1.07167	0.565345	0.00673038
1.07574	0.574108	0.00689951
1.07982	0.574866	0.00735463
1.08391	0.587520	0.00719066
1.08801	0.604246	0.00738559
1.09212	0.585974	0.00745077
1.09624	0.558202	0.00711073
1.10036	0.546456	0.00708597
1.10450	0.516781	0.00666021
1.10864	0.504925	0.00617098
1.11280	0.485753	0.00577243
1.11696	0.488340	0.00556945
1.12112	0.510597	0.00562410
1.12530	0.525900	0.00588423
1.12948	0.514383	0.00644612
1.13367	0.497851	0.00664403
1.13787	0.503658	0.00671052
1.14207	0.508339	0.00700437
1.14628	0.522721	0.00661704
1.15050	0.540369	0.00681040
1.15472	0.544957	0.00660281
1.15895	0.553693	0.00656619
1.16319	0.547038	0.00625008
1.16743	0.523320	0.00580539
1.17167	0.517700	0.00528306
1.17592	0.526119	0.00502311
1.18018	0.546309	0.00473526
1.18444	0.572172	0.00458877
1.18870	0.594737	0.00446591
1.19297	0.627212	0.00473225
1.19725	0.631696	0.00522353
1.20152	0.642484	0.00547047
1.20580	0.663734	0.00571497
1.21009	0.683719	0.00599989
1.21438	0.693554	0.00572227
1.21867	0.706408	0.00591053
1.22296	0.728004	0.00584828
1.22726	0.741852	0.00580352
1.23156	0.753647	0.00583659
1.23586	0.750755	0.00557599
1.24016	0.759706	0.00524986
1.24447	0.757629	0.00506236
1.24878	0.753683	0.00481993
1.25309	0.767345	0.00469745
1.25740	0.806860	0.00489562
1.26171	0.819335	0.00510345
1.26603	0.846951	0.00574966
1.27034	0.841207	0.00621590
1.27466	0.871893	0.00682828
1.27897	0.868197	0.00669636
1.28329	0.844676	0.00632422
1.28761	0.859902	0.00630928
1.29193	0.850617	0.00591046
1.29625	0.857648	0.00587259
1.30056	0.862795	0.00581023
1.30488	0.849534	0.00574039
1.30920	0.846728	0.00584228
1.31352	0.832574	0.00572090
1.31783	0.842412	0.00579745
1.32215	0.828748	0.00514826
1.32646	0.791594	0.00492000
1.33077	0.707499	0.00462916
1.33509	0.585589	0.00418517
1.33940	0.496925	0.00399711
1.34371	0.430298	0.00415715
1.34801	0.414594	0.00423807
1.35232	0.397148	0.00472204
1.35662	0.391001	0.00547195
1.36092	0.424986	0.00639440
1.36522	0.428158	0.00778255
1.36952	0.405729	0.00803883
1.37381	0.451321	0.00791426
1.37811	0.472349	0.00788388
1.38240	0.465766	0.00827703
1.38668	0.489797	0.00770981
1.39097	0.466309	0.00752874
1.39525	0.460744	0.00716312
1.39952	0.443842	0.00757921
1.40380	0.431249	0.00787356
1.40807	0.414136	0.00832073
1.41233	0.418328	0.00838211
1.41660	0.384433	0.00832257
1.42086	0.383887	0.00744831
1.42511	0.385967	0.00648657
1.42937	0.377656	0.00581806
1.43361	0.385817	0.00614425
1.43786	0.402416	0.00622539
1.44210	0.400369	0.00601417
1.44633	0.408064	0.00592986
1.45056	0.418741	0.00646207
1.45479	0.455145	0.00707934
1.45901	0.473387	0.00751771
1.46323	0.480456	0.00709332
1.46744	0.489967	0.00710896
1.47165	0.475409	0.00724994
1.47585	0.495724	0.00679056
1.48005	0.519965	0.00684615
1.48424	0.538442	0.00717311
1.48843	0.553051	0.00722291
1.49261	0.537601	0.00648325
1.49679	0.570578	0.00580310
1.50096	0.570686	0.00630606
1.50513	0.587625	0.00781647
1.50929	0.611216	0.00793124
1.51345	0.629825	0.00773428
1.51760	0.649063	0.00624790
1.52174	0.687987	0.00651597
1.52588	0.691546	0.00697872
1.53002	0.710027	0.00792583
1.53415	0.715796	0.00768996
1.53827	0.753362	0.00749946
1.54238	0.758597	0.00714185
1.54649	0.774103	0.00651605
1.55060	0.804036	0.00662397
1.55470	0.826533	0.00650370
1.55879	0.827547	0.00672032
1.56287	0.846950	0.00720069
1.56695	0.862716	0.00678002
1.57103	0.885249	0.00640331
1.57510	0.899024	0.00563261
1.57916	0.894274	0.00653425
1.58321	0.904930	0.00796365
1.58726	0.916205	0.00809846
1.59131	0.905799	0.00763215
1.59534	0.937879	0.00607087
1.59937	0.954796	0.00617815
1.60340	0.970409	0.00711387
1.60741	0.964618	0.00763878
1.61142	0.975726	0.00826101
1.61543	0.967317	0.00743515
1.61943	0.979220	0.00754716
1.62342	0.970838	0.00703594
1.62740	0.971961	0.00653347
1.63138	0.968939	0.00654134
1.63535	0.986243	0.00621995
1.63932	0.966479	0.00629429
1.64328	0.979893	0.00703498
1.64723	0.995734	0.00665059
1.65118	1.00485	0.00671203
1.65512	0.992659	0.00619051
1.65905	0.997237	0.00543040
1.66297	0.995014	0.00500721
1.66689	0.992014	0.00671934
1.67081	0.990551	0.00751571
1.67471	1.00834	0.00765884
1.67861	0.990453	0.00674838
1.68251	1.00331	0.00526581
1.68639	1.01219	0.00553618
1.69027	1.01338	0.00651134
1.69415	0.995224	0.00671584
1.69801	0.983658	0.00736521
1.70188	0.968764	0.00731396
1.70573	0.966025	0.00714904
1.70958	0.954346	0.00720594
1.71342	0.943156	0.00651789
1.71725	0.922755	0.00596719
1.72108	0.903184	0.00575013
1.72490	0.876837	0.00539674
1.72872	0.876702	0.00553517
1.73253	0.858406	0.00557874
1.73633	0.829380	0.00565759
1.74012	0.814811	0.00580341
1.74391	0.787470	0.00637901
1.74770	0.777170	0.00562290
1.75147	0.758530	0.00514854
1.75524	0.724687	0.00443364
1.75901	0.709210	0.00436393
1.76277	0.696088	0.00584704
1.76652	0.685860	0.00670714
1.77026	0.658071	0.00680914
1.77400	0.634123	0.00607173
1.77773	0.606975	0.00456589
1.78146	0.616771	0.00443410
1.78518	0.594722	0.00547206
1.78890	0.595537	0.00582197
1.79260	0.559800	0.00572873
1.79631	0.576667	0.00627412
1.80000	0.559206	0.00624982
1.80369	0.547598	0.00672132
1.80738	0.550492	0.00698770
1.81105	0.569182	0.00680980
1.81473	0.584796	0.00674826
1.81839	0.587554	0.00697013
1.82205	0.599593	0.00664598
1.82571	0.591705	0.00701161
1.82935	0.607007	0.00727586
1.83300	0.600262	0.00763839
1.83663	0.604106	0.00760887
1.84026	0.588307	0.00821243
1.84389	0.583643	0.00942834
1.84751	0.567083	0.00968349
1.85112	0.564314	0.0101742
1.85473	0.551963	0.00969520
1.85833	0.501662	0.00881514
1.86193	0.479997	0.00739220
1.86552	0.499384	0.00714874
1.86911	0.539759	0.00891224
1.87269	0.516356	0.0126698
1.87626	0.525690	0.0126078
1.87983	0.556477	0.0103613
1.88340	0.557815	0.00732315
1.88695	0.580384	0.00614478
1.89051	0.563364	0.00594977
1.89405	0.599644	0.00616877
1.89760	0.603840	0.00660850
1.90113	0.620770	0.00728243
1.90467	0.622106	0.00793578
1.90819	0.667080	0.00814585
1.91171	0.647526	0.00745734
1.91523	0.667013	0.00702289
1.91874	0.640493	0.00709443
1.92225	0.645964	0.00780135
1.92575	0.624284	0.00777035
1.92924	0.611831	0.00712027
1.93273	0.585883	0.00632971
1.93622	0.548399	0.00559374
1.93970	0.534394	0.00550602
1.94317	0.526185	0.00517158
1.94665	0.521869	0.00487378
1.95011	0.536336	0.00515123
1.95357	0.517270	0.00578465
1.95703	0.505877	0.00623893
1.96048	0.491747	0.00635608
1.96392	0.496478	0.00607273
1.96736	0.532848	0.00601745
1.97080	0.523469	0.00577675
1.97423	0.514136	0.00557387
1.97766	0.518095	0.00513218
1.98108	0.513166	0.00471700
1.98450	0.524582	0.00414775
1.98791	0.519270	0.00368886
1.99132	0.528359	0.00366373
1.99472	0.546841	0.00398418
1.99812	0.562951	0.00618662
2.00151	0.573817	0.00893877
2.00490	0.560908	0.0107774
2.00829	0.567789	0.0103157
2.01167	0.591330	0.00799776
2.01504	0.584978	0.00718011
2.01841	0.581401	0.00660145
2.02178	0.608632	0.00589762
2.02514	0.622001	0.00604483
2.02849	0.613804	0.00547602
2.03185	0.620628	0.00542909
2.03519	0.629563	0.00502078
2.03854	0.631390	0.00529185
2.04187	0.650484	0.00540778
2.04521	0.673268	0.00537826
2.04854	0.674167	0.00530110
2.05186	0.675912	0.00574546
2.05518	0.678575	0.00664941
2.05850	0.701104	0.00650977
2.06181	0.709650	0.00626155
2.06512	0.719579	0.00538019
2.06842	0.717294	0.00517572
2.07172	0.714865	0.00553270
2.07501	0.723434	0.00540298
2.07830	0.730850	0.00467241
2.08158	0.740851	0.00415582
2.08486	0.741596	0.00404879
2.08814	0.744032	0.00425540
2.09141	0.742992	0.00430489
2.09467	0.760043	0.00416628
2.09793	0.750346	0.00394278
2.10119	0.765611	0.00379901
2.10444	0.764989	0.00398526
2.10769	0.754800	0.00426997
2.11093	0.773496	0.00439642
2.11417	0.774009	0.00450757
2.11741	0.770004	0.00449658
2.12064	0.776698	0.00445411
2.12386	0.771931	0.00455815
2.12708	0.776860	0.00437504
2.13030	0.775487	0.00437117
2.13351	0.778216	0.00414968
2.13672	0.776401	0.00400409
2.13992	0.778257	0.00389774
2.14312	0.790603	0.00377458
2.14631	0.784141	0.00396593
2.14950	0.787414	0.00478816
2.15268	0.785289	0.00526035
2.15586	0.771039	0.00533097
2.15903	0.778082	0.00486518
2.16220	0.766434	0.00421092
2.16537	0.768293	0.00486582
2.16852	0.766343	0.00485342
2.17168	0.766939	0.00492058
2.17483	0.762762	0.00487311
2.17798	0.752475	0.00517321
2.18112	0.762561	0.00539357
2.18425	0.748878	0.00537678
2.18738	0.748920	0.00530390
2.19051	0.747604	0.00501958
2.19363	0.750008	0.00532127
2.19675	0.739138	0.00552003
2.19986	0.730924	0.00554520
2.20296	0.721398	0.00547683
2.20607	0.715664	0.00514766
2.20916	0.709761	0.00516998
2.21225	0.715403	0.00541584
2.21534	0.719475	0.00539845
2.21842	0.712310	0.00538449
2.22150	0.701688	0.00499247
2.22457	0.704639	0.00496920
2.22764	0.711705	0.00507017
2.23070	0.704852	0.00534104
2.23375	0.708786	0.00538765
2.23681	0.692849	0.00531402
2.23985	0.700107	0.00512116
2.24289	0.691965	0.00499049
2.24593	0.691067	0.00505385
2.24896	0.685750	0.00511957
2.25199	0.688027	0.00529140
2.25501	0.685348	0.00530996
2.25802	0.681707	0.00527782
2.26103	0.679509	0.00518871
2.26404	0.674363	0.00521740
2.26704	0.674428	0.00524558
2.27003	0.669298	0.00521485
2.27302	0.658042	0.00532034
2.27601	0.667165	0.00537351
2.27899	0.669008	0.00540668
2.28196	0.667216	0.00563887
2.28493	0.648065	0.00528158
2.28789	0.659082	0.00534723
2.29085	0.655671	0.00536705
2.29380	0.615689	0.00530772
2.29675	0.572622	0.00527132
2.29969	0.543989	0.00542812
2.30263	0.540978	0.00526945
2.30556	0.538902	0.00526310
2.30849	0.547361	0.00514921
2.31141	0.550826	0.00512068
2.31433	0.553214	0.00521543
2.31724	0.542590	0.00536865
2.32015	0.544880	0.00554690
2.32305	0.529863	0.00544861
2.32595	0.522847	0.00531193
2.32884	0.515545	0.00524570
2.33173	0.519565	0.00528978
2.33461	0.511653	0.00528181
2.33749	0.525347	0.00544788
2.34036	0.522775	0.00554557
2.34322	0.527926	0.00569727
2.34609	0.536534	0.00577905
2.34894	0.539594	0.00594235
2.35180	0.528908	0.00596894
2.35465	0.528908	0.00604495
2.35749	0.509330	0.00591919
2.36033	0.530852	0.00587871
2.36316	0.540502	0.00591829
2.36599	0.536497	0.00615755
2.36882	0.532643	0.00728664
2.37164	0.535272	0.00820540
2.37446	0.531881	0.00725184
2.37727	0.530766	0.00649453
2.38008	0.524159	0.00618135
2.38288	0.521689	0.00612692
2.38568	0.519755	0.00619871
2.38848	0.516664	0.00624149
2.39127	0.512789	0.00617706
2.39406	0.519866	0.00621363
2.39685	0.518300	0.00621042
2.39963	0.513139	0.00614216
2.40241	0.527335	0.00619487
2.40519	0.523588	0.00628405
2.40796	0.511017	0.00632301
2.41073	0.521243	0.00634424
2.41350	0.510889	0.00651629
2.41626	0.501376	0.00674221
2.41902	0.513410	0.00729036
2.42178	0.500311	0.00678973
2.42454	0.509164	0.00663165
2.42730	0.503852	0.00644140
2.43005	0.498451	0.00654622
2.43280	0.501558	0.00705776
2.43555	0.498790	0.00738872
2.43830	0.500504	0.00739765
2.44104	0.483737	0.00717353
2.44379	0.506078	0.00735508
2.44654	0.497663	0.00844248
2.44928	0.485515	0.00933836
2.45202	0.484828	0.00975927
2.45477	0.490429	0.00856730
2.45751	0.493714	0.00785001
2.46025	0.488287	0.00776319
2.46300	0.485593	0.00779848
2.46574	0.472087	0.00771132
2.46849	0.459788	0.00790683
2.47124	0.428685	0.00834179
2.47399	0.431214	0.00844996
2.47674	0.414879	0.00844105
2.47949	0.417548	0.00835588
2.48224	0.421783	0.00913351
2.48500	0.435062	0.0100431
2.48776	0.422453	0.0103650
2.49052	0.381608	0.0103390
2.49329	0.378475	0.0105692
2.49606	0.406093	0.0101904
2.49884	0.399894	0.00974142
2.50162	0.406443	0.00964168
2.50440	0.397803	0.0103046
2.50719	0.394796	0.0111629
2.50999	0.382083	0.0119354
2.51279	0.384461	0.0129150
2.51560	0.388169	0.0151288
2.51841	0.397685	0.0163008
2.52124	0.364621	0.0157946
2.52407	0.390866	0.0154164
2.52691	0.369433	0.0161342
2.52975	0.341601	0.0199254
2.53261	0.413857	0.0249849
2.53548	0.404829	0.0290022
2.53835	0.393550	0.0287400
2.54124	0.411305	0.0268884
2.54414	0.389368	0.0299809
2.54705	0.408239	0.0373194
2.54997	0.345958	0.0469705
2.55290	0.354141	0.0504113
2.55585	0.408288	0.0451449
2.55881	0.408140	0.0346455
