#  ----------------------------------------------------------------------------------
# SpeX prism spectrum of 2MASS J01414839-1601196 (J01414839-1601196)
# Originally observed on 2005 Oct 18
# Average resolution = 120
# Originally published in Kirkpatrick et al. (2010) ApJS, 190, 100
#
# PLEASE CITE THE ORIGINAL DATA REFERENCE WHEN PUBLISHING OR PRESENTING THESE DATA
#
# Near infrared spectral type: L7:
# J magnitude = 16.209
# H magnitude = 15.161
# Ks magnitude = 14.344
#
#  Wavelength (micron)   F_lambda (normalized)  Noise (normalized as F_lambda)
#  ----------------------------------------------------------------------------------
0.650794	4.25601	1.84824
0.653010	0.355319	0.364538
0.655215	0.466347	2.06284
0.657410	0.452714	1.39645
0.659597	0.156018	0.561940
0.661775	0.927757	1.14805
0.663946	2.88609	1.08549
0.666111	1.27114	0.701725
0.668272	-0.295251	0.850840
0.670427	-0.335252	0.520687
0.672580	-0.328148	0.870984
0.674729	1.05670	0.888204
0.676877	0.137350	0.411527
0.679024	-0.0434617	0.595185
0.681171	0.0392632	0.529442
0.683319	0.583936	0.630909
0.685467	-0.188641	0.466689
0.687618	0.359660	0.552069
0.689771	0.547384	1.27170
0.691928	0.538472	0.415867
0.694089	1.43712	0.392904
0.696255	0.680519	0.563376
0.698426	0.830594	0.136980
0.700603	-0.334079	0.606673
0.702787	-0.391096	0.224018
0.704977	0.894062	0.579714
0.707176	-0.00101895	0.443539
0.709383	0.440467	0.352387
0.711599	1.29895	0.711417
0.713824	0.104889	0.306719
0.716059	0.941096	0.368522
0.718304	0.577848	0.495957
0.720560	0.227410	0.487778
0.722827	0.0671948	0.157659
0.725106	0.642539	0.121967
0.727398	1.38775	0.412799
0.729702	0.147102	0.263556
0.732018	0.196641	0.218874
0.734349	0.0715363	0.191691
0.736692	0.788117	0.204749
0.739050	0.0926484	0.374014
0.741423	0.506130	0.175571
0.743810	0.424130	0.153895
0.746212	0.170005	0.0983653
0.748630	0.285503	0.253606
0.751063	0.0811440	0.0759926
0.753513	0.285860	0.199811
0.755978	0.0274381	0.111768
0.758460	0.0621795	0.160378
0.760959	0.0187425	0.237330
0.763475	0.159438	0.190206
0.766008	-0.0384180	0.0891417
0.768559	-0.286422	0.254637
0.771127	0.130407	0.183221
0.773713	-0.255094	0.106197
0.776317	0.314511	0.149007
0.778939	0.134007	0.188366
0.781580	0.170095	0.139762
0.784239	0.412456	0.106851
0.786917	0.310202	0.147255
0.789613	0.311994	0.257270
0.792328	0.123319	0.155377
0.795063	0.0609969	0.163124
0.797816	0.221890	0.102630
0.800589	0.0458626	0.0980228
0.803381	0.231516	0.145094
0.806193	0.279094	0.0626680
0.809023	0.352313	0.129416
0.811874	0.170749	0.261200
0.814744	0.244951	0.130034
0.817633	0.449409	0.0952701
0.820542	0.0128712	0.0846513
0.823471	0.341514	0.0590791
0.826420	0.282003	0.0917282
0.829388	0.135217	0.0512307
0.832376	0.228052	0.0667625
0.835384	0.0912212	0.130873
0.838411	0.117671	0.135629
0.841458	0.533665	0.0798770
0.844525	0.350601	0.0324841
0.847611	0.254032	0.0384402
0.850717	0.187507	0.0470565
0.853843	0.197889	0.144123
0.856988	0.337585	0.0366660
0.860153	0.266358	0.140680
0.863337	0.266836	0.0968351
0.866540	0.160325	0.137060
0.869763	0.258028	0.0585052
0.873004	0.198914	0.0580509
0.876265	0.216637	0.114392
0.879546	0.317179	0.104176
0.882845	0.342295	0.131412
0.886162	0.0159685	0.159682
0.889499	0.309764	0.0974640
0.892854	0.394794	0.0829266
0.896228	0.187842	0.0400814
0.899620	0.137236	0.0884547
0.903031	0.123367	0.0213154
0.906460	0.287869	0.0398386
0.909907	0.110526	0.0419995
0.913372	0.324647	0.0606086
0.916854	0.228967	0.0646036
0.920355	0.376434	0.0680782
0.923872	0.364222	0.0759502
0.927408	0.256921	0.0761405
0.930960	0.381578	0.108304
0.934530	0.299027	0.116235
0.938116	0.305929	0.0472582
0.941719	0.441853	0.0781666
0.945339	0.335004	0.106691
0.948976	0.405058	0.114038
0.952628	0.489392	0.0505302
0.956297	0.446206	0.0310026
0.959982	0.456275	0.105727
0.963682	0.482844	0.0454665
0.967398	0.466732	0.0381471
0.971130	0.580554	0.0506874
0.974876	0.580715	0.0585392
0.978638	0.423478	0.0542005
0.982415	0.493561	0.0332838
0.986206	0.451556	0.0692775
0.990012	0.483747	0.0196940
0.993832	0.406213	0.0549965
0.997666	0.452498	0.0291077
1.00151	0.516414	0.0583362
1.00538	0.573470	0.0527679
1.00925	0.555349	0.0683154
1.01314	0.488535	0.0323893
1.01704	0.541807	0.0683305
1.02096	0.563295	0.0470463
1.02488	0.587431	0.0468357
1.02882	0.533108	0.0173129
1.03278	0.478528	0.0903887
1.03674	0.562545	0.0681853
1.04072	0.621812	0.0229644
1.04470	0.625547	0.0224201
1.04870	0.625836	0.0185802
1.05272	0.633692	0.0285689
1.05674	0.618737	0.0779009
1.06077	0.656272	0.0309769
1.06481	0.694847	0.0743138
1.06887	0.607123	0.0574818
1.07293	0.768217	0.0445471
1.07700	0.716950	0.0443881
1.08109	0.735383	0.0514109
1.08518	0.840210	0.0352080
1.08929	0.607214	0.0615533
1.09340	0.730075	0.0441765
1.09752	0.704259	0.0621781
1.10165	0.754127	0.0462076
1.10579	0.727113	0.0511293
1.10993	0.712827	0.0361840
1.11409	0.694613	0.0210786
1.11825	0.625391	0.0394295
1.12242	0.710919	0.0680023
1.12660	0.732630	0.0311568
1.13078	0.736472	0.0467702
1.13498	0.643216	0.0254718
1.13918	0.699689	0.0961638
1.14338	0.688875	0.0507461
1.14759	0.660503	0.0505713
1.15181	0.726049	0.0490519
1.15604	0.859213	0.0115731
1.16027	0.683868	0.0543929
1.16450	0.779240	0.0284286
1.16875	0.739403	0.0163726
1.17299	0.671216	0.0709236
1.17724	0.681416	0.0204497
1.18150	0.713063	0.0367884
1.18576	0.742058	0.0289298
1.19003	0.782205	0.00722672
1.19430	0.811075	0.0328759
1.19857	0.766564	0.0433252
1.20285	0.730971	0.0103891
1.20713	0.855365	0.0280030
1.21142	0.771468	0.0254190
1.21571	0.866158	0.0562095
1.22000	0.929238	0.0846395
1.22430	0.787634	0.0324262
1.22859	0.966064	0.0815723
1.23289	0.933884	0.0663546
1.23720	0.818594	0.0215999
1.24150	0.916960	0.0333252
1.24581	0.801009	0.0446702
1.25012	0.922585	0.0321535
1.25443	0.998494	0.0249893
1.25874	0.987507	0.0199783
1.26305	1.00944	0.0101918
1.26737	0.949597	0.0350258
1.27168	0.979278	0.0645872
1.27600	1.09988	0.0297062
1.28032	0.920681	0.0278131
1.28463	0.995278	0.0200253
1.28895	0.999177	0.0352838
1.29327	0.990236	0.0281029
1.29759	0.994621	0.0385504
1.30190	0.959748	0.0170025
1.30622	0.976473	0.0323374
1.31054	0.977024	0.0352595
1.31486	1.04351	0.0564544
1.31917	1.04338	0.0106869
1.32349	1.00382	0.0218355
1.32780	0.908799	0.0298008
1.33211	0.821758	0.00666788
1.33643	0.601897	0.0294169
1.34074	0.545113	0.0308702
1.34504	0.463041	0.0166593
1.34935	0.499200	0.0295695
1.35366	0.354619	0.0773580
1.35796	0.373195	0.0724849
1.36226	0.418863	0.0268929
1.36656	0.326354	0.0931202
1.37085	0.496726	0.0521256
1.37515	0.468390	0.0746128
1.37944	0.612360	0.0613956
1.38373	0.465226	0.0456155
1.38801	0.531242	0.0427922
1.39230	0.557579	0.0733344
1.39657	0.607623	0.0480738
1.40085	0.596556	0.0308227
1.40512	0.557162	0.112081
1.40939	0.463909	0.0632652
1.41366	0.343610	0.0821401
1.41792	0.382200	0.0652745
1.42218	0.406992	0.0963664
1.42643	0.480494	0.0111614
1.43069	0.427126	0.0707987
1.43493	0.390048	0.0238929
1.43917	0.489873	0.0429403
1.44341	0.405294	0.0274638
1.44765	0.414933	0.0664119
1.45188	0.443761	0.0281850
1.45610	0.476563	0.0417933
1.46032	0.569746	0.00963467
1.46454	0.484338	0.0335370
1.46875	0.580092	0.0222562
1.47296	0.591746	0.0571698
1.47716	0.531277	0.0440633
1.48135	0.560195	0.0623885
1.48555	0.567305	0.0433508
1.48973	0.495934	0.0718509
1.49391	0.613387	0.0592366
1.49809	0.597608	0.0420197
1.50226	0.545637	0.0656353
1.50643	0.538682	0.0340070
1.51058	0.711781	0.0369056
1.51474	0.628986	0.0821931
1.51889	0.678232	0.0278425
1.52303	0.670555	0.0397359
1.52717	0.767529	0.0107957
1.53130	0.770332	0.0227046
1.53543	0.706811	0.0442532
1.53955	0.703434	0.0409408
1.54366	0.805886	0.0414180
1.54777	0.812644	0.0450175
1.55187	0.777711	0.0508724
1.55597	0.915382	0.0402476
1.56006	0.861362	0.0320041
1.56414	0.902692	0.0546998
1.56822	0.797496	0.0355333
1.57229	0.893678	0.0202700
1.57636	0.934634	0.0249360
1.58042	0.910513	0.0594885
1.58447	0.802037	0.0460796
1.58852	0.865743	0.0502082
1.59256	0.880977	0.0440190
1.59659	0.970951	0.0365407
1.60062	0.926729	0.0586309
1.60464	0.908383	0.0176668
1.60866	0.937205	0.0582251
1.61267	0.941847	0.0436632
1.61667	0.874646	0.0185166
1.62067	0.871350	0.0558909
1.62466	0.885034	0.0504768
1.62864	0.942123	0.0369111
1.63262	0.886488	0.0206796
1.63659	0.826442	0.0759092
1.64055	0.898704	0.0414207
1.64451	0.919018	0.0140279
1.64846	0.960569	0.0507000
1.65240	1.04287	0.0610621
1.65634	0.859124	0.0295059
1.66027	0.975206	0.0112812
1.66419	0.955681	0.00710988
1.66811	0.947186	0.0361516
1.67202	1.01396	0.0636883
1.67593	0.984856	0.0535463
1.67982	0.995976	0.0461687
1.68371	0.961322	0.0249700
1.68760	0.908267	0.0575381
1.69148	1.00656	0.0418260
1.69535	0.906131	0.0624634
1.69921	1.00250	0.0404315
1.70307	0.968347	0.0598904
1.70693	0.975625	0.0283250
1.71077	0.938092	0.00605039
1.71461	0.864022	0.0310417
1.71844	0.855088	0.0544069
1.72227	0.929308	0.0295204
1.72609	0.851045	0.0205811
1.72990	0.894863	0.0220508
1.73371	0.865982	0.0280342
1.73751	0.750364	0.0235497
1.74130	0.802768	0.0406641
1.74509	0.717002	0.0337255
1.74887	0.713845	0.0257417
1.75265	0.700537	0.0173679
1.75641	0.678430	0.0137304
1.76018	0.659204	0.0291041
1.76393	0.745780	0.0318735
1.76768	0.588440	0.0183571
1.77142	0.670317	0.0358532
1.77516	0.578874	0.0182196
1.77889	0.587076	0.0232070
1.78262	0.578037	0.0574818
1.78634	0.588573	0.0184682
1.79005	0.487584	0.0463720
1.79375	0.532737	0.0492693
1.79745	0.570683	0.0594277
1.80115	0.521407	0.0317746
1.80484	0.479829	0.0769636
1.80852	0.450227	0.0593952
1.81219	0.457885	0.0299099
1.81587	0.544049	0.0340992
1.81953	0.481991	0.0519786
1.82319	0.604295	0.0575649
1.82684	0.578796	0.0389543
1.83049	0.674143	0.0498712
1.83413	0.412216	0.0377986
1.83776	0.387559	0.0636994
1.84139	0.324269	0.0846552
1.84501	0.435426	0.113904
1.84863	0.283412	0.0470415
1.85224	0.328571	0.116649
1.85585	0.343273	0.197083
1.85945	0.490849	0.0542769
1.86305	0.402351	0.0735959
1.86664	0.480886	0.0989676
1.87022	0.453761	0.0987035
1.87380	0.493765	0.232296
1.87737	0.454669	0.0612530
1.88094	0.410529	0.0651886
1.88450	0.508625	0.0708026
1.88806	0.438534	0.0332939
1.89161	0.380493	0.0328241
1.89516	0.545624	0.0623814
1.89870	0.565742	0.0554093
1.90223	0.620344	0.0600490
1.90576	0.468065	0.0135421
1.90929	0.474457	0.0388025
1.91281	0.385426	0.0912034
1.91632	0.541818	0.0449579
1.91983	0.375424	0.0254247
1.92333	0.610139	0.0462613
1.92683	0.379769	0.0446188
1.93033	0.531850	0.0930497
1.93382	0.459307	0.0304271
1.93730	0.417418	0.0424805
1.94078	0.351393	0.0301839
1.94425	0.468373	0.0312264
1.94772	0.498392	0.0179614
1.95119	0.484533	0.0661182
1.95465	0.541492	0.0709309
1.95810	0.386944	0.0489385
1.96155	0.429063	0.0536060
1.96499	0.404467	0.0477865
1.96843	0.457002	0.0151470
1.97187	0.416681	0.0387017
1.97530	0.423968	0.0263358
1.97872	0.430608	0.0408513
1.98214	0.483153	0.0506376
1.98556	0.430549	0.0124072
1.98897	0.441489	0.00946572
1.99238	0.467603	0.0412066
1.99578	0.411595	0.0442881
1.99917	0.532242	0.0684566
2.00257	0.543742	0.110782
2.00595	0.525630	0.0423657
2.00934	0.393514	0.0539957
2.01271	0.471325	0.0350666
2.01609	0.439613	0.0363766
2.01946	0.421370	0.0327159
2.02282	0.564298	0.0321350
2.02618	0.574926	0.0482068
2.02954	0.474655	0.0187073
2.03289	0.606785	0.0165829
2.03623	0.568027	0.0571294
2.03957	0.477674	0.0531752
2.04291	0.472343	0.0623790
2.04624	0.593676	0.0355670
2.04957	0.519661	0.0248424
2.05289	0.641235	0.0251700
2.05621	0.518726	0.0557201
2.05953	0.558279	0.0192868
2.06284	0.582462	0.0239968
2.06614	0.602852	0.0392547
2.06944	0.616063	0.0486612
2.07274	0.542392	0.0423057
2.07603	0.606416	0.0474809
2.07932	0.643815	0.0393568
2.08260	0.646074	0.0372225
2.08588	0.631716	0.0234418
2.08915	0.648770	0.0118592
2.09242	0.630059	0.0215513
2.09569	0.654143	0.0167030
2.09895	0.621416	0.0269305
2.10220	0.648826	0.0210467
2.10545	0.662992	0.0172590
2.10870	0.691915	0.0171232
2.11194	0.675663	0.0269688
2.11518	0.723658	0.0228412
2.11841	0.668908	0.0426592
2.12164	0.669875	0.0465631
2.12486	0.694611	0.0291730
2.12808	0.618787	0.0343929
2.13130	0.647771	0.0278410
2.13451	0.627145	0.0184684
2.13771	0.657685	0.0173614
2.14091	0.644172	0.0137457
2.14411	0.694799	0.0156037
2.14730	0.642634	0.0186995
2.15049	0.689872	0.0183627
2.15367	0.673085	0.0154580
2.15684	0.700448	0.0319267
2.16002	0.670825	0.0101279
2.16318	0.688631	0.0391168
2.16635	0.701710	0.0155804
2.16951	0.695277	0.0206386
2.17266	0.656804	0.0181360
2.17581	0.640547	0.0109135
2.17895	0.651606	0.0236438
2.18209	0.647540	0.0225495
2.18522	0.658687	0.0454322
2.18835	0.642361	0.0205001
2.19148	0.673303	0.0200244
2.19460	0.609405	0.0389006
2.19771	0.647481	0.0233359
2.20082	0.554671	0.0301807
2.20393	0.574575	0.0213101
2.20703	0.636715	0.0183967
2.21012	0.659752	0.0279862
2.21321	0.619784	0.0217935
2.21630	0.613931	0.0219876
2.21938	0.619983	0.0227273
2.22245	0.693612	0.0186850
2.22552	0.597131	0.0232044
2.22859	0.594512	0.0284464
2.23165	0.675323	0.0250233
2.23470	0.594314	0.0284584
2.23775	0.595916	0.0189059
2.24080	0.645322	0.00721094
2.24384	0.608563	0.0493598
2.24687	0.579268	0.0105942
2.24990	0.608203	0.0230747
2.25292	0.564523	0.0433222
2.25594	0.605431	0.0266212
2.25896	0.602838	0.0163363
2.26197	0.598863	0.0131676
2.26497	0.560560	0.0313510
2.26797	0.626899	0.0342959
2.27096	0.598565	0.0526995
2.27395	0.566124	0.0148508
2.27693	0.599387	0.0277901
2.27991	0.585396	0.0130179
2.28288	0.575756	0.0145009
2.28585	0.577260	0.0152622
2.28881	0.581441	0.0193747
2.29177	0.565111	0.0158960
2.29472	0.517786	0.0268277
2.29767	0.516472	0.0320048
2.30061	0.478678	0.0133202
2.30354	0.470765	0.0276883
2.30647	0.483599	0.0386602
2.30940	0.448136	0.0464384
2.31232	0.424014	0.0169636
2.31524	0.413334	0.0157412
2.31815	0.479923	0.0367459
2.32105	0.440993	0.0218929
2.32395	0.457538	0.0149678
2.32685	0.428043	0.0197269
2.32974	0.423712	0.0184905
2.33262	0.444837	0.0199111
2.33550	0.366566	0.0139819
2.33838	0.418612	0.0200488
2.34125	0.371975	0.0367197
2.34411	0.437220	0.0235822
2.34698	0.460201	0.0192333
2.34983	0.497095	0.0360218
2.35268	0.430938	0.0246805
2.35553	0.465714	0.0277391
2.35837	0.432822	0.0568620
2.36121	0.487450	0.0337192
2.36404	0.441754	0.0345004
2.36687	0.408615	0.0657833
2.36970	0.415841	0.0102246
2.37252	0.465720	0.0277407
2.37533	0.393826	0.0405675
2.37814	0.483231	0.0371391
2.38095	0.419757	0.0369304
2.38375	0.342433	0.0202853
2.38655	0.431797	0.0175201
2.38935	0.412171	0.0498878
2.39214	0.449379	0.0523145
2.39493	0.459278	0.0502904
2.39771	0.444582	0.0246568
2.40050	0.453362	0.0378352
2.40327	0.449681	0.0503262
2.40605	0.441459	0.0288985
2.40882	0.399923	0.0407752
2.41159	0.363474	0.0750173
2.41436	0.476351	0.0143911
2.41712	0.349591	0.0523368
2.41988	0.456989	0.0313258
2.42264	0.442394	0.0289986
2.42540	0.280754	0.0432083
2.42815	0.363235	0.0493402
2.43090	0.384109	0.0363112
2.43365	0.391395	0.0825702
2.43640	0.294236	0.0435358
2.43915	0.412306	0.0618631
2.44190	0.322946	0.0300103
2.44464	0.391187	0.0776027
2.44739	0.398514	0.0372140
2.45013	0.300017	0.0751310
2.45288	0.351230	0.0252801
2.45562	0.330496	0.0385371
2.45836	0.282751	0.0222743
2.46111	0.287210	0.0338773
2.46385	0.297298	0.0825615
2.46660	0.368257	0.0290618
2.46934	0.0282042	0.110030
2.47209	0.337619	0.104427
2.47484	0.326446	0.0547027
2.47759	0.281669	0.0318027
2.48034	0.509244	0.0745798
2.48310	0.430429	0.125897
2.48586	0.320419	0.0403491
2.48862	0.370285	0.137459
2.49138	0.160709	0.0603839
2.49415	0.286827	0.120485
2.49692	0.108543	0.113841
2.49970	0.368916	0.124078
2.50248	0.472915	0.197420
2.50527	0.397660	0.172106
2.50806	0.179861	0.194280
2.51086	0.401341	0.172226
2.51366	0.870750	0.200236
2.51647	0.0960782	0.286402
2.51929	0.153906	0.136888
2.52212	0.0615274	0.196083
2.52495	0.940683	0.150754
2.52779	0.0597010	0.252336
2.53064	0.325812	0.740352
2.53350	-0.0427813	0.409471
2.53637	1.35668	0.536759
2.53925	-0.136724	0.598729
2.54214	0.484012	0.123545
2.54504	-0.615636	0.441621
2.54795	-1.33479	0.878974
2.55088	-1.01424	1.55918
2.55381	0.337281	1.00226
2.55677	-0.536630	1.15829
2.55973	0.271748	0.271809
2.56271	0.620770	0.605141
