#  ----------------------------------------------------------------------------------
# SpeX prism spectrum of DENIS-P J0205.4-1159 (J02052940-1159296)
# Originally observed on 2005 Sep 07
# Average resolution = 120
# Originally published in Burgasser et al. (2010) ApJ, 710, 1142-1169
#
# PLEASE CITE THE ORIGINAL DATA REFERENCE WHEN PUBLISHING OR PRESENTING THESE DATA
#
# Optical spectral type: L7
# Near infrared spectral type: L5.5+/-2
# J magnitude = 14.587
# H magnitude = 13.568
# Ks magnitude = 12.998
#
#  Wavelength (micron)   F_lambda (normalized)  Noise (normalized as F_lambda)
#  ----------------------------------------------------------------------------------
0.662797	2.45718	0.815279
0.664965	0.0406718	0.486234
0.667128	1.23311	1.53536
0.669286	0.0285162	0.268835
0.671440	0.476486	1.01541
0.673591	0.243350	0.853090
0.675740	0.945352	0.794228
0.677887	-0.0162341	0.255824
0.680034	-0.367418	0.497413
0.682181	-0.163263	0.189551
0.684329	1.06226	1.25517
0.686478	-0.0845696	0.285825
0.688630	0.720134	1.34415
0.690785	-0.0347449	0.720220
0.692944	1.28788	0.824810
0.695107	0.616726	0.812023
0.697275	0.0192268	0.947035
0.699449	0.819947	1.05242
0.701629	0.729751	0.582577
0.703816	-0.107573	1.05027
0.706010	0.380651	0.543016
0.708213	0.00782173	0.615921
0.710424	-0.0988724	1.00091
0.712644	0.202134	0.586928
0.714873	0.717702	0.321460
0.717113	-0.0136889	0.318537
0.719363	0.298134	0.385874
0.721625	0.365427	0.924890
0.723898	-0.366527	0.132996
0.726182	0.229219	0.354130
0.728480	0.464363	0.376957
0.730789	0.318043	0.441075
0.733112	-0.129695	0.218232
0.735449	-0.0373129	0.259793
0.737799	0.124889	0.644535
0.740164	0.513346	0.394389
0.742544	0.323341	0.647984
0.744938	-0.123379	0.214286
0.747347	-0.0336003	0.129262
0.749772	0.118052	0.383311
0.752213	0.149939	0.724027
0.754670	0.275150	0.502430
0.757143	-0.281415	0.281410
0.759633	-0.591557	0.591881
0.762140	-0.228954	0.157991
0.764664	-0.139331	0.133114
0.767206	0.380526	0.678958
0.769764	0.202227	0.692567
0.772341	0.331605	0.260859
0.774935	-0.0299741	0.109626
0.777548	0.00141929	0.480091
0.780179	-0.121140	0.245440
0.782828	-0.119132	0.228564
0.785496	-0.112289	0.223439
0.788182	0.425621	0.219965
0.790888	0.311375	0.129604
0.793612	0.146397	0.0907452
0.796355	0.181104	0.299851
0.799118	0.165339	0.147197
0.801900	0.278165	0.350563
0.804701	0.340298	0.188601
0.807521	0.149727	0.0800370
0.810361	0.0808749	0.0495778
0.813221	0.172479	0.154437
0.816100	-0.00630897	0.105464
0.818999	-0.0340703	0.230591
0.821917	0.303979	0.188150
0.824855	0.166100	0.0913085
0.827813	0.179214	0.243493
0.830791	-0.00172488	0.143955
0.833788	0.184751	0.0311778
0.836805	0.234929	0.138649
0.839842	0.147598	0.0880466
0.842898	0.382109	0.0921530
0.845974	0.135346	0.0817374
0.849070	0.365657	0.159076
0.852185	0.218135	0.259283
0.855320	0.181313	0.155600
0.858474	0.152347	0.169827
0.861648	0.360476	0.127774
0.864841	0.238295	0.218247
0.868053	0.209432	0.134750
0.871285	0.146207	0.181707
0.874536	0.181046	0.132273
0.877806	0.284289	0.118165
0.881095	0.227290	0.0779720
0.884403	0.350430	0.135238
0.887729	0.274452	0.298704
0.891075	0.265418	0.183868
0.894439	0.272906	0.146375
0.897821	0.237081	0.0651618
0.901222	0.317988	0.128380
0.904641	0.363520	0.165106
0.908079	0.235497	0.142529
0.911534	0.506563	0.0718316
0.915007	0.443343	0.101808
0.918498	0.408701	0.118871
0.922007	0.328802	0.0685795
0.925533	0.391834	0.112230
0.929076	0.307592	0.0564657
0.932637	0.317836	0.116702
0.936214	0.352468	0.122187
0.939809	0.351812	0.0108945
0.943420	0.448971	0.0590990
0.947047	0.444660	0.0877440
0.950691	0.472483	0.0361275
0.954352	0.439518	0.0235648
0.958028	0.442915	0.0260704
0.961720	0.499859	0.0765386
0.965428	0.558598	0.0780846
0.969151	0.479929	0.0421284
0.972890	0.535178	0.102447
0.976644	0.566640	0.0437305
0.980412	0.696667	0.157179
0.984196	0.587607	0.0784626
0.987994	0.540500	0.0459027
0.991807	0.624498	0.0871669
0.995633	0.426055	0.0653092
0.999474	0.585164	0.0639383
1.00333	0.536424	0.106841
1.00720	0.533660	0.0928333
1.01108	0.522344	0.0674924
1.01497	0.590180	0.0794032
1.01888	0.536037	0.0605120
1.02280	0.453491	0.0820005
1.02674	0.510830	0.00954460
1.03068	0.585412	0.0223668
1.03464	0.622575	0.0369660
1.03861	0.617227	0.0354762
1.04259	0.595800	0.0471153
1.04658	0.608639	0.0429026
1.05059	0.663872	0.0348734
1.05461	0.624224	0.0531415
1.05863	0.708502	0.0146599
1.06267	0.722859	0.0297664
1.06672	0.697189	0.0421799
1.07078	0.732139	0.0495584
1.07485	0.698540	0.0281588
1.07892	0.840865	0.0536008
1.08301	0.766486	0.0311958
1.08711	0.773360	0.0497811
1.09122	0.751092	0.0295702
1.09533	0.752944	0.0322171
1.09946	0.752798	0.0202154
1.10359	0.690639	0.0191522
1.10774	0.704278	0.0243692
1.11189	0.667992	0.0178305
1.11604	0.669688	0.0238716
1.12021	0.684243	0.0176288
1.12438	0.713837	0.0302173
1.12857	0.761726	0.0228287
1.13275	0.732223	0.0505395
1.13695	0.611406	0.00863488
1.14115	0.715820	0.0226836
1.14536	0.719141	0.0157946
1.14958	0.733443	0.0149934
1.15380	0.723690	0.0261076
1.15803	0.724866	0.0201504
1.16226	0.723693	0.0353116
1.16650	0.764770	0.0538942
1.17074	0.690840	0.0131871
1.17499	0.705871	0.0186918
1.17925	0.737958	0.0260271
1.18350	0.746295	0.0198142
1.18777	0.771456	0.0110293
1.19204	0.830215	0.0352687
1.19631	0.780503	0.0287022
1.20059	0.826623	0.0259517
1.20487	0.757242	0.00687872
1.20915	0.824609	0.0277990
1.21344	0.843945	0.0206658
1.21773	0.875293	0.0363789
1.22202	0.899094	0.00628984
1.22632	0.923683	0.00757948
1.23061	0.932088	0.0327467
1.23492	0.930996	0.0338221
1.23922	0.899962	0.00960214
1.24353	0.859504	0.0155755
1.24783	0.860985	0.00653332
1.25214	0.867016	0.0118649
1.25645	0.918504	0.0186391
1.26077	0.967307	0.0195932
1.26508	0.984376	0.0104146
1.26940	1.00294	0.00956062
1.27371	1.03591	0.0781191
1.27803	1.02667	0.0380296
1.28235	0.996235	0.0118009
1.28666	0.971498	0.0251345
1.29098	1.01425	0.0238133
1.29530	0.965956	0.00912168
1.29962	0.992172	0.0139791
1.30394	0.991984	0.00749355
1.30825	1.00242	0.00972747
1.31257	0.997858	0.0192240
1.31689	1.00505	0.0195055
1.32120	0.973533	0.00992060
1.32552	0.907784	0.0184178
1.32983	0.775069	0.00891677
1.33414	0.620762	0.0111670
1.33845	0.505238	0.0203156
1.34276	0.450886	0.0126693
1.34707	0.375465	0.0135730
1.35138	0.386005	0.0146110
1.35568	0.349406	0.0157612
1.35998	0.398269	0.0108215
1.36428	0.397182	0.0178071
1.36858	0.395141	0.0148030
1.37287	0.416341	0.0264584
1.37717	0.395473	0.0256732
1.38146	0.379251	0.0146012
1.38574	0.461635	0.00997688
1.39003	0.429940	0.0266805
1.39431	0.427220	0.0106381
1.39859	0.389545	0.0135618
1.40286	0.424043	0.0157645
1.40713	0.379580	0.0216916
1.41140	0.396236	0.0345792
1.41566	0.385848	0.0200394
1.41992	0.395413	0.0152158
1.42418	0.365599	0.00935657
1.42843	0.359977	0.0122102
1.43268	0.353793	0.0152515
1.43693	0.359480	0.0181524
1.44117	0.405266	0.0142367
1.44540	0.401725	0.0186791
1.44964	0.421726	0.0149259
1.45386	0.451262	0.0145316
1.45809	0.447571	0.0113875
1.46231	0.487961	0.00288224
1.46652	0.474735	0.0166965
1.47073	0.501790	0.0175505
1.47493	0.481045	0.00223055
1.47913	0.522117	0.0173287
1.48333	0.521800	0.0102396
1.48752	0.527622	0.0171157
1.49170	0.530148	0.0130910
1.49588	0.549882	0.0150528
1.50005	0.563826	0.0129967
1.50422	0.598052	0.0150834
1.50838	0.616987	0.0111512
1.51254	0.619328	0.0258325
1.51669	0.641136	0.00297379
1.52084	0.654153	0.0110390
1.52498	0.652744	0.00965739
1.52911	0.694234	0.00796295
1.53324	0.696230	0.00895261
1.53736	0.776856	0.0196080
1.54148	0.756218	0.0360633
1.54559	0.737446	0.0159300
1.54970	0.787725	0.0138797
1.55380	0.761770	0.0170642
1.55789	0.812094	0.0190731
1.56198	0.798369	0.0305993
1.56606	0.808708	0.0147402
1.57014	0.824295	0.00628911
1.57421	0.848094	0.0156593
1.57827	0.857278	0.0105173
1.58233	0.852060	0.0206581
1.58638	0.839587	0.0102675
1.59042	0.856024	0.0114417
1.59446	0.842325	0.0199244
1.59849	0.839663	0.0105391
1.60251	0.843778	0.0196712
1.60653	0.857529	0.0192519
1.61055	0.874903	0.0134140
1.61455	0.865756	0.00580524
1.61855	0.861160	0.0152783
1.62254	0.830699	0.0207874
1.62653	0.846435	0.0102273
1.63051	0.859705	0.0100646
1.63448	0.834796	0.0107410
1.63845	0.848588	0.00903327
1.64241	0.840538	0.0162554
1.64636	0.873132	0.0249777
1.65031	0.891416	0.0173308
1.65425	0.871308	0.0162875
1.65819	0.893503	0.0117433
1.66211	0.871969	0.0104047
1.66604	0.862234	0.0196230
1.66995	0.865639	0.00646074
1.67386	0.875768	0.0164245
1.67776	0.835130	0.00882749
1.68165	0.873383	0.0107079
1.68554	0.864931	0.00996564
1.68942	0.851843	0.0278716
1.69330	0.846937	0.0165676
1.69717	0.874710	0.0104281
1.70103	0.864055	0.0135479
1.70489	0.825868	0.0127966
1.70873	0.820577	0.0113465
1.71258	0.750491	0.00760926
1.71641	0.788161	0.0149120
1.72024	0.773486	0.0170828
1.72407	0.761564	0.0144076
1.72788	0.742339	0.00944226
1.73169	0.706799	0.00895505
1.73550	0.658500	0.00683185
1.73929	0.671347	0.0101659
1.74308	0.636885	0.0172540
1.74687	0.618810	0.0136054
1.75065	0.583688	0.0114896
1.75442	0.578345	0.0100144
1.75818	0.556544	0.00573974
1.76194	0.540197	0.0111042
1.76570	0.514819	0.00712403
1.76944	0.516523	0.0109661
1.77318	0.505280	0.0134485
1.77692	0.479375	0.00316972
1.78064	0.454134	0.0100289
1.78437	0.460943	0.0210726
1.78808	0.424921	0.0237044
1.79179	0.413689	0.0159964
1.79550	0.414703	0.0241757
1.79919	0.412905	0.00740087
1.80288	0.387486	0.0200459
1.80657	0.382674	0.0101238
1.81025	0.400168	0.00914705
1.81392	0.404649	0.0323961
1.81759	0.370203	0.0337918
1.82125	0.410371	0.0232252
1.82491	0.410402	0.00805580
1.82856	0.435369	0.0225463
1.83220	0.382013	0.0218630
1.83584	0.377184	0.0108185
1.83947	0.421031	0.0168383
1.84310	0.329280	0.0194003
1.84672	0.343253	0.0299127
1.85033	0.339888	0.00840664
1.85394	0.343054	0.0134767
1.85754	0.306923	0.0127626
1.86114	0.342712	0.0125474
1.86474	0.321079	0.0153895
1.86832	0.302236	0.0109071
1.87190	0.375086	0.0360951
1.87548	0.325196	0.0406185
1.87905	0.311004	0.0233993
1.88262	0.374556	0.00681461
1.88617	0.386386	0.0169894
1.88973	0.375951	0.0135792
1.89328	0.387295	0.0124990
1.89682	0.377897	0.0155802
1.90036	0.389244	0.0203180
1.90389	0.445211	0.0200823
1.90742	0.452334	0.0166252
1.91094	0.439322	0.0188147
1.91446	0.434029	0.0146112
1.91797	0.449603	0.0247546
1.92148	0.398768	0.00914196
1.92498	0.431628	0.0175565
1.92848	0.358558	0.0127919
1.93197	0.371779	0.0164965
1.93546	0.357092	0.0130751
1.93894	0.364183	0.0127061
1.94241	0.343522	0.00559183
1.94589	0.344400	0.00703687
1.94935	0.348567	0.0116379
1.95281	0.349280	0.0136105
1.95627	0.320478	0.0218110
1.95972	0.338527	0.00681377
1.96317	0.347985	0.0111300
1.96661	0.339504	0.0230108
1.97005	0.357934	0.0192873
1.97348	0.324849	0.00891664
1.97691	0.329727	0.0142569
1.98033	0.355776	0.00884030
1.98375	0.349220	0.00425603
1.98716	0.364168	0.00658181
1.99057	0.383366	0.0133017
1.99398	0.390823	0.00397185
1.99737	0.386739	0.0199134
2.00077	0.336700	0.0265384
2.00416	0.366112	0.0129880
2.00754	0.419743	0.0365829
2.01093	0.373856	0.0251508
2.01430	0.380785	0.00838725
2.01767	0.392121	0.0182437
2.02104	0.409477	0.0124493
2.02440	0.415978	0.00567118
2.02776	0.436605	0.00620143
2.03111	0.447103	0.00485178
2.03446	0.432459	0.0183173
2.03780	0.471707	0.0156646
2.04114	0.446821	0.0135538
2.04448	0.455174	0.0132696
2.04781	0.472133	0.00554668
2.05113	0.473787	0.00763607
2.05446	0.482960	0.0159509
2.05777	0.462905	0.00554350
2.06108	0.497622	0.00764239
2.06439	0.493706	0.0101098
2.06770	0.524878	0.0129547
2.07099	0.515825	0.0113261
2.07429	0.517688	0.00597167
2.07758	0.492462	0.0122795
2.08086	0.506720	0.00671457
2.08414	0.509693	0.00779145
2.08742	0.500295	0.0194487
2.09069	0.531640	0.0150487
2.09396	0.529756	0.00956326
2.09722	0.518702	0.00870820
2.10048	0.528789	0.00726386
2.10373	0.520081	0.00773669
2.10698	0.540560	0.0123550
2.11022	0.536709	0.0156206
2.11346	0.528285	0.00330701
2.11670	0.528685	0.0163821
2.11993	0.550822	0.0127857
2.12316	0.538355	0.00919784
2.12638	0.545069	0.00717777
2.12959	0.544960	0.0108461
2.13281	0.536842	0.00690736
2.13601	0.547904	0.00406585
2.13922	0.530328	0.0103336
2.14242	0.549430	0.00712973
2.14561	0.524032	0.00717660
2.14880	0.522130	0.0132213
2.15198	0.544176	0.0121618
2.15516	0.516727	0.00937770
2.15834	0.505696	0.0103278
2.16151	0.536805	0.00465478
2.16467	0.514733	0.00985136
2.16783	0.515522	0.00646806
2.17099	0.509738	0.00763928
2.17414	0.519023	0.00592976
2.17729	0.499801	0.00276490
2.18043	0.502459	0.00980274
2.18356	0.510788	0.00394747
2.18670	0.491031	0.00767482
2.18982	0.494717	0.00829844
2.19295	0.485693	0.0117583
2.19606	0.500745	0.0143306
2.19918	0.494406	0.00659543
2.20228	0.475380	0.00615239
2.20539	0.484935	0.00698880
2.20848	0.483266	0.0123724
2.21158	0.478320	0.0213072
2.21466	0.485134	0.0125306
2.21775	0.477413	0.00926112
2.22082	0.476940	0.0108501
2.22390	0.471911	0.00195605
2.22696	0.473089	0.00421647
2.23003	0.466769	0.0101137
2.23309	0.476679	0.0129708
2.23614	0.450884	0.0120577
2.23918	0.450842	0.00798771
2.24223	0.467169	0.00699969
2.24526	0.454800	0.00761883
2.24830	0.455832	0.00970056
2.25132	0.474678	0.00685017
2.25434	0.449964	0.00645565
2.25736	0.434502	0.00489314
2.26037	0.449669	0.00397778
2.26338	0.445752	0.00695057
2.26638	0.440148	0.00655908
2.26938	0.424357	0.000983062
2.27237	0.439947	0.00553879
2.27535	0.417488	0.00242049
2.27833	0.422598	0.00557503
2.28131	0.431001	0.0140069
2.28428	0.431150	0.0116344
2.28724	0.429039	0.0109266
2.29020	0.417125	0.00900753
2.29316	0.399358	0.0134051
2.29611	0.370344	0.00786181
2.29905	0.353492	0.00283189
2.30199	0.346054	0.00671444
2.30492	0.333006	0.00362812
2.30785	0.327143	0.00634578
2.31077	0.356371	0.0128553
2.31369	0.345683	0.0121507
2.31661	0.347488	0.00978275
2.31951	0.338615	0.00699920
2.32242	0.338239	0.00284221
2.32531	0.318725	0.0132242
2.32821	0.311239	0.0115694
2.33109	0.320927	0.00682318
2.33398	0.337262	0.00491736
2.33686	0.324606	0.0107428
2.33973	0.331164	0.0117984
2.34260	0.335086	0.0193407
2.34546	0.337035	0.00908626
2.34832	0.332379	0.00636883
2.35117	0.370268	0.00787835
2.35402	0.335383	0.00766578
2.35687	0.333928	0.0136540
2.35971	0.321722	0.00879948
2.36254	0.329651	0.00796687
2.36537	0.321999	0.00444067
2.36820	0.312203	0.00863188
2.37102	0.310199	0.00646189
2.37384	0.331305	0.00804590
2.37665	0.321155	0.00890334
2.37946	0.333056	0.00784958
2.38227	0.312849	0.00838934
2.38507	0.325270	0.0101752
2.38787	0.315553	0.0169702
2.39066	0.328332	0.00488400
2.39345	0.311106	0.0108577
2.39624	0.294322	0.00610113
2.39902	0.328750	0.00485889
2.40180	0.331342	0.0119329
2.40458	0.323148	0.0106176
2.40735	0.302868	0.0101053
2.41012	0.328475	0.00627239
2.41289	0.303263	0.0173606
2.41566	0.303325	0.0100042
2.41842	0.275262	0.0108846
2.42118	0.312371	0.0179990
2.42394	0.310889	0.00657565
2.42669	0.316460	0.0198552
2.42945	0.307508	0.00976457
2.43220	0.268566	0.0113329
2.43495	0.265148	0.0345327
2.43770	0.274047	0.0183950
2.44044	0.267085	0.0138909
2.44319	0.263523	0.0147476
2.44593	0.250102	0.00854255
2.44868	0.269629	0.0124329
2.45142	0.249605	0.0195563
2.45417	0.290583	0.0146430
2.45691	0.256174	0.0107074
2.45965	0.270173	0.0157881
2.46240	0.249710	0.00784616
2.46514	0.241286	0.00929075
2.46789	0.254817	0.0107459
2.47064	0.124168	0.0569313
2.47338	0.268613	0.0148588
2.47613	0.209897	0.0172794
2.47889	0.230278	0.0300781
2.48164	0.233741	0.0141650
2.48440	0.220753	0.0327268
2.48716	0.167459	0.0262993
2.48992	0.184232	0.0272349
2.49269	0.183061	0.0406434
2.49546	0.184140	0.0366801
2.49823	0.213037	0.0127653
2.50101	0.188974	0.0158197
2.50379	0.189922	0.0209737
2.50658	0.238158	0.0360978
2.50938	0.143536	0.0482299
2.51218	0.160561	0.0349074
2.51498	0.210127	0.0369247
2.51780	0.226220	0.0617360
2.52062	0.199498	0.0693236
2.52345	0.192327	0.0154514
2.52628	0.231931	0.0683112
2.52913	0.210045	0.0810531
2.53198	0.205557	0.0899815
2.53485	0.183756	0.0788553
2.53772	0.244249	0.0976752
2.54061	0.0817944	0.0832614
2.54350	0.154963	0.0737109
2.54641	0.00949070	0.155595
2.54933	0.426295	0.354992
2.55226	0.138972	0.362668
2.55520	0.489387	0.101482
2.55816	0.210149	0.221604
2.56113	0.175726	0.0328319
