#  ----------------------------------------------------------------------------------
# SpeX prism spectrum of Gl 337CD (J09121469+1459396)
# Originally observed on 2006 Apr 08
# Average resolution = 120
# Originally published in Burgasser et al. (2010) ApJ, 710, 1142-1169
#
# PLEASE CITE THE ORIGINAL DATA REFERENCE WHEN PUBLISHING OR PRESENTING THESE DATA
#
# Optical spectral type: L8
# Near infrared spectral type: T0
# J magnitude = 15.512
# H magnitude = 14.621
# Ks magnitude = 14.043
#
#  Wavelength (micron)   F_lambda (normalized)  Noise (normalized as F_lambda)
#  ----------------------------------------------------------------------------------
0.650312	-0.666284	0.475235
0.652531	-1.31891	0.378991
0.654738	0.958029	0.354098
0.656936	-0.0755422	0.303308
0.659124	-0.815849	0.288202
0.661304	-0.459464	0.283112
0.663476	-0.137762	0.283576
0.665643	0.0140745	0.280040
0.667804	-0.191818	0.280311
0.669961	-0.160420	0.257255
0.672114	-0.621019	0.268446
0.674264	-0.371735	0.259051
0.676412	-0.165468	0.247123
0.678559	-0.672205	0.255171
0.680706	-0.390959	0.228679
0.682853	0.405830	0.230631
0.685002	-0.105148	0.230825
0.687152	0.0918872	0.219211
0.689305	-0.388058	0.213982
0.691461	0.0814973	0.201663
0.693621	0.230006	0.194704
0.695785	0.453938	0.188725
0.697955	-0.337695	0.204269
0.700131	-0.0567751	0.173529
0.702313	0.0811072	0.181451
0.704502	-0.123545	0.163258
0.706699	0.0347559	0.162049
0.708904	0.158947	0.155321
0.711118	0.369366	0.147839
0.713341	0.367408	0.144723
0.715574	0.246268	0.141507
0.717817	0.242444	0.133945
0.720070	0.142742	0.138409
0.722335	-0.0407600	0.130966
0.724612	-0.111233	0.129520
0.726900	0.316543	0.126262
0.729201	0.0982257	0.121818
0.731515	0.148743	0.117949
0.733843	0.109125	0.118858
0.736184	0.239764	0.114347
0.738538	-0.197558	0.112137
0.740908	-0.0398967	0.107985
0.743292	0.197697	0.105712
0.745691	-0.222560	0.102755
0.748105	-0.129188	0.103008
0.750535	-0.194644	0.0988512
0.752981	-0.0361458	0.0994947
0.755443	0.158741	0.0965730
0.757921	-0.0391926	0.105410
0.760417	-0.197666	0.124541
0.762929	-0.188673	0.131134
0.765458	0.0232375	0.121350
0.768005	-0.0943591	0.107431
0.770569	-0.147968	0.0906819
0.773151	-0.0849566	0.0885139
0.775751	-0.0479184	0.0847196
0.778370	0.173710	0.0803371
0.781006	0.0681193	0.0801826
0.783661	0.0634250	0.0787210
0.786335	-0.0916081	0.0762794
0.789027	-0.0162048	0.0765366
0.791739	-0.00259605	0.0774572
0.794469	-0.170621	0.0794341
0.797218	0.0315205	0.0819966
0.799987	0.216589	0.0819495
0.802775	0.0183875	0.0781428
0.805582	0.288322	0.0785483
0.808409	0.0674442	0.0780177
0.811255	-0.0469440	0.0772790
0.814120	-0.186836	0.0736139
0.817006	0.0954460	0.0715004
0.819911	0.0205232	0.0651186
0.822835	0.103081	0.0696491
0.825779	0.126212	0.0695166
0.828743	0.0559608	0.0684727
0.831727	-0.0288057	0.0642975
0.834731	-0.184652	0.0662709
0.837754	0.259951	0.0742872
0.840796	-0.0598742	0.0732058
0.843859	-0.241616	0.0651264
0.846941	-0.00224364	0.0643343
0.850043	0.222291	0.0575316
0.853164	0.106725	0.0555331
0.856305	0.205566	0.0535224
0.859465	0.0682483	0.0521906
0.862645	0.144112	0.0518970
0.865844	0.229958	0.0512833
0.869063	0.166632	0.0511800
0.872301	0.154122	0.0507912
0.875557	0.194976	0.0509682
0.878833	0.239247	0.0517310
0.882128	0.239610	0.0510877
0.885442	0.139860	0.0510065
0.888775	0.365466	0.0499345
0.892126	0.243805	0.0490949
0.895496	0.141763	0.0487153
0.898884	0.191779	0.0476558
0.902291	0.309378	0.0460166
0.905716	0.320163	0.0495611
0.909159	0.293594	0.0477199
0.912620	0.228460	0.0482976
0.916098	0.311266	0.0473983
0.919595	0.412543	0.0468142
0.923109	0.288320	0.0444420
0.926640	0.315584	0.0448589
0.930189	0.264349	0.0438849
0.933755	0.397683	0.0449497
0.937338	0.298654	0.0447998
0.940937	0.410115	0.0444270
0.944554	0.427522	0.0431665
0.948187	0.325277	0.0424987
0.951836	0.443816	0.0407958
0.955501	0.399863	0.0391060
0.959182	0.429785	0.0394528
0.962879	0.337282	0.0403489
0.966592	0.424713	0.0404435
0.970320	0.465846	0.0409561
0.974063	0.494391	0.0368743
0.977822	0.561988	0.0363420
0.981595	0.552106	0.0362502
0.985384	0.564486	0.0357732
0.989186	0.379105	0.0620462
0.993003	0.558887	0.0625922
0.996834	0.357205	0.0628326
1.00068	0.431453	0.0610731
1.00454	0.340526	0.0583973
1.00841	0.385234	0.0575644
1.01230	0.471724	0.0575778
1.01620	0.496346	0.0593278
1.02011	0.590114	0.0332128
1.02403	0.643818	0.0335547
1.02797	0.676168	0.0329331
1.03192	0.650524	0.0331100
1.03588	0.651115	0.0328109
1.03985	0.602143	0.0320742
1.04384	0.676136	0.0322886
1.04784	0.700287	0.0302571
1.05185	0.690794	0.0286264
1.05586	0.673926	0.0270503
1.05990	0.721840	0.0259314
1.06394	0.723816	0.0259067
1.06799	0.703587	0.0272661
1.07205	0.787652	0.0276201
1.07612	0.749297	0.0286966
1.08020	0.696616	0.0289808
1.08429	0.769337	0.0286932
1.08840	0.758292	0.0295399
1.09251	0.744754	0.0281146
1.09662	0.678365	0.0276250
1.10075	0.691123	0.0273158
1.10489	0.729954	0.0257172
1.10903	0.703649	0.0243782
1.11319	0.653478	0.0236139
1.11735	0.654849	0.0231525
1.12152	0.702007	0.0232561
1.12569	0.661569	0.0242659
1.12988	0.663111	0.0254424
1.13407	0.634840	0.0254902
1.13827	0.618444	0.0266601
1.14247	0.656740	0.0261648
1.14668	0.631020	0.0257904
1.15090	0.720577	0.0261991
1.15512	0.713257	0.0251219
1.15935	0.708907	0.0251448
1.16359	0.708434	0.0234297
1.16783	0.734458	0.0221804
1.17207	0.657048	0.0205864
1.17632	0.668857	0.0195816
1.18058	0.754761	0.0231868
1.18484	0.759160	0.0187729
1.18910	0.815108	0.0186010
1.19337	0.783716	0.0200933
1.19765	0.780878	0.0211715
1.20192	0.854361	0.0214365
1.20621	0.856796	0.0225353
1.21049	0.866967	0.0222249
1.21478	0.879229	0.0222140
1.21907	0.873395	0.0224953
1.22336	0.896466	0.0217477
1.22766	0.930770	0.0222400
1.23196	0.908575	0.0213293
1.23626	0.913555	0.0203358
1.24057	0.918568	0.0195820
1.24487	0.906568	0.0184977
1.24918	0.939132	0.0182329
1.25349	0.965695	0.0193257
1.25780	0.971793	0.0211773
1.26212	0.977706	0.0260055
1.26643	1.01086	0.0295369
1.27075	0.987415	0.0324039
1.27506	0.991105	0.0316705
1.27938	1.01637	0.0271608
1.28370	1.00634	0.0245233
1.28802	1.04881	0.0225391
1.29233	0.996245	0.0212919
1.29665	0.988848	0.0213732
1.30097	0.981600	0.0203869
1.30529	0.985692	0.0205431
1.30960	0.986723	0.0203808
1.31392	0.983642	0.0194552
1.31824	0.969018	0.0185000
1.32255	0.967746	0.0178877
1.32687	0.900174	0.0171763
1.33118	0.748898	0.0165814
1.33549	0.614734	0.0155883
1.33980	0.446193	0.0151661
1.34411	0.352968	0.0152099
1.34842	0.315508	0.0158387
1.35272	0.283438	0.0170517
1.35703	0.294635	0.0190131
1.36133	0.284353	0.0219394
1.36563	0.350771	0.0263973
1.36992	0.359605	0.0248250
1.37422	0.373569	0.0237393
1.37851	0.354617	0.0241370
1.38280	0.397388	0.0234738
1.38709	0.436679	0.0239616
1.39137	0.376145	0.0223587
1.39565	0.367117	0.0226120
1.39993	0.359327	0.0238211
1.40420	0.335431	0.0248228
1.40847	0.370805	0.0257637
1.41274	0.316953	0.0259230
1.41700	0.388935	0.0262992
1.42126	0.292251	0.0217844
1.42551	0.332235	0.0196688
1.42976	0.337487	0.0197389
1.43401	0.374391	0.0203399
1.43826	0.402629	0.0200653
1.44250	0.396927	0.0197355
1.44673	0.383981	0.0210403
1.45096	0.388627	0.0223686
1.45519	0.465866	0.0241991
1.45941	0.499739	0.0235378
1.46363	0.513572	0.0228785
1.46784	0.533181	0.0218541
1.47205	0.500351	0.0207330
1.47625	0.538906	0.0217770
1.48045	0.520820	0.0220806
1.48464	0.567557	0.0229263
1.48883	0.575730	0.0217851
1.49301	0.612887	0.0197377
1.49719	0.601370	0.0190025
1.50136	0.605668	0.0242229
1.50552	0.675983	0.0253691
1.50968	0.662983	0.0254944
1.51384	0.669407	0.0224550
1.51799	0.659344	0.0202285
1.52213	0.692788	0.0223854
1.52627	0.720609	0.0245871
1.53041	0.758965	0.0253882
1.53453	0.793137	0.0237680
1.53865	0.796055	0.0236123
1.54277	0.825951	0.0210508
1.54688	0.811061	0.0206183
1.55098	0.857078	0.0203447
1.55508	0.860285	0.0203682
1.55917	0.858398	0.0216694
1.56326	0.866654	0.0216311
1.56734	0.874853	0.0204906
1.57141	0.878759	0.0185879
1.57548	0.865747	0.0186957
1.57954	0.808353	0.0245669
1.58359	0.844709	0.0261003
1.58764	0.854985	0.0254322
1.59169	0.932015	0.0211437
1.59572	0.880620	0.0310131
1.59975	0.956038	0.0371835
1.60377	0.927277	0.0398997
1.60779	0.929188	0.0439074
1.61180	0.912321	0.0410740
1.61580	0.861089	0.0231275
1.61980	0.919061	0.0227041
1.62379	0.926573	0.0211500
1.62778	0.912844	0.0197159
1.63175	0.878577	0.0188847
1.63573	0.858182	0.0181423
1.63969	0.907871	0.0192272
1.64365	0.842200	0.0195507
1.64760	0.901486	0.0201551
1.65155	0.902369	0.0193929
1.65549	0.933837	0.0172089
1.65942	0.874846	0.0145386
1.66334	0.858254	0.0179852
1.66726	0.867234	0.0226244
1.67117	0.824979	0.0233576
1.67508	0.852683	0.0227020
1.67898	0.898646	0.0290364
1.68287	0.860126	0.0264827
1.68676	0.829991	0.0331387
1.69064	0.817816	0.0354217
1.69451	0.826007	0.0215682
1.69838	0.879901	0.0215979
1.70224	0.830467	0.0201193
1.70609	0.782924	0.0203487
1.70994	0.804858	0.0188493
1.71378	0.800992	0.0178572
1.71761	0.752904	0.0173623
1.72144	0.779283	0.0161611
1.72526	0.752164	0.0160646
1.72908	0.723043	0.0162616
1.73288	0.663410	0.0288121
1.73669	0.670212	0.0294107
1.74048	0.657906	0.0313529
1.74427	0.614685	0.0305384
1.74805	0.673504	0.0279374
1.75183	0.626865	0.0140647
1.75560	0.595673	0.0125083
1.75936	0.584918	0.0154335
1.76312	0.541822	0.0201140
1.76687	0.541525	0.0211916
1.77061	0.557657	0.0200658
1.77435	0.528032	0.0149808
1.77808	0.481011	0.0131590
1.78181	0.458015	0.0149774
1.78553	0.435722	0.0177502
1.78924	0.425458	0.0172956
1.79295	0.398148	0.0182986
1.79665	0.412170	0.0185357
1.80035	0.362871	0.0188715
1.80404	0.365083	0.0197048
1.80772	0.374643	0.0193568
1.81140	0.385622	0.0188520
1.81507	0.339281	0.0183216
1.81874	0.396329	0.0174377
1.82240	0.356266	0.0175585
1.82605	0.367380	0.0187454
1.82970	0.405289	0.0185295
1.83334	0.383484	0.0177513
1.83698	0.384985	0.0186611
1.84061	0.378547	0.0218386
1.84423	0.355334	0.0232134
1.84785	0.346740	0.0241348
1.85146	0.354642	0.0244665
1.85507	0.318732	0.0225425
1.85867	0.299260	0.0194082
1.86227	0.272317	0.0164160
1.86586	0.261853	0.0164192
1.86944	0.281291	0.0251725
1.87302	0.355695	0.0339057
1.87660	0.324401	0.0307894
1.88017	0.364155	0.0231632
1.88373	0.374851	0.0157040
1.88729	0.365597	0.0148095
1.89084	0.391306	0.0144333
1.89439	0.399050	0.0147464
1.89793	0.380474	0.0150448
1.90147	0.400032	0.0173615
1.90500	0.397961	0.0186366
1.90852	0.390436	0.0180156
1.91204	0.395736	0.0160412
1.91556	0.424829	0.0165710
1.91907	0.385919	0.0185614
1.92258	0.402226	0.0200755
1.92608	0.382274	0.0187310
1.92957	0.369939	0.0172229
1.93306	0.379798	0.0146255
1.93655	0.341348	0.0144285
1.94003	0.349823	0.0137024
1.94350	0.328297	0.0126762
1.94697	0.355761	0.0122378
1.95044	0.352330	0.0133733
1.95390	0.339743	0.0153512
1.95735	0.364953	0.0167483
1.96080	0.332891	0.0166850
1.96425	0.351001	0.0164131
1.96769	0.343528	0.0166013
1.97112	0.400011	0.0162474
1.97455	0.378160	0.0156208
1.97798	0.378405	0.0140879
1.98140	0.370349	0.0126615
1.98482	0.379836	0.0106609
1.98823	0.388381	0.0102066
1.99164	0.395850	0.0100430
1.99504	0.386884	0.0131380
1.99844	0.394542	0.0195306
2.00183	0.411180	0.0257517
2.00522	0.360736	0.0289136
2.00860	0.454542	0.0221712
2.01198	0.426966	0.0174482
2.01536	0.445738	0.0168268
2.01873	0.456999	0.0155006
2.02209	0.477353	0.0160502
2.02545	0.462405	0.0162355
2.02881	0.464171	0.0157265
2.03216	0.491543	0.0151016
2.03551	0.478380	0.0142378
2.03885	0.477510	0.0157936
2.04219	0.495180	0.0149454
2.04552	0.506985	0.0150979
2.04885	0.501033	0.0131935
2.05218	0.524511	0.0159315
2.05549	0.513940	0.0173819
2.05881	0.548411	0.0164917
2.06212	0.525434	0.0138452
2.06543	0.534863	0.0113902
2.06873	0.506438	0.0130317
2.07203	0.526291	0.0134112
2.07532	0.539075	0.0127368
2.07861	0.525749	0.0113456
2.08189	0.527719	0.0102841
2.08517	0.533681	0.0107645
2.08844	0.547627	0.0112653
2.09171	0.527101	0.0108826
2.09498	0.537586	0.0101640
2.09824	0.542645	0.00943127
2.10150	0.541443	0.00974416
2.10475	0.532072	0.0106566
2.10800	0.518106	0.0115254
2.11124	0.544413	0.0117618
2.11448	0.533744	0.0119243
2.11771	0.542767	0.0116553
2.12094	0.554487	0.0120451
2.12417	0.542200	0.0118321
2.12739	0.525359	0.0114371
2.13060	0.535885	0.0109633
2.13381	0.529799	0.0100891
2.13702	0.519271	0.00980677
2.14022	0.535063	0.00919206
2.14342	0.524959	0.00917214
2.14661	0.507452	0.0115238
2.14980	0.527695	0.0139244
2.15298	0.530556	0.0146824
2.15616	0.496591	0.0139482
2.15933	0.510363	0.0113524
2.16250	0.533584	0.00991313
2.16566	0.495321	0.00965326
2.16882	0.526163	0.0101901
2.17198	0.504368	0.0101740
2.17513	0.497236	0.0109405
2.17827	0.506254	0.0123142
2.18141	0.507431	0.0124638
2.18455	0.507905	0.0127540
2.18768	0.509517	0.0113761
2.19080	0.474949	0.0116001
2.19392	0.475082	0.0130073
2.19704	0.461887	0.0129453
2.20015	0.472144	0.0131110
2.20326	0.459585	0.0118810
2.20636	0.452045	0.0114009
2.20945	0.444595	0.0125426
2.21254	0.437302	0.0126966
2.21563	0.447428	0.0123241
2.21871	0.456981	0.0116068
2.22179	0.441849	0.0107493
2.22486	0.459395	0.0109021
2.22792	0.438117	0.0116638
2.23099	0.458145	0.0122034
2.23404	0.440714	0.0120176
2.23709	0.427691	0.0115214
2.24014	0.433252	0.0104650
2.24318	0.425144	0.0104801
2.24621	0.427285	0.0106935
2.24924	0.421197	0.0112656
2.25227	0.436613	0.0113344
2.25529	0.414279	0.0111042
2.25831	0.408607	0.0108105
2.26131	0.410028	0.0106296
2.26432	0.417134	0.0106481
2.26732	0.389710	0.0108892
2.27031	0.419808	0.0110541
2.27330	0.399874	0.0112565
2.27629	0.408266	0.0111363
2.27926	0.402288	0.0110379
2.28224	0.407366	0.0107995
2.28521	0.386858	0.0107388
2.28817	0.389260	0.0108501
2.29113	0.381011	0.0110085
2.29408	0.352182	0.0111405
2.29703	0.343300	0.0114302
2.29997	0.335755	0.0113995
2.30291	0.328249	0.0114895
2.30584	0.344183	0.0113478
2.30877	0.329674	0.0111454
2.31169	0.322796	0.0109394
2.31460	0.315840	0.0112344
2.31752	0.305828	0.0116567
2.32042	0.318748	0.0125378
2.32332	0.311604	0.0120283
2.32622	0.327679	0.0115555
2.32911	0.311652	0.0115209
2.33200	0.326457	0.0116404
2.33488	0.304607	0.0116522
2.33776	0.313706	0.0119354
2.34063	0.298398	0.0121119
2.34349	0.304349	0.0123821
2.34636	0.330951	0.0126296
2.34921	0.325172	0.0129576
2.35207	0.322813	0.0132245
2.35491	0.337316	0.0133237
2.35776	0.322176	0.0129774
2.36060	0.334068	0.0128067
2.36343	0.325397	0.0125957
2.36626	0.335053	0.0129122
2.36908	0.319795	0.0139643
2.37191	0.332996	0.0145818
2.37472	0.315000	0.0145248
2.37753	0.321238	0.0137654
2.38034	0.287310	0.0135525
2.38315	0.327050	0.0142002
2.38595	0.324468	0.0154899
2.38874	0.304051	0.0152889
2.39154	0.306064	0.0147343
2.39433	0.298373	0.0141074
2.39711	0.326767	0.0138326
2.39989	0.324498	0.0137483
2.40267	0.315753	0.0136916
2.40545	0.309555	0.0139275
2.40822	0.306156	0.0139488
2.41099	0.291408	0.0140898
2.41376	0.321571	0.0145385
2.41652	0.280588	0.0150189
2.41928	0.311373	0.0152378
2.42204	0.321001	0.0149321
2.42480	0.324577	0.0144749
2.42755	0.312870	0.0143651
2.43031	0.301683	0.0147201
2.43306	0.275541	0.0160164
2.43581	0.300766	0.0165334
2.43856	0.267668	0.0168983
2.44130	0.279307	0.0154962
2.44405	0.301645	0.0162136
2.44679	0.331595	0.0172567
2.44954	0.273113	0.0180816
2.45228	0.260396	0.0174681
2.45503	0.242040	0.0171978
2.45777	0.267351	0.0162438
2.46051	0.287498	0.0170120
2.46326	0.296826	0.0182909
2.46600	0.222955	0.0189504
2.46875	0.197359	0.0171706
2.47150	0.246079	0.0198653
2.47424	0.233533	0.0196017
2.47699	0.243793	0.0189507
2.47975	0.249935	0.0193643
2.48250	0.286626	0.0213399
2.48526	0.242580	0.0232177
2.48802	0.203536	0.0235533
2.49078	0.204142	0.0239992
2.49355	0.236639	0.0241815
2.49632	0.219820	0.0229185
2.49910	0.221338	0.0222656
2.50188	0.254962	0.0223447
2.50466	0.190850	0.0241966
2.50746	0.215153	0.0258863
2.51025	0.205276	0.0270213
2.51305	0.239509	0.0295864
2.51586	0.144329	0.0349218
2.51868	0.219519	0.0347744
2.52150	0.185851	0.0344873
2.52433	0.221013	0.0334180
2.52717	0.188674	0.0373231
2.53002	0.133015	0.0465951
2.53288	0.295290	0.0548836
2.53575	0.253871	0.0611291
2.53862	0.309782	0.0576350
2.54151	0.240616	0.0551162
2.54441	0.171354	0.0636066
2.54732	0.220272	0.0788723
2.55024	-0.149563	0.0971119
2.55318	0.163390	0.0949381
2.55613	0.125990	0.0819278
2.55909	0.356261	0.0636660
2.56206	0.178684	0.0648744
