#  ----------------------------------------------------------------------------------
# SpeX prism spectrum of 2MASSI J0439010-235308 (J04390101-2353083)
# Originally observed on 2004 Nov 08
# Average resolution = 120
# Originally published in Burgasser (2007) ApJ, 659, 655
#
# PLEASE CITE THE ORIGINAL DATA REFERENCE WHEN PUBLISHING OR PRESENTING THESE DATA
#
# Optical spectral type: L6.5
# J magnitude = 14.408
# H magnitude = 13.409
# Ks magnitude = 12.816
#
#  Wavelength (micron)   F_lambda (normalized)  Noise (normalized as F_lambda)
#  ----------------------------------------------------------------------------------
0.649222	-0.0513211	0.00000
0.651447	0.104469	0.0577823
0.653660	0.278154	0.105765
0.655862	-0.00760102	0.00000
0.658054	-0.0284493	0.00000
0.660238	0.0860298	0.0129434
0.662414	0.156602	0.0675465
0.664584	-0.0320678	0.00000
0.666747	0.0414182	0.0633034
0.668906	-0.0162256	0.00000
0.671061	0.176257	0.159206
0.673212	-0.0104084	0.00000
0.675361	0.0862743	0.0574396
0.677509	0.00628374	0.0477789
0.679656	0.0445218	0.0781332
0.681803	0.110204	0.0339210
0.683950	-0.0335810	0.00000
0.686100	0.161857	0.0187173
0.688251	0.158437	0.118311
0.690405	0.0838819	0.0473094
0.692563	0.0191389	0.0498065
0.694726	0.0407257	0.0678634
0.696893	0.100501	0.129330
0.699066	0.00880620	0.0304556
0.701244	0.0991848	0.0377122
0.703430	0.0977086	0.0591532
0.705623	0.0341430	0.0547201
0.707824	0.147036	0.0547776
0.710034	0.238546	0.114433
0.712252	-0.00259214	0.00000
0.714480	0.123805	0.105344
0.716718	0.00334029	0.0935195
0.718966	0.0383223	0.0845330
0.721226	0.0820312	0.0306503
0.723496	0.0995938	0.0414420
0.725779	0.0610359	0.0591513
0.728074	0.160961	0.0400131
0.730382	0.0527060	0.0287986
0.732702	0.0909611	0.0117999
0.735036	0.000210779	0.0157678
0.737384	0.0274398	0.0636541
0.739747	0.0245886	0.0366375
0.742123	0.0260686	0.0123808
0.744515	0.0188127	0.0176947
0.746922	0.0440735	0.0272363
0.749344	0.0797912	0.00932321
0.751782	0.0533690	0.0433965
0.754236	0.0626845	0.0137360
0.756707	-0.00587306	0.00000
0.759194	-0.0395085	0.00000
0.761697	0.0183256	0.0399398
0.764218	0.00398565	0.0289136
0.766756	0.0491923	0.0274656
0.769312	-0.0164859	0.00000
0.771886	0.00722101	0.0149252
0.774477	0.0474369	0.0157846
0.777086	0.0412623	0.0146036
0.779714	0.0344615	0.0248798
0.782360	0.0590855	0.0355412
0.785024	0.0259343	0.0179028
0.787708	0.0375281	0.0277614
0.790410	0.0130093	0.0114625
0.793131	0.0649023	0.0106425
0.795871	0.0288635	0.0331837
0.798630	0.0430880	0.0350266
0.801408	0.0624695	0.0227919
0.804206	-0.00442142	0.00000
0.807023	0.0702346	0.0267379
0.809860	0.111177	0.0122881
0.812716	0.137027	0.0192517
0.815591	0.136752	0.0493461
0.818487	0.175143	0.00968337
0.821402	0.139405	0.0134999
0.824336	0.145337	0.0107957
0.827291	0.156606	0.0107869
0.830265	0.154229	0.00669677
0.833258	0.200992	0.0259055
0.836272	0.173245	0.0245479
0.839305	0.233722	0.0165598
0.842358	0.211087	0.0106062
0.845430	0.251810	0.0179883
0.848523	0.216908	0.0126430
0.851634	0.228191	0.0172995
0.854766	0.215364	0.0137246
0.857917	0.212947	0.0211804
0.861087	0.201039	0.0143082
0.864277	0.185907	0.0107311
0.867486	0.175773	0.0198401
0.870714	0.190997	0.00588218
0.873961	0.157346	0.0205122
0.877228	0.174947	0.0123933
0.880514	0.216652	0.0124776
0.883818	0.201551	0.0174442
0.887142	0.227575	0.00734276
0.890484	0.228119	0.0149937
0.893845	0.228130	0.0122482
0.897224	0.250985	0.0139930
0.900622	0.273348	0.0181947
0.904037	0.239787	0.0119236
0.907472	0.315253	0.0138748
0.910924	0.341428	0.0154433
0.914394	0.355685	0.0130289
0.917882	0.362592	0.0167906
0.921387	0.402878	0.0133575
0.924910	0.404382	0.0175854
0.928450	0.395250	0.0168742
0.932008	0.369116	0.0107961
0.935583	0.432755	0.0122023
0.939174	0.364189	0.0133610
0.942782	0.416809	0.0152687
0.946407	0.446842	0.0141942
0.950048	0.450232	0.0268254
0.953705	0.469870	0.0228397
0.957379	0.461659	0.0149073
0.961068	0.482454	0.0163999
0.964773	0.487290	0.0225991
0.968494	0.501231	0.00979369
0.972230	0.531716	0.0141048
0.975981	0.521458	0.0155509
0.979747	0.549447	0.0144295
0.983528	0.528678	0.00838932
0.987324	0.519709	0.0229406
0.991134	0.468421	0.0100793
0.994958	0.419572	0.0114736
0.998796	0.415917	0.0140583
1.00265	0.437420	0.00994076
1.00651	0.463979	0.0118712
1.01039	0.451817	0.0101626
1.01429	0.475660	0.00495716
1.01819	0.503180	0.0136773
1.02211	0.506386	0.0113339
1.02604	0.513296	0.00954593
1.02998	0.540880	0.00954222
1.03394	0.541190	0.0106345
1.03791	0.573975	0.0109108
1.04189	0.589815	0.0153953
1.04588	0.619636	0.0105098
1.04988	0.630436	0.0174722
1.05390	0.638971	0.0114141
1.05792	0.645089	0.0183358
1.06196	0.660374	0.0106350
1.06600	0.656919	0.0134904
1.07006	0.682901	0.0126761
1.07413	0.686333	0.0129564
1.07820	0.710869	0.0108226
1.08229	0.722652	0.0148772
1.08639	0.750670	0.0212108
1.09049	0.748522	0.0140475
1.09461	0.746493	0.0168744
1.09873	0.730204	0.0168103
1.10286	0.734740	0.0105181
1.10700	0.735284	0.0161915
1.11115	0.724681	0.0178202
1.11531	0.713229	0.0138806
1.11948	0.713570	0.0153245
1.12365	0.722097	0.0125308
1.12783	0.729388	0.0119821
1.13202	0.704118	0.0145372
1.13621	0.666445	0.00872052
1.14041	0.666153	0.0109639
1.14462	0.692045	0.0170977
1.14883	0.737415	0.00765622
1.15305	0.760364	0.0156632
1.15728	0.761057	0.00845903
1.16151	0.749217	0.00961140
1.16575	0.736007	0.00967764
1.16999	0.705556	0.00642273
1.17424	0.682060	0.00807785
1.17850	0.709708	0.00944563
1.18275	0.750160	0.00971492
1.18702	0.796984	0.0105361
1.19128	0.791220	0.0133045
1.19556	0.779956	0.0110240
1.19983	0.765879	0.0110542
1.20411	0.779301	0.00727523
1.20839	0.777912	0.00821573
1.21268	0.841435	0.00687520
1.21697	0.840760	0.0130155
1.22126	0.888668	0.0115190
1.22556	0.904887	0.0120331
1.22986	0.906188	0.00929554
1.23416	0.895144	0.0135341
1.23846	0.863503	0.0134047
1.24277	0.847615	0.0121926
1.24707	0.843685	0.0116677
1.25138	0.872996	0.0143682
1.25569	0.894166	0.0125413
1.26001	0.948339	0.0152570
1.26432	0.979546	0.0107287
1.26864	1.00560	0.0116922
1.27295	0.996508	0.00936269
1.27727	1.02948	0.0102811
1.28158	0.994118	0.0121781
1.28590	1.00632	0.0113783
1.29022	1.02005	0.00497224
1.29454	0.991235	0.0110051
1.29886	0.985876	0.0100327
1.30317	0.986683	0.0108243
1.30749	0.995125	0.0187202
1.31181	0.989015	0.0178913
1.31613	0.991712	0.0111073
1.32044	0.986787	0.0122500
1.32476	0.943939	0.00925113
1.32907	0.858438	0.0117264
1.33338	0.732348	0.0117249
1.33769	0.607715	0.00726751
1.34200	0.521442	0.0145423
1.34631	0.490175	0.0168634
1.35062	0.465845	0.0154410
1.35492	0.469972	0.0237828
1.35922	0.435814	0.0142632
1.36352	0.413629	0.0131700
1.36782	0.391138	0.0321403
1.37212	0.416752	0.0193864
1.37641	0.423486	0.00380624
1.38070	0.432469	0.0104787
1.38499	0.462642	0.0176828
1.38927	0.460364	0.0144947
1.39355	0.461316	0.0115986
1.39783	0.446004	0.00864040
1.40211	0.428658	0.0112944
1.40638	0.417930	0.0131809
1.41065	0.443506	0.0126707
1.41491	0.393589	0.00521542
1.41917	0.413468	0.0140935
1.42343	0.402755	0.0146833
1.42769	0.427302	0.0113223
1.43193	0.408234	0.0107899
1.43618	0.408691	0.0143092
1.44042	0.416737	0.00798850
1.44466	0.423260	0.0114938
1.44889	0.447760	0.0106774
1.45312	0.475571	0.00965811
1.45734	0.497908	0.00306117
1.46156	0.496185	0.0105142
1.46578	0.506282	0.0119568
1.46999	0.508640	0.00633494
1.47419	0.518486	0.00761527
1.47839	0.517779	0.0110255
1.48259	0.550295	0.00917708
1.48678	0.540402	0.0100552
1.49096	0.551059	0.00770338
1.49514	0.576599	0.00770525
1.49932	0.585440	0.00675689
1.50349	0.579930	0.00649841
1.50765	0.623779	0.00653877
1.51181	0.629232	0.00230534
1.51596	0.650898	0.00832730
1.52011	0.671527	0.00987419
1.52425	0.693447	0.00965858
1.52838	0.694502	0.00405452
1.53251	0.708998	0.00548149
1.53664	0.715167	0.00778756
1.54076	0.761398	0.00593516
1.54487	0.759193	0.00605920
1.54898	0.765726	0.00480639
1.55308	0.794561	0.00689036
1.55717	0.800439	0.00626072
1.56126	0.803187	0.0117396
1.56534	0.813232	0.00798531
1.56942	0.817491	0.0109179
1.57349	0.835514	0.00741618
1.57755	0.849827	0.00106835
1.58161	0.836256	0.00553142
1.58566	0.815675	0.00511376
1.58971	0.819651	0.00316853
1.59375	0.834783	0.00770450
1.59778	0.846687	0.00699435
1.60181	0.855383	0.00736694
1.60583	0.863584	0.0109781
1.60984	0.838194	0.00557317
1.61385	0.842482	0.00483563
1.61785	0.847534	0.0112861
1.62184	0.856938	0.00679134
1.62583	0.850860	0.00338535
1.62981	0.851339	0.00417726
1.63378	0.851958	0.00778634
1.63775	0.849752	0.00998300
1.64171	0.863592	0.00701674
1.64567	0.884143	0.00990040
1.64962	0.875668	0.00708132
1.65356	0.889615	0.00492142
1.65749	0.897587	0.00482332
1.66142	0.889139	0.00361199
1.66535	0.878815	0.0162931
1.66926	0.876456	0.0108828
1.67317	0.864340	0.00397926
1.67707	0.880534	0.00419842
1.68097	0.892263	0.00834319
1.68486	0.879860	0.00357455
1.68874	0.874384	0.00552014
1.69262	0.843662	0.00738480
1.69649	0.864726	0.00398013
1.70035	0.861112	0.0100051
1.70421	0.845450	0.00586988
1.70806	0.840139	0.00537452
1.71190	0.835044	0.00553167
1.71574	0.805362	0.00862044
1.71957	0.790764	0.00991916
1.72339	0.779439	0.00952886
1.72721	0.752636	0.00420462
1.73102	0.742701	0.00769576
1.73483	0.716356	0.00613928
1.73862	0.696235	0.0132677
1.74242	0.678325	0.0104427
1.74620	0.658442	0.00293213
1.74998	0.644430	0.00418488
1.75375	0.624030	0.00714735
1.75752	0.606071	0.00313677
1.76128	0.594573	0.00434512
1.76504	0.570799	0.00420720
1.76878	0.559788	0.00360672
1.77252	0.528199	0.00656068
1.77626	0.517327	0.00581891
1.77999	0.502113	0.00442390
1.78371	0.494310	0.00516366
1.78743	0.483773	0.0106441
1.79114	0.469861	0.00225000
1.79484	0.461642	0.00607456
1.79854	0.443762	0.00594079
1.80223	0.434106	0.00242276
1.80592	0.444849	0.0133312
1.80960	0.453454	0.0212873
1.81327	0.455513	0.00848849
1.81694	0.450014	0.0133969
1.82061	0.484437	0.00820923
1.82426	0.474715	0.0105327
1.82791	0.449759	0.0152474
1.83156	0.448870	0.0236683
1.83520	0.407022	0.00958622
1.83883	0.414706	0.0311786
1.84246	0.429793	0.0136429
1.84608	0.357622	0.00608279
1.84970	0.356344	0.0192120
1.85331	0.360463	0.0139282
1.85691	0.328817	0.0248526
1.86051	0.349065	0.0124648
1.86410	0.372690	0.0167996
1.86769	0.356372	0.0117793
1.87127	0.317251	0.0623829
1.87485	0.374601	0.0310491
1.87842	0.375601	0.0187909
1.88199	0.386992	0.0219667
1.88555	0.403374	0.00954524
1.88910	0.414962	0.0139985
1.89265	0.403253	0.00776641
1.89620	0.389030	0.00839688
1.89974	0.395955	0.0357315
1.90327	0.434199	0.0224591
1.90680	0.473992	0.00855142
1.91032	0.424438	0.0171397
1.91384	0.449643	0.00917884
1.91735	0.448383	0.0115824
1.92086	0.474768	0.0124204
1.92436	0.468830	0.0142807
1.92786	0.425952	0.0123420
1.93135	0.424160	0.0153587
1.93484	0.421256	0.00529477
1.93832	0.392127	0.00468207
1.94180	0.400842	0.0114091
1.94527	0.396156	0.00871898
1.94874	0.407348	0.00654571
1.95220	0.386223	0.00846373
1.95566	0.381427	0.00897288
1.95911	0.389437	0.00927004
1.96256	0.373599	0.00695888
1.96600	0.372116	0.00431054
1.96944	0.397680	0.00571608
1.97288	0.402075	0.00766490
1.97630	0.388839	0.0114560
1.97973	0.392403	0.00470296
1.98315	0.393407	0.00316944
1.98656	0.398859	0.00648062
1.98997	0.395000	0.00722663
1.99338	0.402783	0.00518772
1.99678	0.401673	0.00680674
2.00017	0.393241	0.00894009
2.00356	0.374673	0.00843787
2.00695	0.372506	0.00511164
2.01033	0.397023	0.00545258
2.01371	0.400228	0.00964660
2.01708	0.416318	0.00940732
2.02045	0.425944	0.0108300
2.02381	0.435831	0.0119621
2.02717	0.445402	0.00939911
2.03052	0.445830	0.00671334
2.03387	0.454982	0.00698433
2.03722	0.467078	0.00354947
2.04056	0.466493	0.00512862
2.04389	0.470194	0.00370836
2.04722	0.487856	0.00479225
2.05055	0.482019	0.00780099
2.05387	0.477566	0.0108787
2.05719	0.491073	0.00740466
2.06050	0.495522	0.00863376
2.06381	0.491573	0.00789485
2.06711	0.513569	0.0104721
2.07041	0.500520	0.00653003
2.07371	0.521772	0.00684165
2.07700	0.527017	0.00422492
2.08028	0.520709	0.00498396
2.08357	0.522119	0.00392290
2.08684	0.525839	0.00809918
2.09011	0.538715	0.00348631
2.09338	0.546255	0.00583314
2.09665	0.545164	0.00687653
2.09990	0.546242	0.00599498
2.10316	0.551483	0.00430987
2.10641	0.553354	0.00477569
2.10965	0.551445	0.00904641
2.11289	0.562188	0.00895047
2.11613	0.565262	0.00808153
2.11936	0.556379	0.00629753
2.12259	0.568802	0.00529779
2.12581	0.551314	0.00754518
2.12903	0.551081	0.0102562
2.13224	0.558635	0.00696592
2.13545	0.549517	0.00720255
2.13865	0.565823	0.00846104
2.14185	0.557819	0.00753423
2.14505	0.564200	0.00757627
2.14824	0.556923	0.00457093
2.15142	0.554773	0.00731750
2.15460	0.563944	0.0121992
2.15778	0.557226	0.0124623
2.16095	0.544261	0.00545957
2.16411	0.547670	0.00741206
2.16728	0.550553	0.00817390
2.17043	0.540544	0.00823535
2.17359	0.539730	0.0113842
2.17673	0.543912	0.00701530
2.17987	0.547363	0.00538468
2.18301	0.534586	0.00388183
2.18615	0.535006	0.00655133
2.18927	0.543177	0.00909313
2.19240	0.542062	0.00758702
2.19551	0.537950	0.00646766
2.19863	0.534853	0.00461510
2.20174	0.522306	0.00815261
2.20484	0.533589	0.00660343
2.20794	0.526115	0.00597106
2.21103	0.535362	0.00442181
2.21412	0.531640	0.00606271
2.21720	0.523702	0.00503066
2.22028	0.519361	0.00660582
2.22336	0.516559	0.00563671
2.22642	0.516505	0.00542761
2.22949	0.509835	0.00843072
2.23255	0.519745	0.00849554
2.23560	0.516999	0.00926433
2.23865	0.505021	0.00981677
2.24169	0.517253	0.00494161
2.24473	0.500952	0.00595242
2.24776	0.503983	0.00556924
2.25079	0.493654	0.00798424
2.25381	0.506305	0.00788841
2.25683	0.499217	0.00649224
2.25984	0.503962	0.00557068
2.26285	0.492016	0.0102392
2.26585	0.491699	0.00727872
2.26885	0.482214	0.00511968
2.27184	0.487519	0.00534439
2.27483	0.492338	0.00948262
2.27781	0.491614	0.00636952
2.28078	0.471967	0.00850984
2.28375	0.485519	0.00577427
2.28672	0.482185	0.00953784
2.28968	0.483061	0.00697546
2.29264	0.469357	0.00771888
2.29559	0.421476	0.00351133
2.29853	0.395212	0.00818615
2.30147	0.383763	0.00814114
2.30441	0.387291	0.00576343
2.30733	0.378327	0.00603302
2.31026	0.385829	0.00741724
2.31318	0.387140	0.00737100
2.31609	0.395574	0.00757146
2.31900	0.389456	0.0110409
2.32191	0.374410	0.00670209
2.32480	0.377739	0.0105477
2.32770	0.360405	0.00559938
2.33059	0.369805	0.00528133
2.33347	0.381834	0.00803535
2.33635	0.370553	0.00705519
2.33922	0.379842	0.00697973
2.34209	0.367167	0.00796239
2.34496	0.368299	0.0100869
2.34782	0.375497	0.0127917
2.35067	0.386751	0.0118946
2.35352	0.375881	0.00864236
2.35637	0.356800	0.0108263
2.35921	0.357808	0.0104997
2.36204	0.361753	0.00544459
2.36487	0.358766	0.00502270
2.36770	0.371387	0.0115776
2.37053	0.370188	0.00680052
2.37334	0.362710	0.00806794
2.37616	0.362060	0.0111692
2.37897	0.372116	0.00662342
2.38178	0.366934	0.00526144
2.38458	0.360261	0.0134642
2.38738	0.375877	0.0117392
2.39017	0.356105	0.00842282
2.39296	0.371186	0.00435406
2.39575	0.364795	0.00476531
2.39853	0.357584	0.00631512
2.40131	0.361354	0.00670537
2.40409	0.361850	0.0100961
2.40686	0.355164	0.0100590
2.40964	0.356255	0.0141970
2.41240	0.350879	0.00691852
2.41517	0.345966	0.00796274
2.41793	0.311931	0.0119700
2.42069	0.335028	0.0158123
2.42345	0.322214	0.00931494
2.42621	0.327942	0.0117641
2.42896	0.331504	0.0110386
2.43171	0.332984	0.00677763
2.43446	0.313406	0.00915625
2.43721	0.281934	0.0133580
2.43996	0.317102	0.00684402
2.44271	0.314668	0.00604442
2.44545	0.297962	0.0163813
2.44819	0.286794	0.0195212
2.45094	0.280046	0.0140565
2.45368	0.283313	0.0116817
2.45643	0.295627	0.00749129
2.45917	0.281182	0.00400160
2.46191	0.252564	0.00944445
2.46466	0.284021	0.00980422
2.46740	0.288588	0.00886449
2.47015	0.258603	0.0186091
2.47290	0.262264	0.0105967
2.47565	0.248712	0.0115317
2.47840	0.237182	0.0168962
2.48115	0.282410	0.0135647
2.48391	0.241382	0.0116915
2.48667	0.249958	0.0154092
2.48943	0.241641	0.0157662
2.49220	0.262626	0.0102930
2.49497	0.236264	0.00761605
2.49774	0.247342	0.0180170
2.50052	0.239289	0.0336555
2.50330	0.226113	0.0115117
2.50609	0.214129	0.0392456
2.50888	0.247047	0.0184841
2.51168	0.227924	0.0375206
2.51449	0.255816	0.0232018
2.51730	0.226748	0.0396878
2.52012	0.175691	0.0249149
2.52295	0.261323	0.0193710
2.52578	0.133236	0.0713084
2.52863	0.215620	0.110044
2.53148	0.178173	0.117124
2.53434	0.579767	0.158906
2.53721	0.149664	0.125995
2.54010	0.263957	0.0872004
2.54299	0.0773808	0.169645
2.54589	0.0325868	0.0828859
2.54881	-0.416422	0.00000
2.55174	0.701033	0.118664
2.55468	0.0765324	0.132700
2.55764	0.326493	0.270231
