#  ----------------------------------------------------------------------------------
# SpeX prism spectrum of Gliese 417BC (J11122567+3548131)
# Originally observed on 2006 Dec 23
# Average resolution = 120
# Originally published in Burgasser et al. (2010) ApJ, 710, 1142-1169
#
# PLEASE CITE THE ORIGINAL DATA REFERENCE WHEN PUBLISHING OR PRESENTING THESE DATA
#
# Optical spectral type: L4.5
# J magnitude = 14.584
# H magnitude = 13.499
# Ks magnitude = 12.721
#
#  Wavelength (micron)   F_lambda (normalized)  Noise (normalized as F_lambda)
#  ----------------------------------------------------------------------------------
0.651805	0.0293492	0.0608220
0.654016	-0.0445177	0.0578377
0.656217	-0.0918474	0.0504672
0.658408	-0.0850286	0.0462684
0.660590	-0.00213284	0.0443149
0.662765	-0.0165145	0.0441529
0.664934	-0.0647360	0.0441997
0.667096	-0.0225223	0.0444825
0.669254	-0.0379521	0.0422712
0.671409	0.0165464	0.0417656
0.673560	-0.0178262	0.0404686
0.675708	0.111315	0.0420824
0.677856	-0.00109447	0.0375553
0.680003	0.0634445	0.0390567
0.682150	0.0129965	0.0351628
0.684298	0.0181621	0.0383828
0.686447	0.00797494	0.0335042
0.688599	-0.0588501	0.0336594
0.690754	-0.00330202	0.0319782
0.692912	-0.0279421	0.0303610
0.695075	0.0237298	0.0302648
0.697243	-0.0441415	0.0293366
0.699417	0.0386939	0.0269113
0.701597	0.0109349	0.0274713
0.703784	0.0631853	0.0246703
0.705978	0.0285623	0.0237240
0.708181	0.0388699	0.0207246
0.710391	0.0292434	0.0171312
0.712611	0.0432685	0.0110468
0.714841	0.00682288	0.00361063
0.717080	0.0100634	0.00225872
0.719331	0.0140913	0.00650614
0.721592	-0.0229403	0.00943028
0.723864	0.0127798	0.0107771
0.726149	0.0316231	0.0120976
0.728446	0.0113079	0.0119616
0.730756	-0.0151853	0.0121480
0.733079	-0.0191613	0.0126142
0.735415	0.0202813	0.0119948
0.737765	0.00442880	0.0120315
0.740130	0.0262090	0.0116188
0.742509	0.0278473	0.0115990
0.744903	0.00551149	0.0111807
0.747312	-0.0288001	0.0112730
0.749737	0.00719177	0.0106087
0.752177	-0.0661063	0.0109633
0.754634	0.0126882	0.0103026
0.757107	0.00498453	0.0112767
0.759597	-0.0397955	0.0145802
0.762104	-0.0706830	0.0158538
0.764627	-0.0756118	0.0145278
0.767168	-0.0557876	0.0133607
0.769727	-0.0448989	0.0106226
0.772303	-0.0603339	0.00971147
0.774897	-0.0202232	0.00909673
0.777510	-0.0102922	0.00869410
0.780140	0.0305828	0.00878436
0.782789	0.0138340	0.00850805
0.785457	0.0160440	0.00818196
0.788143	0.0360326	0.00811544
0.790848	0.0400671	0.00818636
0.793572	0.00942295	0.00844518
0.796315	0.0348038	0.00929337
0.799078	0.0174950	0.00937679
0.801859	0.0465946	0.00887616
0.804660	0.0482346	0.00928849
0.807480	0.0454776	0.00888731
0.810320	0.0277582	0.00886904
0.813179	0.117205	0.0125549
0.816058	0.0542155	0.00860311
0.818956	0.0902286	0.00683220
0.821875	0.0610038	0.00712652
0.824812	0.166540	0.00991153
0.827770	0.162254	0.00983173
0.830747	0.107517	0.00683475
0.833744	0.170704	0.00871084
0.836761	0.121649	0.00756230
0.839797	0.0947793	0.00749526
0.842853	0.103042	0.00718786
0.845929	0.166048	0.00946590
0.849024	0.115733	0.00666811
0.852139	0.130482	0.00623493
0.855274	0.143104	0.00631211
0.858428	0.164246	0.00633938
0.861601	0.150981	0.00650076
0.864794	0.134848	0.00678013
0.868006	0.124861	0.00650414
0.871238	0.129682	0.00670541
0.874488	0.128683	0.00674490
0.877758	0.146610	0.00695262
0.881046	0.139877	0.00722665
0.884354	0.161666	0.00707841
0.887681	0.170691	0.00690471
0.891026	0.255862	0.00694333
0.894389	0.204335	0.00683868
0.897772	0.209398	0.00677832
0.901172	0.211324	0.00658460
0.904591	0.199961	0.00684646
0.908028	0.232638	0.00700124
0.911483	0.234244	0.00718431
0.914956	0.265485	0.00702652
0.918447	0.275794	0.00704732
0.921955	0.302061	0.00655721
0.925481	0.288485	0.00640616
0.929024	0.299181	0.00629219
0.932585	0.313953	0.00663402
0.936162	0.317564	0.00673833
0.939756	0.348995	0.00681958
0.943367	0.364937	0.00661301
0.946994	0.363274	0.00658438
0.950638	0.391408	0.00636565
0.954298	0.392153	0.00605990
0.957974	0.382724	0.00581164
0.961666	0.378486	0.00622637
0.965374	0.394250	0.00615608
0.969097	0.420919	0.00609808
0.972835	0.431409	0.00578652
0.976589	0.456484	0.00558227
0.980357	0.477431	0.00541541
0.984141	0.456422	0.00540417
0.987939	0.421863	0.00519619
0.991751	0.364385	0.00523574
0.995577	0.338329	0.00519362
0.999418	0.317799	0.00513823
1.00327	0.343059	0.00498917
1.00714	0.367687	0.00483610
1.01102	0.381304	0.00475387
1.01492	0.399354	0.00499107
1.01882	0.414355	0.00500822
1.02274	0.412438	0.00502118
1.02668	0.413344	0.00504182
1.03062	0.443519	0.00503909
1.03458	0.463811	0.00508178
1.03855	0.489930	0.00499365
1.04253	0.518340	0.00497006
1.04653	0.524126	0.00488732
1.05053	0.530129	0.00465002
1.05455	0.525550	0.00438911
1.05857	0.543317	0.00424681
1.06261	0.545715	0.00416421
1.06666	0.559919	0.00434199
1.07072	0.595166	0.00455658
1.07479	0.606994	0.00454700
1.07886	0.635315	0.00487857
1.08295	0.662248	0.00484398
1.08705	0.685683	0.00501013
1.09116	0.692545	0.00495986
1.09527	0.704161	0.00477515
1.09940	0.711576	0.00477075
1.10353	0.697830	0.00460992
1.10767	0.685125	0.00442696
1.11182	0.680710	0.00429545
1.11598	0.668650	0.00431701
1.12015	0.686100	0.00429995
1.12432	0.698638	0.00441887
1.12850	0.695647	0.00466078
1.13269	0.666413	0.00463816
1.13689	0.655526	0.00466062
1.14109	0.659530	0.00475276
1.14530	0.692251	0.00460380
1.14952	0.731644	0.00475050
1.15374	0.754269	0.00468711
1.15796	0.746270	0.00455882
1.16220	0.731100	0.00434884
1.16644	0.717598	0.00456906
1.17068	0.707804	0.00383937
1.17493	0.684683	0.00364186
1.17918	0.699826	0.00354074
1.18344	0.719987	0.00357134
1.18771	0.744618	0.00350984
1.19197	0.729501	0.00357631
1.19625	0.697036	0.00372309
1.20052	0.699729	0.00381368
1.20480	0.700343	0.00394055
1.20909	0.722836	0.00403033
1.21337	0.777091	0.00401750
1.21766	0.809317	0.00411284
1.22196	0.838663	0.00406539
1.22625	0.855066	0.00412301
1.23055	0.866008	0.00406544
1.23485	0.835393	0.00392544
1.23916	0.811659	0.00378287
1.24346	0.800979	0.00361413
1.24777	0.784550	0.00346547
1.25208	0.830639	0.00349684
1.25639	0.879443	0.00360823
1.26070	0.927851	0.00384542
1.26502	0.957272	0.00422908
1.26933	0.983388	0.00472085
1.27365	1.01509	0.00475085
1.27797	1.02228	0.00464583
1.28228	1.00345	0.00433144
1.28660	0.995615	0.00428807
1.29092	0.988675	0.00412910
1.29524	0.990856	0.00415785
1.29955	0.992970	0.00407449
1.30387	1.00051	0.00406562
1.30819	0.981671	0.00448155
1.31251	1.00688	0.00398355
1.31682	1.00201	0.00389202
1.32114	0.994857	0.00383180
1.32545	0.954658	0.00366001
1.32977	0.844908	0.00363390
1.33408	0.725308	0.00322584
1.33839	0.622597	0.00308624
1.34270	0.552450	0.00299036
1.34701	0.531483	0.00322588
1.35131	0.502577	0.00353963
1.35562	0.481282	0.00432540
1.35992	0.479709	0.00514732
1.36422	0.481263	0.00600425
1.36852	0.458288	0.00578104
1.37281	0.479997	0.00536048
1.37710	0.483268	0.00534540
1.38139	0.498815	0.00522092
1.38568	0.526069	0.00522529
1.38996	0.503140	0.00506886
1.39425	0.505471	0.00485017
1.39852	0.475369	0.00500920
1.40280	0.464568	0.00508793
1.40707	0.454458	0.00515537
1.41134	0.437669	0.00503063
1.41560	0.449557	0.00486974
1.41986	0.440393	0.00436992
1.42412	0.446402	0.00401454
1.42837	0.436920	0.00367510
1.43262	0.448211	0.00376469
1.43687	0.446821	0.00377582
1.44111	0.450791	0.00361595
1.44534	0.464930	0.00365414
1.44958	0.481124	0.00388165
1.45380	0.503079	0.00408802
1.45803	0.517818	0.00426572
1.46224	0.517513	0.00406648
1.46646	0.525415	0.00408591
1.47067	0.522865	0.00379447
1.47487	0.531317	0.00391179
1.47907	0.537424	0.00394482
1.48326	0.548647	0.00405266
1.48745	0.557406	0.00407398
1.49164	0.579054	0.00379424
1.49582	0.581880	0.00344237
1.49999	0.602347	0.00380456
1.50416	0.612446	0.00430200
1.50832	0.623410	0.00443209
1.51248	0.635812	0.00431620
1.51663	0.658843	0.00362484
1.52078	0.677331	0.00384144
1.52492	0.692458	0.00410996
1.52905	0.712142	0.00438045
1.53318	0.716796	0.00434818
1.53730	0.738681	0.00419803
1.54142	0.754291	0.00413122
1.54553	0.771395	0.00381102
1.54964	0.785923	0.00389715
1.55374	0.803773	0.00380417
1.55783	0.812498	0.00392040
1.56192	0.812669	0.00407649
1.56600	0.830563	0.00401145
1.57008	0.839922	0.00376479
1.57415	0.857590	0.00355041
1.57821	0.863258	0.00389171
1.58227	0.845918	0.00455718
1.58632	0.840789	0.00451673
1.59036	0.841544	0.00434077
1.59440	0.855612	0.00362271
1.59843	0.876569	0.00380161
1.60246	0.877799	0.00414797
1.60647	0.887160	0.00438771
1.61049	0.866299	0.00450304
1.61449	0.861875	0.00422698
1.61849	0.874802	0.00432851
1.62249	0.881512	0.00420252
1.62647	0.869411	0.00387500
1.63045	0.884608	0.00387649
1.63443	0.884926	0.00366311
1.63839	0.902539	0.00376203
1.64235	0.914976	0.00387530
1.64631	0.935451	0.00399158
1.65025	0.943862	0.00397244
1.65420	0.948576	0.00379603
1.65813	0.946842	0.00343368
1.66206	0.952948	0.00335039
1.66598	0.945196	0.00402746
1.66989	0.940203	0.00438048
1.67380	0.950166	0.00468109
1.67770	0.958737	0.00401542
1.68160	0.965023	0.00339992
1.68549	0.971539	0.00362516
1.68937	0.965966	0.00394102
1.69324	0.958178	0.00403419
1.69711	0.952809	0.00426474
1.70097	0.954245	0.00405660
1.70483	0.942640	0.00399279
1.70868	0.937374	0.00399368
1.71252	0.914665	0.00372707
1.71636	0.892200	0.00367995
1.72019	0.871051	0.00354797
1.72401	0.843484	0.00343229
1.72783	0.834514	0.00343243
1.73164	0.819805	0.00347614
1.73544	0.803968	0.00348314
1.73924	0.780535	0.00356924
1.74303	0.759601	0.00360899
1.74681	0.744010	0.00344856
1.75059	0.718467	0.00319778
1.75436	0.699642	0.00292090
1.75813	0.682014	0.00286696
1.76189	0.672562	0.00354574
1.76564	0.657102	0.00391129
1.76939	0.631350	0.00392507
1.77313	0.606771	0.00349775
1.77686	0.604008	0.00292609
1.78059	0.582255	0.00287390
1.78431	0.571235	0.00330675
1.78803	0.554337	0.00341951
1.79174	0.547613	0.00343127
1.79544	0.541151	0.00365352
1.79914	0.529040	0.00366535
1.80283	0.518318	0.00392116
1.80652	0.509684	0.00408509
1.81019	0.512514	0.00400275
1.81387	0.514662	0.00400043
1.81754	0.509079	0.00406858
1.82120	0.524196	0.00391639
1.82485	0.520665	0.00431715
1.82850	0.512230	0.00447457
1.83215	0.510226	0.00482946
1.83578	0.491755	0.00507518
1.83942	0.475075	0.00543026
1.84304	0.464307	0.00591467
1.84666	0.454053	0.00578504
1.85028	0.472214	0.00604748
1.85389	0.435641	0.00584040
1.85749	0.421722	0.00532028
1.86109	0.408181	0.00465150
1.86468	0.419921	0.00469370
1.86827	0.424582	0.00562750
1.87185	0.432701	0.00790114
1.87543	0.424112	0.00729540
1.87900	0.445178	0.00572515
1.88256	0.447619	0.00431815
1.88612	0.479123	0.00384000
1.88968	0.467769	0.00384925
1.89323	0.483329	0.00393723
1.89677	0.482405	0.00428070
1.90031	0.494188	0.00474559
1.90384	0.500732	0.00516747
1.90737	0.500775	0.00501346
1.91089	0.507018	0.00479294
1.91441	0.525701	0.00445094
1.91792	0.507088	0.00451419
1.92143	0.510056	0.00471611
1.92493	0.506553	0.00463165
1.92843	0.494094	0.00429085
1.93192	0.493090	0.00393079
1.93540	0.482746	0.00354183
1.93889	0.462461	0.00325335
1.94236	0.459064	0.00307175
1.94583	0.460982	0.00298215
1.94930	0.471253	0.00307921
1.95276	0.461779	0.00341743
1.95622	0.464199	0.00378565
1.95967	0.454882	0.00375813
1.96312	0.448918	0.00350505
1.96656	0.465062	0.00345684
1.97000	0.455812	0.00332990
1.97343	0.451235	0.00323890
1.97686	0.445568	0.00305263
1.98028	0.442766	0.00282286
1.98370	0.444816	0.00260001
1.98711	0.442670	0.00242236
1.99052	0.448009	0.00241067
1.99393	0.456842	0.00254997
1.99733	0.466578	0.00349103
2.00072	0.469178	0.00473122
2.00411	0.465085	0.00556583
2.00750	0.441269	0.00518968
2.01088	0.459291	0.00424083
2.01425	0.455183	0.00387705
2.01762	0.458541	0.00366696
2.02099	0.473647	0.00322316
2.02435	0.471707	0.00331137
2.02771	0.482182	0.00315595
2.03106	0.488026	0.00315980
2.03441	0.495914	0.00296797
2.03776	0.508838	0.00313145
2.04110	0.503491	0.00311143
2.04443	0.519543	0.00314484
2.04776	0.519353	0.00311181
2.05109	0.525650	0.00311731
2.05441	0.529109	0.00358738
2.05772	0.539211	0.00351341
2.06104	0.534977	0.00331741
2.06434	0.543106	0.00294425
2.06765	0.551039	0.00289402
2.07095	0.552329	0.00305487
2.07424	0.562593	0.00297948
2.07753	0.567577	0.00285408
2.08081	0.570535	0.00263372
2.08410	0.577703	0.00261893
2.08737	0.586604	0.00271038
2.09064	0.592091	0.00273609
2.09391	0.597686	0.00292468
2.09717	0.607755	0.00257895
2.10043	0.605791	0.00253411
2.10368	0.620194	0.00264903
2.10693	0.617052	0.00274797
2.11018	0.626876	0.00282707
2.11342	0.632405	0.00283734
2.11665	0.632678	0.00288274
2.11988	0.631863	0.00281697
2.12311	0.638284	0.00287943
2.12633	0.646919	0.00282320
2.12955	0.644959	0.00280962
2.13276	0.654354	0.00272080
2.13597	0.656191	0.00268149
2.13917	0.652635	0.00261183
2.14237	0.658964	0.00281528
2.14556	0.663041	0.00267894
2.14875	0.665430	0.00301108
2.15194	0.657329	0.00320083
2.15512	0.663823	0.00324469
2.15829	0.674247	0.00302178
2.16146	0.662128	0.00276306
2.16463	0.667360	0.00268934
2.16779	0.672436	0.00271662
2.17094	0.665035	0.00272086
2.17409	0.671885	0.00274800
2.17724	0.664231	0.00288758
2.18038	0.663677	0.00297276
2.18352	0.660629	0.00302416
2.18665	0.670879	0.00301583
2.18978	0.662645	0.00284043
2.19290	0.665435	0.00301287
2.19602	0.662440	0.00306164
2.19913	0.664732	0.00312902
2.20224	0.655656	0.00307811
2.20534	0.655845	0.00292228
2.20844	0.665336	0.00295093
2.21153	0.661361	0.00307436
2.21462	0.654295	0.00301032
2.21770	0.658690	0.00301681
2.22078	0.646554	0.00297955
2.22385	0.652849	0.00282572
2.22692	0.650406	0.00287587
2.22998	0.649789	0.00299706
2.23304	0.650497	0.00301416
2.23609	0.641680	0.00297676
2.23914	0.639502	0.00287011
2.24218	0.639778	0.00281557
2.24522	0.634305	0.00283161
2.24825	0.634684	0.00288736
2.25128	0.630626	0.00294176
2.25430	0.635789	0.00293101
2.25732	0.628365	0.00291077
2.26033	0.624519	0.00291275
2.26334	0.623898	0.00289926
2.26634	0.625839	0.00292344
2.26933	0.611880	0.00292384
2.27232	0.613098	0.00296440
2.27531	0.617129	0.00298336
2.27829	0.616012	0.00296538
2.28126	0.613445	0.00293699
2.28423	0.610162	0.00292326
2.28720	0.611215	0.00293558
2.29016	0.605354	0.00295962
2.29311	0.555852	0.00291564
2.29606	0.509526	0.00292073
2.29901	0.485213	0.00290612
2.30195	0.485403	0.00294101
2.30488	0.494945	0.00294161
2.30781	0.500396	0.00291000
2.31073	0.496645	0.00284774
2.31365	0.501682	0.00288764
2.31656	0.493393	0.00299061
2.31947	0.491464	0.00351523
2.32237	0.474520	0.00331276
2.32527	0.458552	0.00295459
2.32816	0.446894	0.00291138
2.33105	0.462447	0.00293422
2.33394	0.459229	0.00296065
2.33681	0.469365	0.00301132
2.33969	0.467478	0.00331101
2.34256	0.459978	0.00337507
2.34542	0.465498	0.00344791
2.34828	0.475965	0.00352324
2.35113	0.463696	0.00356967
2.35398	0.450756	0.00357216
2.35683	0.436935	0.00350953
2.35967	0.432822	0.00342774
2.36250	0.439799	0.00338241
2.36533	0.438112	0.00342222
2.36816	0.445504	0.00363607
2.37098	0.445552	0.00383007
2.37380	0.446280	0.00385241
2.37661	0.441053	0.00383838
2.37942	0.442405	0.00400941
2.38223	0.429359	0.00424098
2.38503	0.419296	0.00411812
2.38783	0.422844	0.00385816
2.39062	0.431019	0.00378180
2.39341	0.436019	0.00375247
2.39620	0.428711	0.00371010
2.39898	0.417497	0.00366750
2.40176	0.413812	0.00367112
2.40454	0.412853	0.00377198
2.40731	0.410031	0.00384361
2.41008	0.403212	0.00386206
2.41285	0.387564	0.00400814
2.41562	0.387643	0.00420570
2.41838	0.382100	0.00434793
2.42114	0.388111	0.00424674
2.42390	0.377953	0.00400398
2.42665	0.379196	0.00383289
2.42941	0.379337	0.00382088
2.43216	0.374684	0.00426540
2.43491	0.365040	0.00456234
2.43766	0.355283	0.00473170
2.44040	0.347612	0.00422855
2.44315	0.354855	0.00427449
2.44589	0.345310	0.00465340
2.44864	0.334747	0.00513725
2.45138	0.329765	0.00505396
2.45413	0.330476	0.00495639
2.45687	0.327883	0.00446507
2.45961	0.333148	0.00486626
2.46236	0.327852	0.00513624
2.46510	0.322125	0.00480774
2.46785	0.312467	0.00480060
2.47060	0.314070	0.00535623
2.47334	0.296844	0.00532374
2.47609	0.301694	0.00535847
2.47885	0.297800	0.00528884
2.48160	0.300172	0.00589830
2.48436	0.308979	0.00666195
2.48712	0.294058	0.00698238
2.48988	0.282353	0.00714385
2.49264	0.290420	0.00744859
2.49541	0.282158	0.00701324
2.49819	0.294471	0.00655390
2.50097	0.283031	0.00641705
2.50375	0.281856	0.00700860
2.50654	0.285534	0.00763569
2.50934	0.285049	0.00848893
2.51214	0.265936	0.00912693
2.51494	0.247464	0.0111895
2.51776	0.255998	0.0119079
2.52058	0.258703	0.0113606
2.52341	0.249846	0.0109157
2.52624	0.263914	0.0117751
2.52909	0.246868	0.0150427
2.53194	0.277001	0.0197870
2.53481	0.242614	0.0228000
2.53768	0.237337	0.0231569
2.54056	0.247910	0.0204839
2.54346	0.260681	0.0240622
2.54636	0.225428	0.0306032
2.54928	0.241417	0.0412978
2.55221	0.260733	0.0437073
2.55516	0.192748	0.0374929
2.55812	0.218046	0.0266880
2.56109	0.222836	0.0226844
