#  ----------------------------------------------------------------------------------
# SpeX prism spectrum of SDSSp J125453.90-012247.4 (J12545393-0122474)
# Originally observed on 2003 May 22
# Average resolution = 120
# Originally published in Burgasser et al. (2004) AJ, 127, 2856
#
# PLEASE CITE THE ORIGINAL DATA REFERENCE WHEN PUBLISHING OR PRESENTING THESE DATA
#
# Optical spectral type: T2
# Near infrared spectral type: T2
# J magnitude = 14.891
# H magnitude = 14.09
# Ks magnitude = 13.837
#
#  Wavelength (micron)   F_lambda (normalized)  Noise (normalized as F_lambda)
#  ----------------------------------------------------------------------------------
0.657948	0.00768671	0.0747763
0.660132	0.0470569	0.0349131
0.662308	-0.0237946	0.00000
0.664478	0.0611386	0.0916717
0.666642	-0.133574	0.00000
0.668801	-0.0722537	0.00000
0.670956	-0.118702	0.00000
0.673108	-0.130234	0.00000
0.675257	0.104826	0.0257592
0.677404	0.0658704	0.0330706
0.679551	0.134056	0.105720
0.681698	0.0168545	0.0516790
0.683846	0.107038	0.0287090
0.685995	-0.118705	0.00000
0.688146	-0.116564	0.00000
0.690300	-0.0522315	0.00000
0.692458	-0.0536507	0.00000
0.694620	0.0460422	0.0537667
0.696787	0.0274461	0.0914417
0.698960	0.0129992	0.0716190
0.701138	0.00148886	0.0376183
0.703324	0.00720948	0.0583740
0.705516	-0.00272131	0.00000
0.707717	0.0231009	0.0644953
0.709926	0.0295670	0.0481944
0.712144	0.0681932	0.0345883
0.714371	0.0318678	0.0647545
0.716609	0.0209155	0.0261764
0.718857	-0.0185705	0.00000
0.721115	0.00463617	0.0921175
0.723386	-0.0467757	0.00000
0.725668	0.0941768	0.0266895
0.727962	0.00990758	0.0326845
0.730269	0.0280001	0.0397793
0.732589	0.0482881	0.0327015
0.734923	0.0850599	0.0366459
0.737270	0.0140059	0.0356142
0.739631	0.000128715	0.0133667
0.742007	0.0424226	0.0231554
0.744398	0.0328200	0.0275967
0.746804	0.0318873	0.0198628
0.749226	0.0162445	0.0127084
0.751663	0.0229881	0.0102840
0.754116	-0.0467137	0.00000
0.756586	-0.000444287	0.00000
0.759072	-0.0327630	0.00000
0.761575	-0.00535934	0.00000
0.764095	0.0665493	0.0435273
0.766633	-0.0125481	0.00000
0.769188	-0.00694872	0.00000
0.771760	0.00255449	0.0271908
0.774351	-0.00908851	0.00000
0.776959	-0.0218644	0.00000
0.779586	0.0331438	0.0412285
0.782231	0.00516234	0.0153978
0.784894	-0.0269378	0.00000
0.787577	0.00362239	0.0141573
0.790278	0.0122649	0.0203562
0.792998	-0.00271806	0.00000
0.795737	0.0135167	0.0182415
0.798495	0.0149743	0.0205175
0.801273	0.00996641	0.00503674
0.804070	0.0254763	0.0283006
0.806886	-0.0232631	0.00000
0.809721	-0.00483415	0.00000
0.812577	-0.00643461	0.00000
0.815451	0.0395921	0.0141556
0.818346	0.0385831	0.0171433
0.821260	0.0191719	0.0166675
0.824193	0.0273538	0.0102644
0.827147	0.00882956	0.0130335
0.830120	0.0246701	0.0120677
0.833113	0.0358576	0.0241392
0.836125	0.0462469	0.00915091
0.839157	0.0312847	0.0174159
0.842209	0.0474593	0.0110895
0.845281	0.0587199	0.0218259
0.848372	0.0576139	0.0207707
0.851483	0.0541380	0.0139706
0.854613	0.0412183	0.00575508
0.857763	0.0636428	0.00854442
0.860932	0.0840108	0.0126591
0.864121	0.0710807	0.00592996
0.867329	0.0774434	0.00857059
0.870557	0.0724257	0.00488551
0.873803	0.0809736	0.0149627
0.877069	0.109541	0.00684632
0.880354	0.118581	0.00667191
0.883657	0.101611	0.00965426
0.886980	0.133817	0.0117524
0.890321	0.112072	0.0121650
0.893681	0.124685	0.0193671
0.897059	0.157699	0.0151033
0.900456	0.152646	0.0129864
0.903871	0.190035	0.0116389
0.907304	0.191956	0.0188118
0.910756	0.186277	0.0128680
0.914225	0.185472	0.0159619
0.917712	0.244277	0.0205059
0.921216	0.228006	0.00483378
0.924739	0.241055	0.0130883
0.928278	0.197455	0.0105256
0.931835	0.184997	0.00896884
0.935408	0.240314	0.0357601
0.938999	0.242776	0.0117229
0.942606	0.266534	0.0121808
0.946230	0.305478	0.0121809
0.949871	0.259176	0.00591383
0.953527	0.281309	0.00696243
0.957200	0.283934	0.00589849
0.960889	0.302832	0.0151029
0.964593	0.304971	0.00539018
0.968313	0.349787	0.00750642
0.972048	0.349472	0.00935952
0.975798	0.382880	0.00984218
0.979564	0.408435	0.00285111
0.983344	0.390134	0.0107264
0.987139	0.420847	0.00568798
0.990948	0.419705	0.00903025
0.994772	0.416302	0.0260460
0.998609	0.415977	0.0102449
1.00246	0.411460	0.00467643
1.00633	0.427439	0.00890820
1.01020	0.462025	0.0118571
1.01410	0.474186	0.0135459
1.01800	0.504558	0.0225631
1.02192	0.509339	0.0108358
1.02585	0.536842	0.0122822
1.02979	0.559005	0.00805322
1.03375	0.588808	0.0193400
1.03772	0.600067	0.00883591
1.04169	0.601715	0.00791429
1.04569	0.659124	0.0161016
1.04969	0.644164	0.0100225
1.05370	0.675784	0.0100626
1.05773	0.670598	0.00918117
1.06176	0.694923	0.00730755
1.06581	0.709930	0.0117123
1.06986	0.717018	0.00499257
1.07393	0.724166	0.00980986
1.07801	0.743394	0.00885794
1.08209	0.742520	0.00911308
1.08619	0.738289	0.00943377
1.09029	0.716246	0.0127425
1.09441	0.657542	0.0142084
1.09853	0.600502	0.00534340
1.10266	0.574524	0.00401167
1.10680	0.544680	0.0107219
1.11095	0.502580	0.0137036
1.11511	0.461112	0.0105329
1.11927	0.470975	0.00375626
1.12345	0.478852	0.00387117
1.12763	0.488529	0.0104118
1.13181	0.484378	0.0148483
1.13601	0.434256	0.0177875
1.14021	0.456392	0.00634199
1.14441	0.458541	0.0135380
1.14863	0.493467	0.00814247
1.15285	0.510565	0.00344174
1.15708	0.489493	0.0141251
1.16131	0.474194	0.0219646
1.16554	0.467170	0.00945674
1.16979	0.460711	0.0191300
1.17404	0.465596	0.00925501
1.17829	0.503913	0.00589423
1.18255	0.521481	0.00448462
1.18681	0.598041	0.00526639
1.19108	0.644587	0.0148477
1.19535	0.670444	0.0174052
1.19962	0.701312	0.0205797
1.20390	0.736831	0.00765289
1.20819	0.764726	0.0166311
1.21247	0.787239	0.00311867
1.21676	0.823663	0.00263064
1.22105	0.815653	0.0239267
1.22535	0.867684	0.00814750
1.22965	0.901743	0.00766730
1.23395	0.906139	0.00539340
1.23825	0.906058	0.00845985
1.24256	0.894823	0.00323797
1.24686	0.892003	0.0117935
1.25117	0.909306	0.00827891
1.25549	0.936355	0.00650816
1.25980	0.971668	0.00797057
1.26411	1.02306	0.00547408
1.26843	1.02012	0.0125215
1.27274	1.02028	0.0152080
1.27706	1.02857	0.0122884
1.28138	1.01191	0.0234388
1.28569	0.992779	0.00812030
1.29001	0.993879	0.00737490
1.29433	0.986038	0.0158518
1.29865	0.978792	0.00615032
1.30296	0.972911	0.0274354
1.30728	0.956303	0.00904819
1.31160	0.921288	0.00959685
1.31592	0.901386	0.00573547
1.32023	0.869582	0.0107769
1.32455	0.805305	0.00988136
1.32886	0.666223	0.0182176
1.33317	0.501200	0.0116196
1.33748	0.329801	0.00616836
1.34179	0.234035	0.00557034
1.34610	0.186200	0.00344894
1.35041	0.164135	0.00670794
1.35471	0.138453	0.0175978
1.35902	0.136747	0.00772611
1.36332	0.154071	0.0124835
1.36761	0.143025	0.00385506
1.37191	0.151405	0.00522430
1.37620	0.172448	0.0186356
1.38049	0.199968	0.00764469
1.38478	0.209814	0.0169559
1.38906	0.194030	0.00898535
1.39335	0.180597	0.00834746
1.39762	0.143171	0.00994334
1.40190	0.176968	0.0147034
1.40617	0.178548	0.0102997
1.41044	0.149160	0.0136182
1.41471	0.143140	0.0127506
1.41897	0.148544	0.00132785
1.42322	0.152241	0.00969651
1.42748	0.145140	0.0149634
1.43173	0.134342	0.00803836
1.43597	0.157451	0.00427292
1.44022	0.169284	0.0169740
1.44445	0.181233	0.00876967
1.44869	0.184573	0.00514105
1.45291	0.217098	0.00918911
1.45714	0.212438	0.00332871
1.46136	0.249500	0.00498852
1.46557	0.245763	0.0136461
1.46978	0.249664	0.0117037
1.47399	0.276203	0.0125373
1.47819	0.288149	0.00743245
1.48238	0.280008	0.00414876
1.48657	0.284850	0.00487518
1.49076	0.308150	0.00895623
1.49494	0.318851	0.00802466
1.49911	0.335454	0.00904226
1.50328	0.360131	0.00783228
1.50745	0.365261	0.00915822
1.51161	0.378574	0.0199148
1.51576	0.441962	0.00616843
1.51991	0.437343	0.00789358
1.52405	0.475739	0.0161230
1.52818	0.494870	0.0137804
1.53231	0.535334	0.00447626
1.53644	0.527884	0.0173830
1.54056	0.554952	0.00532747
1.54467	0.592038	0.0138746
1.54878	0.616461	0.0143591
1.55288	0.642130	0.00818077
1.55697	0.637661	0.0133932
1.56106	0.642294	0.00628099
1.56514	0.661063	0.0133640
1.56922	0.675647	0.00691396
1.57329	0.727103	0.00681587
1.57736	0.738839	0.00514781
1.58141	0.741268	0.0136181
1.58547	0.761538	0.0105054
1.58951	0.762747	0.00919975
1.59355	0.768663	0.00576849
1.59758	0.797310	0.00935552
1.60161	0.788373	0.00534450
1.60563	0.773432	0.00818161
1.60964	0.740225	0.00969367
1.61365	0.721447	0.0113275
1.61765	0.703040	0.00624719
1.62165	0.704532	0.00895527
1.62563	0.696974	0.0145912
1.62962	0.675089	0.00214929
1.63359	0.660295	0.00695332
1.63756	0.671581	0.00243560
1.64152	0.677080	0.00576018
1.64548	0.675845	0.00871335
1.64943	0.687937	0.00993859
1.65337	0.686616	0.0101573
1.65730	0.686463	0.00327034
1.66123	0.684133	0.00658675
1.66515	0.675720	0.0164537
1.66907	0.628558	0.0107004
1.67298	0.628670	0.0117318
1.67688	0.609810	0.0189307
1.68078	0.639892	0.00632448
1.68467	0.647823	0.00318927
1.68855	0.663746	0.00282729
1.69243	0.643766	0.00950572
1.69630	0.627494	0.0141298
1.70016	0.612213	0.00429551
1.70402	0.594819	0.00807331
1.70787	0.575307	0.0163794
1.71171	0.570533	0.00506874
1.71555	0.549862	0.00882748
1.71938	0.543828	0.0118252
1.72321	0.535259	0.00472965
1.72702	0.520102	0.00347711
1.73084	0.506436	0.0100153
1.73464	0.481439	0.00323752
1.73844	0.472340	0.0197456
1.74223	0.407771	0.0215941
1.74602	0.418509	0.00625659
1.74980	0.394328	0.00543634
1.75357	0.381629	0.0127710
1.75734	0.364673	0.00496791
1.76110	0.347181	0.0100347
1.76485	0.349265	0.0115535
1.76860	0.317693	0.00900988
1.77234	0.273103	0.00722920
1.77608	0.271438	0.0114961
1.77981	0.270129	0.00292642
1.78353	0.251472	0.00887301
1.78725	0.241535	0.00766357
1.79096	0.239921	0.00557994
1.79466	0.243432	0.00597564
1.79836	0.222687	0.00387993
1.80205	0.213444	0.00554941
1.80574	0.198914	0.0175684
1.80942	0.218285	0.0106278
1.81310	0.221759	0.0166240
1.81677	0.225205	0.0175448
1.82043	0.224614	0.00512416
1.82408	0.228125	0.0114334
1.82774	0.220128	0.00219064
1.83138	0.246094	0.00327360
1.83502	0.203163	0.0140995
1.83865	0.204187	0.0141449
1.84228	0.200579	0.00801513
1.84590	0.196351	0.0111229
1.84952	0.190937	0.00683734
1.85313	0.196401	0.0164813
1.85674	0.191000	0.00954511
1.86033	0.158153	0.00509475
1.86393	0.144616	0.00907049
1.86752	0.160197	0.00581188
1.87110	0.185460	0.0139534
1.87468	0.171114	0.00673137
1.87825	0.192369	0.0164068
1.88181	0.202480	0.0152654
1.88538	0.213632	0.00454555
1.88893	0.202396	0.00948919
1.89248	0.232907	0.00915912
1.89603	0.229419	0.00761010
1.89956	0.246160	0.0117994
1.90310	0.233606	0.00723730
1.90663	0.253903	0.00956106
1.91015	0.244748	0.00585983
1.91367	0.270819	0.0119357
1.91718	0.286777	0.00281265
1.92069	0.269052	0.00560663
1.92419	0.244504	0.0122923
1.92769	0.237845	0.00448767
1.93118	0.219516	0.00942883
1.93467	0.188772	0.00601030
1.93816	0.186540	0.00597809
1.94163	0.163746	0.00686446
1.94511	0.186993	0.00647261
1.94857	0.173223	0.00536245
1.95204	0.190998	0.00564181
1.95549	0.188536	0.00183158
1.95895	0.187717	0.00759426
1.96239	0.168503	0.00508155
1.96584	0.187591	0.00519209
1.96928	0.196147	0.00772967
1.97271	0.196003	0.00678419
1.97614	0.201906	0.0111597
1.97956	0.197328	0.00606216
1.98298	0.197304	0.00764538
1.98640	0.194908	0.00432240
1.98981	0.210203	0.00292641
1.99321	0.213445	0.00446517
1.99661	0.217240	0.00849225
2.00001	0.231695	0.00631351
2.00340	0.225095	0.0119978
2.00678	0.241633	0.0111906
2.01017	0.258697	0.0129557
2.01354	0.230194	0.00384806
2.01692	0.267600	0.00466952
2.02028	0.263545	0.00339096
2.02365	0.264111	0.00567337
2.02700	0.282195	0.0127792
2.03036	0.285837	0.00632470
2.03371	0.302912	0.0113323
2.03705	0.298092	0.0102278
2.04039	0.294726	0.00651739
2.04373	0.319791	0.00554503
2.04706	0.320631	0.00311488
2.05039	0.320612	0.00568007
2.05371	0.331619	0.0120248
2.05703	0.331725	0.0158744
2.06034	0.342274	0.00926915
2.06365	0.354906	0.00786315
2.06695	0.352051	0.00657317
2.07025	0.360720	0.00734137
2.07355	0.362492	0.00466721
2.07684	0.359494	0.00245954
2.08012	0.369848	0.00478623
2.08341	0.366641	0.00116929
2.08668	0.362718	0.00691385
2.08996	0.370927	0.00616898
2.09322	0.360894	0.0141123
2.09649	0.366895	0.00169626
2.09975	0.378458	0.00407494
2.10300	0.374865	0.00268890
2.10625	0.369675	0.00403982
2.10950	0.370830	0.00181233
2.11274	0.384082	0.000589630
2.11597	0.373591	0.00873326
2.11920	0.374643	0.000484317
2.12243	0.377032	0.0132040
2.12565	0.366041	0.00421268
2.12887	0.373325	0.0107604
2.13208	0.365168	0.00734160
2.13529	0.360222	0.00677332
2.13850	0.374651	0.00658639
2.14170	0.363263	0.00394978
2.14489	0.354124	0.00565227
2.14808	0.355704	0.00489841
2.15127	0.347498	0.00766990
2.15445	0.363656	0.00456152
2.15762	0.337251	0.00804507
2.16079	0.341691	0.00424586
2.16396	0.330297	0.00472048
2.16712	0.334835	0.00428208
2.17028	0.329286	0.00538989
2.17343	0.323939	0.00573470
2.17658	0.324938	0.00724842
2.17972	0.313638	0.00498305
2.18286	0.306676	0.00318657
2.18599	0.295172	0.00421701
2.18912	0.291249	0.00456805
2.19224	0.278093	0.00589812
2.19536	0.281321	0.00880052
2.19848	0.243431	0.0160713
2.20159	0.251957	0.00911584
2.20469	0.224505	0.00965662
2.20779	0.213565	0.00986130
2.21088	0.219242	0.00520769
2.21397	0.240118	0.00796944
2.21705	0.229606	0.00419995
2.22013	0.221285	0.00640315
2.22321	0.222983	0.00147959
2.22628	0.231113	0.00284669
2.22934	0.231332	0.00702275
2.23240	0.215666	0.00734359
2.23545	0.226341	0.00462772
2.23850	0.214464	0.00377338
2.24154	0.210799	0.00290301
2.24458	0.210964	0.00197871
2.24762	0.205252	0.00279518
2.25064	0.193562	0.0102286
2.25367	0.202216	0.00656454
2.25668	0.187477	0.00617929
2.25970	0.204799	0.00345997
2.26270	0.190705	0.00484770
2.26571	0.193636	0.00500700
2.26870	0.190067	0.00808278
2.27170	0.174640	0.00780539
2.27468	0.181699	0.00276617
2.27766	0.184043	0.00772619
2.28064	0.180328	0.00357204
2.28361	0.175166	0.00512062
2.28658	0.175095	0.00750198
2.28954	0.175411	0.00596429
2.29249	0.154974	0.00155295
2.29544	0.134870	0.00683569
2.29839	0.130916	0.00697879
2.30133	0.131300	0.00456637
2.30426	0.152713	0.00693435
2.30719	0.141082	0.00885933
2.31012	0.154765	0.0102332
2.31304	0.155478	0.0123002
2.31595	0.144881	0.0159246
2.31886	0.127706	0.00311411
2.32176	0.128154	0.0123282
2.32466	0.119026	0.00652714
2.32756	0.111588	0.00809242
2.33045	0.111820	0.0126983
2.33333	0.110753	0.00601143
2.33621	0.118995	0.00658415
2.33908	0.121076	0.00887969
2.34195	0.111903	0.0110749
2.34482	0.114156	0.00666828
2.34768	0.123400	0.0149691
2.35053	0.120778	0.00818120
2.35338	0.118423	0.00390174
2.35623	0.119249	0.00580885
2.35907	0.137948	0.0134644
2.36191	0.135212	0.00688260
2.36474	0.128542	0.00413937
2.36756	0.130628	0.00816735
2.37039	0.122719	0.0181253
2.37321	0.119000	0.00417972
2.37602	0.119158	0.0135814
2.37883	0.107003	0.0131956
2.38164	0.100617	0.0100805
2.38444	0.134653	0.0160744
2.38724	0.122692	0.00362200
2.39003	0.139848	0.00235539
2.39283	0.120994	0.00504902
2.39561	0.146223	0.00529011
2.39840	0.134137	0.00564779
2.40118	0.148819	0.00865710
2.40396	0.150222	0.00729584
2.40673	0.132163	0.00237117
2.40950	0.138124	0.00394365
2.41227	0.156843	0.0108349
2.41504	0.150851	0.0214828
2.41780	0.138256	0.00451266
2.42056	0.147468	0.00904010
2.42332	0.144087	0.0125689
2.42607	0.148651	0.0115703
2.42883	0.135857	0.0118055
2.43158	0.152943	0.0138710
2.43433	0.161086	0.0129476
2.43708	0.141648	0.00689757
2.43983	0.141031	0.00347000
2.44257	0.133533	0.00580538
2.44532	0.142549	0.00734409
2.44806	0.141810	0.00637430
2.45081	0.154592	0.0114225
2.45355	0.137417	0.0251461
2.45629	0.126183	0.0180517
2.45904	0.112897	0.00454780
2.46178	0.144631	0.0139590
2.46453	0.129461	0.0109452
2.46727	0.140010	0.0243222
2.47002	0.131758	0.0169029
2.47277	0.114349	0.0134718
2.47552	0.112921	0.0135197
2.47827	0.129521	0.0139491
2.48102	0.132443	0.0290936
2.48378	0.146786	0.0152699
2.48654	0.108862	0.0242225
2.48930	0.129654	0.00545906
2.49206	0.118215	0.0148631
2.49483	0.136533	0.0266009
2.49761	0.133444	0.0166028
2.50038	0.136348	0.0392013
2.50317	0.0803227	0.0135882
2.50595	0.0981309	0.0101944
2.50875	0.111310	0.0265213
2.51155	0.157277	0.0136613
2.51435	0.0918667	0.0100771
2.51716	0.112322	0.0254526
2.51998	0.0822367	0.0297988
2.52281	0.127064	0.0544625
2.52565	0.0985932	0.0234409
2.52849	0.0828446	0.0159132
2.53134	0.107641	0.0418895
2.53420	0.177985	0.0795027
2.53707	0.0931729	0.0906528
2.53996	0.0379910	0.0235746
2.54285	0.0713629	0.0518456
2.54575	0.0997739	0.0538692
2.54867	0.165468	0.109941
2.55160	0.208203	0.0902551
2.55454	0.133416	0.135146
2.55749	0.0332885	0.0448787
2.56046	0.120124	0.105134
