#  ----------------------------------------------------------------------------------
# SpeX prism spectrum of SDSSp J132629.82-003831.5 (J13262981-0038314)
# Originally observed on 2005 Mar 24
# Average resolution = 120
# Originally published in Burgasser et al. (2010) ApJ, 710, 1142-1169
#
# PLEASE CITE THE ORIGINAL DATA REFERENCE WHEN PUBLISHING OR PRESENTING THESE DATA
#
# Optical spectral type: L8:
# Near infrared spectral type: L5.5
# J magnitude = 16.103
# H magnitude = 15.05
# Ks magnitude = 14.208
#
#  Wavelength (micron)   F_lambda (normalized)  Noise (normalized as F_lambda)
#  ----------------------------------------------------------------------------------
0.653202	1.28184	1.44162
0.655406	1.70496	2.04399
0.657601	0.994659	1.23387
0.659786	0.342072	0.615020
0.661964	0.402113	0.471973
0.664135	0.310172	0.291410
0.666300	0.650050	0.841459
0.668459	1.31903	1.37826
0.670615	0.0967802	0.208970
0.672767	-0.0662517	0.473255
0.674916	-0.103961	0.504536
0.677064	0.215366	0.240884
0.679211	0.946620	0.405106
0.681358	0.375871	0.146508
0.683505	0.506157	0.481588
0.685654	0.411702	0.310493
0.687805	0.0639163	0.150543
0.689959	0.130335	0.620642
0.692116	0.136254	0.127539
0.694277	0.153284	0.164488
0.696443	0.320457	0.330791
0.698615	0.506829	0.439867
0.700793	-0.0654100	0.138539
0.702977	0.281566	0.173198
0.705168	0.171462	0.164767
0.707368	0.426922	0.0748207
0.709575	0.357697	0.282850
0.711792	0.593081	0.295300
0.714018	-0.0552915	0.195202
0.716254	0.172184	0.0526671
0.718500	0.140434	0.237196
0.720757	0.243781	0.313576
0.723025	0.102306	0.0964345
0.725305	0.114259	0.210728
0.727598	0.139337	0.205797
0.729903	0.0465825	0.0667282
0.732221	-0.121302	0.0328712
0.734552	0.138578	0.192870
0.736897	0.309091	0.202827
0.739256	0.0537199	0.0769308
0.741630	0.0197170	0.0615449
0.744018	0.163144	0.109928
0.746422	0.0507332	0.0149777
0.748841	0.0665083	0.0446212
0.751276	0.0643436	0.0970822
0.753727	-0.154834	0.117739
0.756194	0.0671546	0.159528
0.758677	0.237804	0.0482027
0.761178	0.192400	0.0636223
0.763695	0.125796	0.163520
0.766230	0.0136371	0.0462323
0.768782	0.0806616	0.0830336
0.771351	0.206951	0.164451
0.773939	-0.0294419	0.0318893
0.776545	-0.00487249	0.0972632
0.779168	0.0235332	0.109459
0.781811	0.160871	0.0548049
0.784471	0.107823	0.0386342
0.787151	0.0580439	0.149677
0.789849	0.0966478	0.0490466
0.792566	0.212603	0.0309670
0.795302	0.0356062	0.115254
0.798057	0.0372036	0.0429886
0.800831	0.0833319	0.0586650
0.803625	0.152466	0.0701112
0.806438	0.0679575	0.0370321
0.809271	0.130880	0.0399155
0.812123	0.0966490	0.0388930
0.814994	0.137886	0.0215403
0.817886	0.109096	0.0389457
0.820797	0.0149681	0.0615043
0.823727	0.130953	0.0304997
0.826677	0.183991	0.0415981
0.829647	0.334618	0.0683456
0.832637	0.128869	0.0547834
0.835646	0.176985	0.0512667
0.838675	0.156035	0.0646501
0.841724	0.182045	0.0637238
0.844793	0.138834	0.0413729
0.847881	0.199703	0.0620063
0.850989	0.162367	0.0381743
0.854116	0.184210	0.00784998
0.857263	0.190741	0.0687506
0.860429	0.233289	0.0357869
0.863615	0.134418	0.00910015
0.866820	0.168141	0.0296778
0.870044	0.161987	0.0144146
0.873288	0.136946	0.0628584
0.876550	0.139124	0.0328690
0.879832	0.189431	0.0521243
0.883133	0.143111	0.0262730
0.886452	0.180842	0.0504076
0.889790	0.218163	0.0261387
0.893147	0.175582	0.0311532
0.896523	0.199750	0.0170882
0.899917	0.0947338	0.0537166
0.903329	0.187853	0.0619505
0.906759	0.238254	0.0427381
0.910208	0.241320	0.0224806
0.913674	0.305159	0.0257199
0.917158	0.238782	0.0388191
0.920660	0.291373	0.00984915
0.924179	0.276584	0.0190834
0.927716	0.300423	0.0203403
0.931270	0.338896	0.0281203
0.934841	0.237398	0.0402329
0.938429	0.304288	0.0370340
0.942034	0.348470	0.0129111
0.945655	0.298330	0.0527007
0.949293	0.277416	0.0229251
0.952947	0.386461	0.0219491
0.956617	0.325419	0.0259214
0.960303	0.286671	0.0559958
0.964005	0.391702	0.0239161
0.967722	0.433918	0.0362555
0.971455	0.426157	0.0244169
0.975203	0.483987	0.0364532
0.978966	0.393403	0.0187571
0.982744	0.423331	0.0357739
0.986537	0.388339	0.0230079
0.990344	0.427303	0.0203932
0.994165	0.364111	0.0163269
0.998001	0.367864	0.00948008
1.00185	0.344234	0.0159156
1.00571	0.411833	0.0235151
1.00959	0.396803	0.0183558
1.01348	0.438023	0.0306353
1.01738	0.399717	0.0152878
1.02130	0.437086	0.0344451
1.02523	0.459705	0.0232086
1.02917	0.466465	0.0255849
1.03312	0.478912	0.0511999
1.03709	0.530300	0.0262240
1.04106	0.540788	0.0515251
1.04505	0.514507	0.0535400
1.04905	0.545439	0.0124276
1.05306	0.504009	0.0372084
1.05709	0.524281	0.00910986
1.06112	0.525322	0.0127185
1.06517	0.543602	0.00839266
1.06922	0.614783	0.00406001
1.07328	0.560377	0.0284988
1.07736	0.592389	0.0131019
1.08144	0.580597	0.0256022
1.08554	0.591153	0.00812701
1.08964	0.625197	0.0292680
1.09376	0.568076	0.00656857
1.09788	0.587572	0.0139297
1.10201	0.585854	0.0262117
1.10615	0.601641	0.0155380
1.11029	0.595525	0.0138131
1.11445	0.552480	0.0142564
1.11861	0.569549	0.0129062
1.12278	0.621935	0.00764702
1.12696	0.612082	0.0142777
1.13115	0.615749	0.0459247
1.13534	0.587065	0.0118774
1.13954	0.596968	0.00738386
1.14375	0.598482	0.00968526
1.14796	0.599359	0.0263763
1.15218	0.647213	0.0133474
1.15640	0.636963	0.0272411
1.16064	0.588978	0.0273693
1.16487	0.562470	0.0197096
1.16911	0.610000	0.0127128
1.17336	0.607651	0.00553354
1.17761	0.581526	0.00619652
1.18187	0.633311	0.0169865
1.18613	0.657710	0.00518722
1.19040	0.684535	0.00988580
1.19467	0.715108	0.0165514
1.19895	0.705961	0.0183274
1.20322	0.686990	0.0127673
1.20751	0.715583	0.00983152
1.21179	0.734062	0.0175156
1.21608	0.737457	0.0212342
1.22037	0.768416	0.0261888
1.22467	0.798378	0.0174734
1.22897	0.792087	0.0169639
1.23327	0.828015	0.0104942
1.23757	0.792685	0.0106562
1.24188	0.749172	0.0271346
1.24618	0.786498	0.0117753
1.25049	0.792115	0.00650628
1.25480	0.815379	0.0172977
1.25911	0.844837	0.0135096
1.26343	0.847865	0.0148419
1.26774	0.892446	0.0153438
1.27206	0.921896	0.0155820
1.27637	0.974322	0.0307480
1.28069	0.870999	0.0256923
1.28501	0.908633	0.0129332
1.28933	0.926887	0.0211351
1.29364	0.911160	0.0117919
1.29796	0.908590	0.0229696
1.30228	0.905370	0.0168970
1.30660	0.892774	0.0140980
1.31092	0.908661	0.0282217
1.31523	0.932918	0.0256630
1.31955	0.886598	0.0110845
1.32386	0.893412	0.0107723
1.32818	0.854662	0.0132007
1.33249	0.732338	0.0161822
1.33680	0.654637	0.0175139
1.34111	0.530854	0.0117928
1.34542	0.531464	0.0133984
1.34973	0.522084	0.0199244
1.35403	0.474948	0.0179518
1.35833	0.510374	0.0140924
1.36263	0.550571	0.0429744
1.36693	0.535879	0.0426119
1.37123	0.622055	0.0527549
1.37552	0.553853	0.0135431
1.37981	0.592031	0.0166519
1.38410	0.598227	0.0244746
1.38839	0.552653	0.0156044
1.39267	0.599120	0.0307809
1.39695	0.584650	0.0192102
1.40122	0.523818	0.0305967
1.40550	0.521219	0.0484480
1.40976	0.507664	0.0519513
1.41403	0.449735	0.0259884
1.41829	0.501325	0.0208553
1.42255	0.494479	0.0160544
1.42680	0.482570	0.0265031
1.43106	0.458766	0.00556675
1.43530	0.493054	0.00760101
1.43954	0.516375	0.0177532
1.44378	0.508985	0.0136829
1.44802	0.523625	0.0174224
1.45224	0.550412	0.00710475
1.45647	0.555481	0.00593890
1.46069	0.589163	0.0108280
1.46491	0.539897	0.0443332
1.46912	0.591494	0.0297603
1.47332	0.549538	0.00962647
1.47752	0.551787	0.0154415
1.48172	0.628180	0.0140967
1.48591	0.595436	0.0126822
1.49010	0.568302	0.00747077
1.49428	0.630314	0.0250746
1.49845	0.633414	0.0122179
1.50262	0.649441	0.0343832
1.50679	0.654320	0.0203020
1.51095	0.642020	0.00856488
1.51510	0.694638	0.0427623
1.51925	0.719642	0.0135623
1.52339	0.736491	0.0195311
1.52753	0.735014	0.0227257
1.53166	0.745973	0.0240063
1.53579	0.758933	0.0274692
1.53990	0.817559	0.0243476
1.54402	0.808160	0.0133239
1.54813	0.824787	0.0379236
1.55223	0.839817	0.0216739
1.55632	0.855055	0.00535702
1.56041	0.809988	0.0130610
1.56450	0.857702	0.0118880
1.56858	0.865243	0.0183940
1.57265	0.883871	0.0119585
1.57671	0.919226	0.0138202
1.58077	0.904163	0.00639506
1.58482	0.927094	0.0309971
1.58887	0.856419	0.00637416
1.59291	0.921343	0.0109048
1.59695	0.927693	0.0139797
1.60097	0.907163	0.0106334
1.60499	0.931021	0.0201827
1.60901	0.979736	0.0230062
1.61302	0.937065	0.0239880
1.61702	0.937511	0.0121010
1.62101	0.936228	0.0160606
1.62500	0.947989	0.0164642
1.62899	0.934383	0.0116055
1.63296	0.969285	0.0157734
1.63693	0.933297	0.0309861
1.64089	0.962729	0.0180605
1.64485	0.982247	0.00793903
1.64880	0.992982	0.0147132
1.65274	0.975118	0.00979773
1.65668	0.996173	0.00682983
1.66061	0.994814	0.0149332
1.66453	0.998889	0.0152490
1.66845	1.00848	0.00839223
1.67236	0.965157	0.0164251
1.67627	0.978452	0.0429832
1.68016	1.02810	0.0150177
1.68405	1.02557	0.00850457
1.68794	1.03626	0.0292249
1.69182	0.976404	0.0258069
1.69569	0.976744	0.0238434
1.69955	0.957721	0.0269366
1.70341	0.947094	0.00985457
1.70726	0.986913	0.00752378
1.71111	0.966856	0.0142392
1.71494	0.976581	0.0209197
1.71878	0.925344	0.0171342
1.72260	0.913174	0.0193879
1.72642	0.879936	0.0142472
1.73023	0.858059	0.00983429
1.73404	0.839169	0.0130324
1.73784	0.836804	0.00299409
1.74163	0.810608	0.0220525
1.74542	0.825364	0.00736067
1.74920	0.771868	0.0237497
1.75297	0.796668	0.00625214
1.75674	0.763409	0.00649119
1.76050	0.783824	0.00792528
1.76426	0.724611	0.0173988
1.76801	0.713506	0.00845116
1.77175	0.696076	0.0119170
1.77549	0.690948	0.0111850
1.77922	0.662217	0.0230369
1.78294	0.645529	0.0107495
1.78666	0.650812	0.0285772
1.79037	0.651180	0.0103504
1.79408	0.613163	0.00695856
1.79778	0.602087	0.0131631
1.80147	0.568078	0.0148053
1.80516	0.594603	0.0335090
1.80884	0.642101	0.0312776
1.81251	0.609311	0.0213552
1.81618	0.688832	0.0305988
1.81985	0.631902	0.0283502
1.82351	0.624143	0.00851765
1.82716	0.663259	0.0162227
1.83080	0.693392	0.0288382
1.83444	0.660879	0.0378592
1.83808	0.691420	0.0259684
1.84171	0.693546	0.0228363
1.84533	0.604040	0.0686219
1.84895	0.536299	0.0186195
1.85256	0.685370	0.0574665
1.85616	0.596633	0.0477366
1.85976	0.570881	0.0296962
1.86336	0.490617	0.0284668
1.86695	0.598993	0.0245398
1.87053	0.636343	0.0294040
1.87411	0.564700	0.0460743
1.87768	0.677119	0.0337205
1.88125	0.636941	0.0244502
1.88481	0.617163	0.0158360
1.88837	0.652474	0.0197855
1.89192	0.635259	0.0213363
1.89546	0.620545	0.0176629
1.89900	0.639532	0.0159716
1.90254	0.643175	0.0110661
1.90607	0.661400	0.0379510
1.90959	0.686310	0.0327451
1.91311	0.701723	0.0238630
1.91663	0.693564	0.0249483
1.92014	0.686379	0.0345919
1.92364	0.666002	0.0285696
1.92714	0.621143	0.0275860
1.93063	0.659483	0.00604409
1.93412	0.630540	0.00571743
1.93760	0.626804	0.0288853
1.94108	0.608914	0.00731525
1.94456	0.593612	0.00853264
1.94802	0.596195	0.00292461
1.95149	0.590831	0.0133372
1.95495	0.572719	0.0315317
1.95840	0.588850	0.0231222
1.96185	0.549432	0.0337039
1.96529	0.553193	0.0133131
1.96873	0.568853	0.00882890
1.97217	0.599869	0.00784414
1.97560	0.560244	0.0202094
1.97902	0.575284	0.0265977
1.98244	0.536146	0.00435909
1.98586	0.572154	0.0181060
1.98927	0.576301	0.0152843
1.99267	0.577501	0.00949369
1.99607	0.574488	0.00587567
1.99947	0.615376	0.0272589
2.00286	0.587420	0.0414541
2.00625	0.492340	0.0450318
2.00963	0.593939	0.0160024
2.01301	0.607812	0.0210319
2.01638	0.596232	0.0130786
2.01975	0.632981	0.0165860
2.02311	0.607588	0.0185041
2.02647	0.659329	0.0183849
2.02983	0.630413	0.00639836
2.03318	0.623981	0.0114448
2.03652	0.642424	0.00816042
2.03986	0.640224	0.00906460
2.04320	0.638609	0.0296293
2.04653	0.674768	0.0119932
2.04986	0.676277	0.00723230
2.05318	0.697561	0.0149612
2.05650	0.643167	0.0147500
2.05982	0.706955	0.0109293
2.06313	0.695794	0.0113680
2.06643	0.714336	0.0107071
2.06973	0.720503	0.00386160
2.07303	0.702701	0.0222234
2.07632	0.720025	0.0164031
2.07960	0.714636	0.00881295
2.08289	0.700336	0.0107587
2.08616	0.747433	0.0121573
2.08944	0.716379	0.0120095
2.09271	0.710299	0.0213263
2.09597	0.736349	0.00484238
2.09923	0.765899	0.00869319
2.10249	0.751901	0.00493386
2.10574	0.724551	0.00884437
2.10898	0.728065	0.0134163
2.11222	0.744917	0.0152627
2.11546	0.777435	0.0220995
2.11869	0.764510	0.00602836
2.12192	0.747870	0.0123144
2.12514	0.780204	0.00741975
2.12836	0.756088	0.0151217
2.13158	0.792211	0.0126325
2.13479	0.783143	0.0147456
2.13799	0.771836	0.00628162
2.14119	0.766754	0.00589373
2.14439	0.775642	0.0113431
2.14758	0.771913	0.0142757
2.15076	0.736890	0.0131679
2.15394	0.762085	0.0199646
2.15712	0.767266	0.00956702
2.16029	0.763104	0.0167608
2.16346	0.753215	0.0148822
2.16662	0.769501	0.00645907
2.16978	0.773991	0.00910314
2.17293	0.767034	0.0102365
2.17608	0.753330	0.0102354
2.17922	0.780198	0.0156862
2.18236	0.788937	0.00842351
2.18550	0.750378	0.0114934
2.18863	0.753844	0.0169622
2.19175	0.764713	0.00925611
2.19487	0.772820	0.0211036
2.19798	0.762864	0.0134336
2.20109	0.739744	0.0119760
2.20420	0.734773	0.00973583
2.20730	0.739487	0.00990362
2.21039	0.738957	0.0170842
2.21348	0.769626	0.00563332
2.21657	0.746117	0.00875221
2.21965	0.739675	0.00711204
2.22272	0.736755	0.00630979
2.22579	0.738483	0.00959696
2.22885	0.729833	0.0192626
2.23191	0.751049	0.0104911
2.23497	0.742352	0.0126799
2.23802	0.724526	0.00802587
2.24106	0.729186	0.00809889
2.24410	0.735649	0.0101374
2.24713	0.708259	0.00558007
2.25016	0.705092	0.00881194
2.25319	0.723006	0.0193499
2.25621	0.728246	0.0144463
2.25922	0.731751	0.0106894
2.26223	0.728730	0.00551213
2.26523	0.727248	0.00820371
2.26823	0.708367	0.0104923
2.27122	0.725557	0.0100727
2.27421	0.712018	0.00322401
2.27719	0.711167	0.0155498
2.28017	0.694223	0.00797977
2.28314	0.705090	0.00545874
2.28611	0.695881	0.00892638
2.28907	0.675635	0.0111875
2.29202	0.684294	0.00606593
2.29498	0.643182	0.00462838
2.29792	0.553111	0.0103838
2.30086	0.575799	0.00528010
2.30380	0.564303	0.00583028
2.30673	0.563684	0.0168173
2.30965	0.578465	0.00592489
2.31257	0.575443	0.00736567
2.31549	0.576175	0.0124135
2.31840	0.593879	0.0110133
2.32130	0.586560	0.00935208
2.32420	0.549218	0.00285236
2.32710	0.541571	0.0100203
2.32999	0.541932	0.00603128
2.33287	0.549352	0.00819127
2.33575	0.573199	0.0114525
2.33863	0.567998	0.0110720
2.34150	0.573346	0.00420683
2.34436	0.556882	0.00460060
2.34722	0.562298	0.0101382
2.35008	0.589094	0.00865770
2.35293	0.573853	0.00698578
2.35578	0.558038	0.00784682
2.35862	0.556738	0.00554907
2.36146	0.575047	0.00841207
2.36429	0.532433	0.0128655
2.36712	0.549792	0.00390389
2.36994	0.526701	0.00994198
2.37276	0.524403	0.0103183
2.37558	0.552703	0.0177009
2.37839	0.555071	0.0303493
2.38119	0.562733	0.0102664
2.38400	0.543343	0.0211692
2.38680	0.532230	0.0102524
2.38959	0.539957	0.0171020
2.39238	0.537632	0.0129037
2.39517	0.533138	0.0221454
2.39796	0.538821	0.0139980
2.40074	0.535123	0.0212124
2.40352	0.527616	0.0149892
2.40629	0.532231	0.0147537
2.40906	0.502888	0.00831439
2.41183	0.500742	0.0220596
2.41460	0.509628	0.0130170
2.41736	0.493065	0.0168415
2.42012	0.516419	0.0247979
2.42288	0.550627	0.0100793
2.42564	0.503316	0.00931312
2.42839	0.521009	0.0115495
2.43114	0.503430	0.0123046
2.43389	0.501941	0.00791273
2.43664	0.505891	0.0122766
2.43939	0.491097	0.0168904
2.44214	0.473683	0.0118086
2.44488	0.454451	0.0191233
2.44763	0.460196	0.0237951
2.45037	0.447805	0.0188304
2.45311	0.519923	0.00980476
2.45586	0.422694	0.0177708
2.45860	0.478959	0.0492980
2.46135	0.451328	0.0475368
2.46409	0.413145	0.0145700
2.46684	0.416741	0.00980927
2.46958	0.439840	0.0531548
2.47233	0.433304	0.0269560
2.47508	0.452848	0.0312204
2.47783	0.430133	0.0299992
2.48058	0.427938	0.0146150
2.48334	0.453077	0.0145299
2.48610	0.427726	0.0229368
2.48886	0.441503	0.0222781
2.49162	0.359669	0.0245649
2.49439	0.426594	0.0256460
2.49717	0.407981	0.0243295
2.49994	0.363378	0.0146490
2.50272	0.428645	0.0567429
2.50551	0.481730	0.0440874
2.50830	0.470876	0.00740272
2.51110	0.552805	0.0131525
2.51391	0.453139	0.0538363
2.51672	0.331300	0.0632449
2.51954	0.321504	0.0305683
2.52236	0.420320	0.0779980
2.52520	0.335305	0.0592191
2.52804	0.602277	0.0488603
2.53089	0.565581	0.161521
2.53375	0.571409	0.143798
2.53662	0.331171	0.133445
2.53950	0.406837	0.266144
2.54239	0.608775	0.157669
2.54529	0.0945636	0.0505467
2.54821	0.662043	0.229539
2.55113	0.585010	0.549554
2.55407	0.382836	0.443503
2.55702	-0.321197	0.390091
2.55999	0.0620459	0.431433
2.56297	0.304484	0.120588
