#  ----------------------------------------------------------------------------------
# SpeX prism spectrum of 2MASSI J0241536-124106 (J02415367-1241069)
# Originally observed on 2006 Aug 20
# Average resolution = 120
# Originally published in Burgasser et al. (2008) ApJ, 681, 579
#
# PLEASE CITE THE ORIGINAL DATA REFERENCE WHEN PUBLISHING OR PRESENTING THESE DATA
#
# Optical spectral type: L2:
# J magnitude = 15.605
# H magnitude = 14.646
# Ks magnitude = 13.931
#
#  Wavelength (micron)   F_lambda (normalized)  Noise (normalized as F_lambda)
#  ----------------------------------------------------------------------------------
0.653874	4.31171	0.213079
0.656075	4.18116	0.180303
0.658267	3.18138	0.168599
0.660450	3.11526	0.161625
0.662625	2.65587	0.156736
0.664794	2.21858	0.156509
0.666957	2.04494	0.148892
0.669116	1.59053	0.145621
0.671270	2.01921	0.137475
0.673421	1.61088	0.128191
0.675570	1.32539	0.118878
0.677718	1.25211	0.112901
0.679864	0.805827	0.104274
0.682011	0.747572	0.0939165
0.684159	0.602958	0.0836530
0.686308	0.0181930	0.00608718
0.688460	0.420891	0.0573592
0.690615	0.422748	0.0527501
0.692773	0.356563	0.0451431
0.694936	0.347050	0.0371716
0.697104	0.225631	0.0306256
0.699277	0.195944	0.0232546
0.701456	0.107850	0.0156847
0.703643	0.0611564	0.00888223
0.705837	-0.000398130	0.00000
0.708038	-0.0134363	0.00247989
0.710249	-0.0512390	0.00798677
0.712468	-0.0744560	0.0129826
0.714697	-0.0469030	0.0173813
0.716936	-0.109384	0.0215379
0.719185	-0.170409	0.0239194
0.721446	-0.180897	0.0283207
0.723718	-0.196129	0.0294495
0.726002	-0.198448	0.0322665
0.728298	-0.156586	0.0340117
0.730606	-0.256147	0.0354585
0.732929	-0.140442	0.0369471
0.735264	-0.132591	0.0394531
0.737613	-0.0845160	0.0403785
0.739977	-0.0982547	0.0408914
0.742355	-0.163421	0.0415511
0.744748	-0.177275	0.0415785
0.747156	-0.138446	0.0406804
0.749580	-0.107739	0.0404027
0.752020	-0.0753209	0.0360667
0.754475	-0.0733975	0.0344650
0.756947	-0.119802	0.0291461
0.759436	-0.0475124	0.0212854
0.761942	-0.00559121	0.00326328
0.764464	0.0115452	0.0118637
0.767004	0.00899716	0.00496678
0.769561	-0.00587051	0.00383390
0.772137	-0.00442470	0.0112963
0.774730	-0.0208311	0.0185002
0.777341	0.00346622	0.0236721
0.779970	0.0842610	0.0277055
0.782618	0.0961905	0.0318195
0.785284	0.168828	0.0329196
0.787969	0.0821847	0.0341653
0.790673	0.164278	0.0350722
0.793396	0.0389181	0.0358505
0.796138	0.0713510	0.0372115
0.798899	0.0959584	0.0369598
0.801679	0.103013	0.0379567
0.804479	0.0475145	0.0382558
0.807298	0.0327072	0.0382478
0.810136	0.0727816	0.0393451
0.812994	0.114541	0.0373345
0.815872	0.106062	0.0363279
0.818769	0.176424	0.0364538
0.821686	0.145604	0.0362808
0.824623	0.163317	0.0379256
0.827579	0.161083	0.0382777
0.830555	0.131885	0.0394156
0.833550	0.130296	0.0400224
0.836566	0.213203	0.0413400
0.839601	0.213056	0.0435189
0.842656	0.213818	0.0443856
0.845730	0.148543	0.0447386
0.848824	0.0928452	0.0448573
0.851938	0.226569	0.0430604
0.855071	0.246621	0.0435481
0.858224	0.233053	0.0436515
0.861396	0.293712	0.0435495
0.864588	0.171578	0.0430836
0.867799	0.160714	0.0424752
0.871029	0.173901	0.0418979
0.874278	0.236645	0.0413123
0.877546	0.250076	0.0415050
0.880834	0.207506	0.0413156
0.884140	0.135593	0.0402928
0.887466	0.268768	0.0397691
0.890810	0.300366	0.0371165
0.894172	0.281040	0.0360131
0.897553	0.276269	0.0343009
0.900953	0.272180	0.0326610
0.904370	0.397346	0.0312486
0.907806	0.315219	0.0313502
0.911260	0.351157	0.0304567
0.914732	0.371172	0.0306497
0.918222	0.397214	0.0294864
0.921729	0.392371	0.0289672
0.925253	0.378483	0.0279324
0.928795	0.407803	0.0285827
0.932355	0.418560	0.0287649
0.935931	0.454360	0.0285715
0.939524	0.521155	0.0283084
0.943134	0.476623	0.0277658
0.946760	0.534349	0.0263764
0.950403	0.562348	0.0255450
0.954062	0.517332	0.0242844
0.957737	0.553985	0.0236298
0.961428	0.539864	0.0233958
0.965134	0.519705	0.0236976
0.968856	0.563910	0.0238195
0.972594	0.549694	0.0236284
0.976346	0.585375	0.0227667
0.980114	0.601567	0.0230830
0.983896	0.581366	0.0230263
0.987693	0.581102	0.0237194
0.991505	0.479847	0.0231945
0.995330	0.449587	0.0233666
0.999170	0.407607	0.0232603
1.00302	0.383869	0.0221478
1.00689	0.467880	0.0218366
1.01077	0.552876	0.0216871
1.01467	0.513258	0.0234948
1.01857	0.524756	0.0213946
1.02249	0.529967	0.0213183
1.02642	0.506389	0.0207551
1.03037	0.557180	0.0204922
1.03433	0.585686	0.0204198
1.03829	0.590478	0.0197610
1.04228	0.634149	0.0192095
1.04627	0.673370	0.0183199
1.05027	0.636895	0.0177230
1.05429	0.629800	0.0167940
1.05831	0.632007	0.0157842
1.06235	0.637758	0.0150166
1.06640	0.652493	0.0148753
1.07046	0.680944	0.0153785
1.07452	0.733222	0.0157104
1.07860	0.738395	0.0157594
1.08269	0.771433	0.0160962
1.08679	0.812750	0.0159167
1.09089	0.834612	0.0156953
1.09501	0.814792	0.0146642
1.09913	0.838746	0.0144869
1.10327	0.822913	0.0139279
1.10741	0.834628	0.0134994
1.11156	0.785997	0.0133586
1.11572	0.827823	0.0134237
1.11988	0.861437	0.0140076
1.12405	0.865423	0.0142916
1.12824	0.868951	0.0146590
1.13242	0.869150	0.0146694
1.13662	0.811014	0.0140526
1.14082	0.753733	0.0141307
1.14503	0.819058	0.0135640
1.14924	0.903490	0.0136982
1.15346	0.925647	0.0132071
1.15769	0.946813	0.0128110
1.16192	0.907161	0.0124025
1.16616	0.864681	0.0116455
1.17041	0.816447	0.0111907
1.17466	0.772062	0.0106086
1.17891	0.800325	0.0103399
1.18317	0.807775	0.0101854
1.18743	0.840808	0.0103186
1.19170	0.835236	0.0102358
1.19597	0.773098	0.0106465
1.20025	0.755535	0.0108303
1.20453	0.723110	0.0107166
1.20881	0.755920	0.0110543
1.21310	0.812447	0.0107893
1.21739	0.845171	0.0111519
1.22168	0.906922	0.0109789
1.22598	0.918591	0.0107272
1.23027	0.929105	0.0109862
1.23458	0.882886	0.0104235
1.23888	0.839843	0.0100305
1.24319	0.825407	0.00976338
1.24749	0.790054	0.00903910
1.25180	0.824303	0.00891164
1.25611	0.879079	0.00910106
1.26043	0.930077	0.00952622
1.26474	0.975621	0.0106257
1.26905	0.989580	0.0115023
1.27337	1.00733	0.0126603
1.27769	1.00751	0.0115762
1.28200	0.999030	0.0109319
1.28632	0.977972	0.0105177
1.29064	0.999420	0.0101410
1.29496	0.978534	0.0103515
1.29928	0.989939	0.0102303
1.30359	1.00414	0.0100341
1.30791	1.00678	0.0100875
1.31223	1.00245	0.00975105
1.31655	1.00060	0.00933228
1.32086	1.03363	0.00916705
1.32518	0.999120	0.00906865
1.32949	0.913177	0.00877340
1.33380	0.813882	0.00855295
1.33811	0.710264	0.00827773
1.34242	0.657427	0.00835000
1.34673	0.604618	0.00923204
1.35104	0.588673	0.0115103
1.35534	0.553731	0.0164328
1.35964	0.593367	0.0251429
1.36394	0.590469	0.0360327
1.36824	0.499331	0.0381929
1.37253	0.561870	0.0309594
1.37683	0.578473	0.0271800
1.38112	0.604692	0.0257816
1.38540	0.670325	0.0247916
1.38969	0.601731	0.0236900
1.39397	0.585718	0.0209901
1.39825	0.567529	0.0217619
1.40252	0.558855	0.0211712
1.40679	0.526063	0.0201538
1.41106	0.534404	0.0181216
1.41533	0.483769	0.0161252
1.41959	0.523416	0.0137491
1.42385	0.541534	0.0122446
1.42810	0.505408	0.0112447
1.43235	0.512897	0.0112334
1.43659	0.520018	0.0106691
1.44083	0.513997	0.0103147
1.44507	0.505715	0.00993694
1.44930	0.544297	0.0103325
1.45353	0.532265	0.0103168
1.45775	0.567080	0.0103183
1.46197	0.556764	0.00969556
1.46619	0.538476	0.00989444
1.47040	0.554266	0.00945271
1.47460	0.556727	0.00956105
1.47880	0.555646	0.00964031
1.48299	0.576307	0.00982129
1.48718	0.564453	0.00963635
1.49137	0.585808	0.00892623
1.49555	0.603978	0.00812959
1.49972	0.611110	0.00856300
1.50389	0.630699	0.00977364
1.50805	0.630317	0.00971192
1.51221	0.655534	0.00958220
1.51636	0.639448	0.00819652
1.52051	0.660100	0.00844636
1.52465	0.670533	0.00903928
1.52879	0.679239	0.00971135
1.53292	0.694465	0.00925527
1.53704	0.684833	0.00925994
1.54116	0.703094	0.00892129
1.54527	0.721150	0.00846605
1.54938	0.719172	0.00841293
1.55348	0.730986	0.00832085
1.55757	0.729091	0.00857183
1.56166	0.759827	0.00883097
1.56574	0.748875	0.00859365
1.56982	0.755260	0.00827588
1.57388	0.764001	0.00768391
1.57795	0.765192	0.00859365
1.58201	0.735425	0.00958883
1.58606	0.730728	0.00988031
1.59010	0.706011	0.00925561
1.59414	0.734295	0.00871662
1.59817	0.740838	0.00790667
1.60220	0.759320	0.00876745
1.60622	0.750863	0.00910642
1.61023	0.741476	0.00960719
1.61424	0.735798	0.00886860
1.61823	0.735604	0.00908447
1.62223	0.725464	0.00881392
1.62622	0.724307	0.00866711
1.63020	0.716058	0.00832198
1.63417	0.738921	0.00791559
1.63814	0.732318	0.00789341
1.64210	0.762908	0.00824413
1.64605	0.772922	0.00839350
1.65000	0.782902	0.00848809
1.65394	0.791050	0.00802568
1.65788	0.789629	0.00735809
1.66180	0.779318	0.00702072
1.66573	0.787113	0.00865372
1.66964	0.780955	0.00936041
1.67355	0.789490	0.00946407
1.67745	0.781429	0.00893861
1.68135	0.793651	0.00715838
1.68524	0.787419	0.00752688
1.68912	0.802130	0.00844580
1.69299	0.776333	0.00857253
1.69686	0.783336	0.00908508
1.70072	0.786299	0.00864834
1.70458	0.786252	0.00848549
1.70843	0.791967	0.00853423
1.71227	0.769243	0.00798150
1.71611	0.744400	0.00788881
1.71994	0.749228	0.00784546
1.72376	0.721979	0.00751283
1.72758	0.722388	0.00755294
1.73139	0.684817	0.00753242
1.73520	0.685828	0.00771319
1.73899	0.669545	0.00795430
1.74278	0.673217	0.00808778
1.74657	0.624400	0.00768784
1.75035	0.623232	0.00725003
1.75412	0.621027	0.00656759
1.75789	0.599209	0.00652652
1.76165	0.589207	0.00798158
1.76540	0.580837	0.00890952
1.76915	0.558681	0.00905848
1.77289	0.543253	0.00824963
1.77662	0.540976	0.00659545
1.78035	0.533033	0.00673690
1.78407	0.513906	0.00781931
1.78779	0.510495	0.00829632
1.79150	0.491243	0.00823024
1.79520	0.501844	0.00913245
1.79890	0.481260	0.00952916
1.80259	0.495533	0.0106192
1.80628	0.476117	0.0114054
1.80996	0.484158	0.0123406
1.81363	0.480920	0.0117848
1.81730	0.476115	0.0125314
1.82096	0.465219	0.0123831
1.82462	0.501131	0.0140711
1.82827	0.462715	0.0160488
1.83191	0.468449	0.0205203
1.83555	0.417574	0.0283997
1.83918	0.438932	0.0328043
1.84281	0.432531	0.0354096
1.84643	0.413153	0.0312627
1.85005	0.420259	0.0299196
1.85366	0.439798	0.0316406
1.85726	0.407009	0.0295604
1.86086	0.378001	0.0256165
1.86445	0.393962	0.0242952
1.86804	0.395058	0.0277502
1.87162	0.386969	0.0443401
1.87520	0.430827	0.0434492
1.87877	0.379187	0.0285747
1.88233	0.429767	0.0185657
1.88589	0.431654	0.0159485
1.88945	0.406922	0.0156098
1.89300	0.445355	0.0162034
1.89654	0.421075	0.0191548
1.90008	0.442770	0.0223329
1.90361	0.476751	0.0277143
1.90714	0.471824	0.0273007
1.91066	0.464578	0.0242279
1.91418	0.481661	0.0213136
1.91769	0.467265	0.0187382
1.92120	0.484559	0.0173316
1.92470	0.457096	0.0162582
1.92820	0.448991	0.0150328
1.93169	0.455256	0.0138049
1.93518	0.416360	0.0122781
1.93866	0.431414	0.0108725
1.94214	0.410450	0.00986028
1.94561	0.402077	0.00892456
1.94908	0.392584	0.00932848
1.95254	0.400613	0.00990168
1.95600	0.399745	0.0107318
1.95945	0.395854	0.0108708
1.96290	0.402622	0.00999849
1.96634	0.414221	0.00951203
1.96978	0.396296	0.00887128
1.97321	0.402809	0.00849268
1.97664	0.389966	0.00778630
1.98006	0.363362	0.00720445
1.98348	0.369636	0.00637820
1.98689	0.381691	0.00595037
1.99030	0.381628	0.00595544
1.99371	0.379764	0.00619775
1.99711	0.375786	0.00817455
2.00050	0.384951	0.0110483
2.00389	0.379900	0.0139296
2.00728	0.384530	0.0138005
2.01066	0.358374	0.0113623
2.01403	0.387978	0.0104032
2.01741	0.379176	0.00977366
2.02077	0.389963	0.00868041
2.02414	0.402034	0.00850806
2.02749	0.407865	0.00782537
2.03085	0.417794	0.00759107
2.03420	0.410264	0.00706321
2.03754	0.408179	0.00730227
2.04088	0.404832	0.00736458
2.04422	0.409076	0.00720347
2.04755	0.416587	0.00718083
2.05087	0.425463	0.00731649
2.05419	0.405516	0.00852952
2.05751	0.437882	0.00868250
2.06082	0.425965	0.00820680
2.06413	0.440799	0.00706035
2.06743	0.434510	0.00694598
2.07073	0.442669	0.00740676
2.07403	0.430283	0.00703515
2.07732	0.440744	0.00675532
2.08060	0.448678	0.00610883
2.08388	0.452501	0.00603631
2.08716	0.453602	0.00623102
2.09043	0.457703	0.00631089
2.09370	0.463727	0.00608757
2.09696	0.453385	0.00580343
2.10022	0.469117	0.00566378
2.10347	0.469698	0.00600203
2.10672	0.462185	0.00632601
2.10997	0.479496	0.00720612
2.11321	0.474100	0.00651031
2.11644	0.482312	0.00647231
2.11967	0.485844	0.00650319
2.12290	0.493205	0.00660443
2.12612	0.497037	0.00642441
2.12934	0.494706	0.00640759
2.13255	0.493406	0.00613309
2.13576	0.496498	0.00599288
2.13896	0.499820	0.00588740
2.14216	0.516098	0.00576292
2.14536	0.502234	0.00586160
2.14855	0.504843	0.00686758
2.15173	0.499777	0.00736309
2.15491	0.494906	0.00751010
2.15809	0.501900	0.00693047
2.16126	0.497665	0.00623424
2.16442	0.498139	0.00602430
2.16758	0.495678	0.00672320
2.17074	0.508011	0.00618993
2.17389	0.502202	0.00618808
2.17704	0.498530	0.00657129
2.18018	0.495326	0.00679334
2.18332	0.505372	0.00695773
2.18645	0.501954	0.00700916
2.18958	0.503723	0.00655734
2.19270	0.482902	0.00694564
2.19582	0.505641	0.00714764
2.19893	0.498797	0.00716078
2.20204	0.501699	0.00719493
2.20514	0.487165	0.00684187
2.20824	0.499938	0.00685855
2.21133	0.487291	0.00713413
2.21442	0.498548	0.00701052
2.21750	0.495957	0.00695281
2.22058	0.499927	0.00655829
2.22365	0.495242	0.00669295
2.22672	0.486910	0.00664506
2.22979	0.498480	0.00704078
2.23284	0.490476	0.00701622
2.23590	0.477597	0.00702913
2.23894	0.494890	0.00673519
2.24199	0.473868	0.00656204
2.24502	0.485820	0.00666821
2.24806	0.475224	0.00677045
2.25108	0.473241	0.00697266
2.25411	0.486310	0.00700567
2.25712	0.484626	0.00692988
2.26014	0.487561	0.00689383
2.26314	0.483453	0.00696793
2.26614	0.473221	0.00702949
2.26914	0.461530	0.00710169
2.27213	0.461866	0.00717110
2.27512	0.456151	0.00723880
2.27810	0.470205	0.00722711
2.28107	0.461572	0.00718013
2.28404	0.466122	0.00710251
2.28701	0.464595	0.00719306
2.28997	0.467742	0.00724892
2.29292	0.434670	0.00729843
2.29587	0.391723	0.00742227
2.29882	0.366722	0.00755383
2.30176	0.368813	0.00753145
2.30469	0.380615	0.00751368
2.30762	0.379646	0.00754378
2.31054	0.383909	0.00733535
2.31346	0.381798	0.00732974
2.31638	0.390793	0.00765796
2.31928	0.381526	0.00807631
2.32219	0.369376	0.00886103
2.32509	0.354902	0.00797586
2.32798	0.339087	0.00772413
2.33087	0.342497	0.00771235
2.33375	0.356300	0.00776631
2.33663	0.353251	0.00793783
2.33950	0.363905	0.00818745
2.34237	0.360894	0.00842609
2.34523	0.357362	0.00867958
2.34809	0.363879	0.00900720
2.35095	0.351188	0.00929380
2.35380	0.348537	0.00949099
2.35664	0.338622	0.00933793
2.35948	0.328477	0.00898796
2.36232	0.334283	0.00875799
2.36515	0.339686	0.00875641
2.36798	0.334623	0.00947319
2.37080	0.337511	0.0103124
2.37362	0.344140	0.0108272
2.37643	0.357561	0.0106021
2.37924	0.347725	0.0102002
2.38205	0.327026	0.0108230
2.38485	0.298867	0.0125660
2.38765	0.316131	0.0130663
2.39044	0.322236	0.0112182
2.39323	0.329324	0.0106394
2.39602	0.344808	0.0104853
2.39880	0.320851	0.0102722
2.40158	0.324531	0.0105294
2.40436	0.331765	0.0109890
2.40713	0.319927	0.0115926
2.40991	0.308120	0.0119562
2.41267	0.309073	0.0125763
2.41544	0.310294	0.0138825
2.41820	0.271515	0.0147443
2.42096	0.320704	0.0142634
2.42372	0.266105	0.0129463
2.42647	0.285257	0.0115458
2.42923	0.292189	0.0114750
2.43198	0.266291	0.0132134
2.43473	0.266703	0.0153797
2.43748	0.276669	0.0157875
2.44023	0.264680	0.0149988
2.44297	0.264066	0.0133369
2.44572	0.266057	0.0159662
2.44846	0.244434	0.0192022
2.45121	0.233088	0.0198070
2.45395	0.243233	0.0174223
2.45669	0.221949	0.0158258
2.45944	0.249999	0.0137778
2.46218	0.221995	0.0151003
2.46493	0.221592	0.0176928
2.46767	0.261076	0.0172640
2.47042	0.195719	0.0188389
2.47317	0.208542	0.0204098
2.47592	0.196855	0.0206979
2.47867	0.246917	0.0200853
2.48142	0.232789	0.0232158
2.48418	0.267474	0.0320354
2.48694	0.222283	0.0308688
2.48970	0.241566	0.0328504
2.49247	0.188018	0.0345210
2.49524	0.259989	0.0330884
2.49801	0.174515	0.0291449
2.50079	0.203437	0.0262819
2.50357	0.168798	0.0287354
2.50636	0.217106	0.0334329
2.50915	0.265492	0.0369984
2.51195	0.180815	0.0401625
2.51476	0.255458	0.0531140
2.51757	0.182884	0.0642634
2.52040	0.135418	0.0640341
2.52322	0.174459	0.0573097
2.52606	0.109351	0.0600970
2.52890	0.203022	0.0871718
2.53176	0.00134498	0.126414
2.53462	0.258629	0.175913
2.53749	0.0482333	0.195314
2.54038	0.219462	0.168424
2.54327	0.244450	0.165970
2.54618	0.323035	0.217439
2.54909	0.649909	0.420006
2.55202	0.194165	0.526843
2.55497	0.944085	0.480554
2.55792	0.208510	0.297357
2.56090	-0.304643	0.189726
2.56388	0.227946	0.183836
