#  ----------------------------------------------------------------------------------
# SpeX prism spectrum of SDSSp J010752.33+004156.1 (J01075242+0041563)
# Originally observed on 2007 Oct 12
# Average resolution = 120
# Originally published in Burgasser et al. (2010) ApJ, 710, 1142-1169
#
# PLEASE CITE THE ORIGINAL DATA REFERENCE WHEN PUBLISHING OR PRESENTING THESE DATA
#
# Optical spectral type: L8
# Near infrared spectral type: L5.5
# J magnitude = 15.824
# H magnitude = 14.512
# Ks magnitude = 13.709
#
#  Wavelength (micron)   F_lambda (normalized)  Noise (normalized as F_lambda)
#  ----------------------------------------------------------------------------------
0.649259	-0.235899	0.145579
0.651483	-0.429716	0.126704
0.653696	0.140204	0.113713
0.655898	-0.203530	0.0947754
0.658090	-0.0705064	0.0936649
0.660274	0.0577795	0.0905585
0.662450	0.206491	0.0844766
0.664619	0.0670571	0.0795974
0.666783	0.128523	0.101662
0.668942	-0.00938966	0.0791247
0.671096	-0.225711	0.0793513
0.673248	-0.107515	0.0740496
0.675397	-0.0306746	0.0745448
0.677544	0.0588844	0.0701558
0.679691	-0.0738619	0.0644983
0.681838	0.00239057	0.0628808
0.683986	-0.0496860	0.0632530
0.686135	0.0316496	0.0576216
0.688286	-0.0481607	0.0551372
0.690441	0.126317	0.0508081
0.692599	0.0837142	0.0465541
0.694761	-0.00929410	0.0436238
0.696929	0.0948784	0.0397642
0.699101	0.0757056	0.0337419
0.701280	0.0489365	0.0300044
0.703466	0.0559006	0.0191613
0.705659	0.0269001	0.00672945
0.707860	-0.0577831	0.0125126
0.710070	-0.122399	0.0234705
0.712289	-0.0757199	0.0459024
0.714517	-0.0905555	0.0488191
0.716755	-0.143235	0.0460720
0.719003	-0.0246193	0.0469358
0.721263	-0.0682906	0.0441624
0.723534	-0.0213975	0.0429769
0.725817	0.139852	0.0419805
0.728112	-0.0697656	0.0386771
0.730420	-0.0725274	0.0361060
0.732741	-0.0151257	0.0374893
0.735075	0.0565317	0.0339773
0.737423	-0.0834394	0.0333367
0.739786	0.0242027	0.0314359
0.742163	-0.0153820	0.0307330
0.744554	0.0393281	0.0291165
0.746961	-0.0308354	0.0289952
0.749384	0.00793851	0.0271424
0.751822	-0.0432078	0.0285543
0.754277	0.0193648	0.0259880
0.756747	-0.0217149	0.0291090
0.759235	0.00517027	0.0351610
0.761739	0.0240137	0.0383317
0.764260	-0.0584276	0.0365896
0.766798	-0.0268146	0.0313937
0.769354	-0.0120949	0.0248720
0.771928	-0.0394722	0.0232075
0.774520	-0.0500385	0.0221678
0.777129	0.000825540	0.0212253
0.779757	-0.0864904	0.0196753
0.782404	-0.0606588	0.0193218
0.785068	-0.0697036	0.0184861
0.787752	-0.136688	0.0178806
0.790454	-0.0554796	0.0173195
0.793176	-0.0506545	0.0174248
0.795916	-0.0174652	0.0171177
0.798675	0.0221486	0.0175198
0.801454	-0.0503248	0.0154520
0.804252	-0.0219344	0.0146046
0.807070	-0.0155438	0.0137000
0.809907	-0.0300904	0.0133522
0.812763	-0.0333910	0.0108614
0.815639	-0.0188458	0.00944175
0.818535	-0.0804592	0.00731898
0.821450	-0.0439024	0.00619497
0.824385	-0.0304471	0.00476035
0.827339	-0.0224753	0.00350125
0.830314	-0.0195571	0.00219373
0.833308	-0.0115352	0.000831538
0.836322	0.00382041	0.000431740
0.839355	0.0110121	0.00158189
0.842408	0.0265067	0.00273538
0.845481	0.0250821	0.00368646
0.848574	0.0485927	0.00442782
0.851686	0.0756733	0.00486413
0.854818	0.0721686	0.00526148
0.857969	0.116213	0.00602958
0.861139	0.123954	0.00657487
0.864329	0.131999	0.00684106
0.867539	0.123131	0.00747161
0.870767	0.148314	0.00806089
0.874015	0.160502	0.00833138
0.877282	0.200668	0.00912235
0.880568	0.187740	0.00898239
0.883873	0.202125	0.00974905
0.887197	0.206364	0.00956336
0.890539	0.218388	0.00974542
0.893900	0.229202	0.00997715
0.897280	0.239705	0.0103862
0.900678	0.235331	0.00976013
0.904094	0.217429	0.0100960
0.907528	0.200058	0.0102907
0.910981	0.218201	0.0109455
0.914451	0.230207	0.0106136
0.917939	0.253186	0.0108738
0.921445	0.240498	0.0101604
0.924968	0.242868	0.0106425
0.928509	0.281846	0.0108141
0.932067	0.310468	0.0115003
0.935642	0.334840	0.0125584
0.939233	0.336825	0.0125145
0.942842	0.360053	0.0119450
0.946467	0.328016	0.0116992
0.950108	0.375724	0.0117369
0.953766	0.362511	0.0110678
0.957440	0.339863	0.0102164
0.961129	0.318257	0.0106405
0.964834	0.338385	0.0106579
0.968555	0.330963	0.0109266
0.972292	0.329278	0.00978505
0.976043	0.402339	0.00952383
0.979809	0.396612	0.00921074
0.983591	0.415061	0.00950645
0.987386	0.408215	0.00913230
0.991197	0.410293	0.00951901
0.995021	0.392774	0.00941663
0.998860	0.404970	0.00968907
1.00271	0.413220	0.00897367
1.00658	0.413939	0.00876496
1.01046	0.414071	0.00871482
1.01435	0.424722	0.00911907
1.01826	0.429861	0.00924165
1.02217	0.450077	0.00918982
1.02611	0.462072	0.00923314
1.03005	0.477963	0.00909748
1.03401	0.494357	0.00912825
1.03797	0.503960	0.00890584
1.04195	0.501399	0.00876952
1.04595	0.531049	0.00879587
1.04995	0.511523	0.00807253
1.05396	0.534894	0.00774441
1.05799	0.519488	0.00715205
1.06202	0.534863	0.00696502
1.06607	0.544220	0.00751396
1.07013	0.567475	0.00799839
1.07419	0.563707	0.00804402
1.07827	0.561415	0.00860761
1.08236	0.582446	0.00846324
1.08646	0.586885	0.00868770
1.09056	0.581261	0.00852400
1.09468	0.565599	0.00827652
1.09880	0.565594	0.00822761
1.10293	0.557524	0.00809749
1.10707	0.553520	0.00765576
1.11122	0.547834	0.00752811
1.11538	0.550141	0.00766668
1.11954	0.561902	0.00771119
1.12372	0.558360	0.00806222
1.12790	0.596314	0.00898444
1.13208	0.552120	0.00890020
1.13628	0.575355	0.00908354
1.14048	0.564286	0.00928287
1.14469	0.573227	0.00860505
1.14890	0.618631	0.00890066
1.15312	0.608367	0.00857286
1.15735	0.611330	0.00835496
1.16158	0.597303	0.00793456
1.16582	0.590413	0.00742572
1.17006	0.566357	0.00666531
1.17431	0.569895	0.00626988
1.17857	0.584722	0.00597995
1.18282	0.611951	0.00584676
1.18709	0.642004	0.00571469
1.19135	0.640779	0.00619082
1.19563	0.677092	0.00685182
1.19990	0.661020	0.00708663
1.20418	0.693431	0.00732944
1.20846	0.678353	0.00766140
1.21275	0.725054	0.00736523
1.21704	0.733769	0.00762823
1.22133	0.745274	0.00747776
1.22563	0.768642	0.00759639
1.22993	0.759209	0.00733975
1.23423	0.775266	0.00708192
1.23853	0.756876	0.00682286
1.24284	0.752600	0.00622481
1.24715	0.762039	0.00613207
1.25145	0.771800	0.00599446
1.25577	0.809472	0.00635585
1.26008	0.811077	0.00690278
1.26439	0.831503	0.00813969
1.26871	0.835158	0.00892763
1.27302	0.853297	0.00966759
1.27734	0.860526	0.00929482
1.28166	0.825684	0.00837850
1.28597	0.827314	0.00806401
1.29029	0.834199	0.00752226
1.29461	0.832251	0.00763741
1.29893	0.851313	0.00740306
1.30325	0.846432	0.00731867
1.30756	0.857106	0.00752780
1.31188	0.852969	0.00730094
1.31620	0.862612	0.00700045
1.32051	0.845309	0.00687638
1.32483	0.811795	0.00636375
1.32914	0.748489	0.00623189
1.33345	0.657133	0.00565096
1.33776	0.573627	0.00556427
1.34207	0.527255	0.00553110
1.34638	0.516140	0.00640610
1.35069	0.524235	0.00791990
1.35499	0.543579	0.0103993
1.35930	0.568783	0.0145156
1.36360	0.551736	0.0202658
1.36789	0.521416	0.0191073
1.37219	0.556991	0.0156269
1.37648	0.531956	0.0147094
1.38077	0.583297	0.0141872
1.38506	0.630838	0.0147565
1.38934	0.596949	0.0135367
1.39362	0.559134	0.0129545
1.39790	0.555283	0.0140460
1.40218	0.529111	0.0143454
1.40645	0.536801	0.0140872
1.41072	0.503074	0.0129554
1.41498	0.496031	0.0118779
1.41924	0.468502	0.0102508
1.42350	0.483632	0.00900607
1.42776	0.489217	0.00802669
1.43200	0.485866	0.00813271
1.43625	0.504586	0.00801388
1.44049	0.489886	0.00762982
1.44473	0.509824	0.00739358
1.44896	0.526250	0.00823551
1.45319	0.548178	0.00818844
1.45741	0.565922	0.00851190
1.46163	0.571859	0.00815978
1.46585	0.586286	0.00826750
1.47006	0.593991	0.00778819
1.47426	0.580672	0.00812943
1.47846	0.597980	0.00824622
1.48266	0.596037	0.00832918
1.48685	0.616534	0.00826514
1.49103	0.613037	0.00751647
1.49521	0.632832	0.00653309
1.49938	0.642245	0.00717907
1.50355	0.632991	0.00827832
1.50772	0.669397	0.00851682
1.51188	0.673934	0.00826899
1.51603	0.711437	0.00676574
1.52018	0.725495	0.00714467
1.52432	0.725572	0.00777942
1.52845	0.757302	0.00836224
1.53258	0.773538	0.00824704
1.53671	0.784659	0.00800982
1.54083	0.793913	0.00789478
1.54494	0.810354	0.00714144
1.54904	0.831164	0.00737143
1.55314	0.844299	0.00721060
1.55724	0.849411	0.00746833
1.56133	0.849944	0.00788606
1.56541	0.866380	0.00754554
1.56949	0.874040	0.00702978
1.57356	0.887631	0.00656841
1.57762	0.882510	0.00730678
1.58168	0.908144	0.00885550
1.58573	0.908113	0.00867498
1.58977	0.909795	0.00841269
1.59381	0.931168	0.00665613
1.59785	0.932727	0.00695021
1.60187	0.946672	0.00766443
1.60589	0.972424	0.00835983
1.60991	0.931004	0.00863771
1.61391	0.955967	0.00811359
1.61791	0.942442	0.00817788
1.62191	0.956669	0.00854214
1.62589	0.979268	0.00740301
1.62987	0.958290	0.00743126
1.63385	0.960330	0.00699461
1.63782	0.967041	0.00724874
1.64178	0.968241	0.00739127
1.64573	0.971245	0.00764910
1.64968	0.981176	0.00756122
1.65362	0.987902	0.00748530
1.65756	0.984688	0.00616462
1.66149	0.995669	0.00592381
1.66541	1.00826	0.00772477
1.66933	1.00467	0.00859639
1.67323	1.00679	0.00860254
1.67714	1.00544	0.00749027
1.68103	0.989671	0.00590577
1.68492	1.00251	0.00650715
1.68880	0.987907	0.00730094
1.69268	1.01370	0.00816640
1.69655	0.988794	0.00836747
1.70041	0.996592	0.00778635
1.70427	0.974465	0.00762849
1.70812	0.980089	0.00780398
1.71196	0.952188	0.00720563
1.71580	0.935947	0.00706997
1.71963	0.931107	0.00689720
1.72346	0.918305	0.00663357
1.72727	0.896378	0.00667033
1.73108	0.875824	0.00684757
1.73489	0.876455	0.00689438
1.73869	0.853702	0.00720845
1.74248	0.838460	0.00721434
1.74626	0.822930	0.00689694
1.75004	0.807801	0.00629977
1.75382	0.778804	0.00554848
1.75758	0.771344	0.00539329
1.76134	0.757491	0.00718235
1.76510	0.740173	0.00814994
1.76884	0.729232	0.00826858
1.77259	0.701537	0.00725500
1.77632	0.688658	0.00572264
1.78005	0.692073	0.00560923
1.78377	0.686433	0.00701363
1.78749	0.652001	0.00721967
1.79120	0.648925	0.00724685
1.79490	0.654083	0.00800613
1.79860	0.657385	0.00842956
1.80229	0.661343	0.00948190
1.80598	0.657513	0.0102207
1.80966	0.661824	0.0100288
1.81334	0.703070	0.0103992
1.81700	0.703408	0.0107025
1.82067	0.717799	0.0105576
1.82432	0.731524	0.0115280
1.82797	0.738917	0.0128027
1.83162	0.769996	0.0151769
1.83526	0.756651	0.0167310
1.83889	0.711893	0.0196056
1.84252	0.721701	0.0210921
1.84614	0.644511	0.0191211
1.84975	0.684270	0.0203169
1.85337	0.688899	0.0203420
1.85697	0.655113	0.0183080
1.86057	0.615744	0.0156554
1.86416	0.640164	0.0143555
1.86775	0.677743	0.0185579
1.87133	0.628213	0.0299898
1.87491	0.671037	0.0298220
1.87848	0.667254	0.0183435
1.88205	0.642563	0.0119760
1.88561	0.670027	0.0104108
1.88916	0.661214	0.0104603
1.89271	0.706607	0.0108869
1.89626	0.680014	0.0120100
1.89979	0.717881	0.0142386
1.90333	0.741116	0.0172703
1.90686	0.773508	0.0161243
1.91038	0.721721	0.0143313
1.91390	0.760496	0.0132764
1.91741	0.738881	0.0126427
1.92092	0.720773	0.0128863
1.92442	0.722455	0.0125186
1.92792	0.718143	0.0117698
1.93141	0.680245	0.0107340
1.93490	0.641640	0.00885704
1.93838	0.632837	0.00824069
1.94186	0.620097	0.00748417
1.94533	0.616647	0.00699332
1.94880	0.624363	0.00741644
1.95226	0.611038	0.00834599
1.95572	0.617682	0.00918859
1.95917	0.572074	0.00917408
1.96262	0.584532	0.00852066
1.96606	0.577744	0.00821982
1.96950	0.582681	0.00769411
1.97293	0.587224	0.00798316
1.97636	0.573320	0.00673139
1.97978	0.577503	0.00607465
1.98320	0.578949	0.00536627
1.98662	0.572187	0.00480207
1.99003	0.583440	0.00482609
1.99343	0.589833	0.00507778
1.99683	0.609382	0.00771893
2.00023	0.639856	0.0110164
2.00362	0.660815	0.0140473
2.00700	0.667736	0.0131002
2.01039	0.630961	0.00979356
2.01376	0.619677	0.00882920
2.01713	0.644065	0.00845125
2.02050	0.656744	0.00739722
2.02386	0.643424	0.00751190
2.02722	0.644280	0.00687218
2.03058	0.657569	0.00677185
2.03393	0.663398	0.00619913
2.03727	0.664542	0.00662455
2.04061	0.674662	0.00659420
2.04395	0.686577	0.00660394
2.04728	0.704459	0.00646141
2.05060	0.715636	0.00684060
2.05393	0.718271	0.00827934
2.05724	0.730437	0.00823023
2.06056	0.735687	0.00752729
2.06386	0.738661	0.00637564
2.06717	0.739737	0.00621343
2.07047	0.747966	0.00680814
2.07376	0.742588	0.00639851
2.07705	0.753867	0.00576867
2.08034	0.748735	0.00510118
2.08362	0.761547	0.00511960
2.08690	0.766386	0.00542415
2.09017	0.763551	0.00545876
2.09344	0.770350	0.00541605
2.09670	0.773241	0.00484276
2.09996	0.775666	0.00472824
2.10321	0.780675	0.00502965
2.10646	0.788232	0.00544886
2.10971	0.795517	0.00567326
2.11295	0.788837	0.00566004
2.11618	0.799588	0.00571812
2.11941	0.797506	0.00553807
2.12264	0.794974	0.00566563
2.12586	0.795256	0.00549280
2.12908	0.799178	0.00544327
2.13229	0.794856	0.00512410
2.13550	0.800547	0.00500630
2.13871	0.798578	0.00479764
2.14190	0.795471	0.00463772
2.14510	0.797532	0.00486983
2.14829	0.810457	0.00591679
2.15147	0.796717	0.00646900
2.15465	0.798019	0.00660440
2.15783	0.797189	0.00599436
2.16100	0.798614	0.00522087
2.16417	0.797081	0.00493717
2.16733	0.797824	0.00535637
2.17049	0.794143	0.00504112
2.17364	0.785658	0.00505940
2.17678	0.780167	0.00550659
2.17993	0.789098	0.00577960
2.18306	0.792728	0.00591120
2.18620	0.788765	0.00587316
2.18932	0.783679	0.00541610
2.19245	0.792374	0.00589977
2.19557	0.782941	0.00606362
2.19868	0.783700	0.00663398
2.20179	0.773805	0.00656375
2.20489	0.776389	0.00620589
2.20799	0.767448	0.00599405
2.21108	0.764028	0.00603871
2.21417	0.761783	0.00587998
2.21725	0.759834	0.00631227
2.22033	0.761957	0.00585404
2.22341	0.750791	0.00581251
2.22648	0.769334	0.00594540
2.22954	0.751954	0.00633417
2.23260	0.756671	0.00640066
2.23565	0.743182	0.00631961
2.23870	0.755912	0.00598364
2.24174	0.746207	0.00580672
2.24478	0.753451	0.00590587
2.24781	0.751821	0.00605962
2.25084	0.749196	0.00624778
2.25386	0.727617	0.00610392
2.25688	0.745633	0.00614376
2.25989	0.741075	0.00608510
2.26290	0.733785	0.00602450
2.26590	0.723547	0.00613345
2.26890	0.735123	0.00621630
2.27189	0.724577	0.00627321
2.27488	0.721691	0.00631940
2.27786	0.721388	0.00626029
2.28083	0.727181	0.00619631
2.28380	0.714098	0.00614801
2.28677	0.714605	0.00619036
2.28973	0.713513	0.00622599
2.29269	0.676113	0.00624142
2.29563	0.621553	0.00622522
2.29858	0.586670	0.00620958
2.30152	0.581871	0.00626398
2.30445	0.579236	0.00627654
2.30738	0.583599	0.00610618
2.31031	0.590961	0.00601087
2.31323	0.597344	0.00608618
2.31614	0.592469	0.00631345
2.31905	0.602194	0.00679394
2.32195	0.579390	0.00670412
2.32485	0.563902	0.00635175
2.32775	0.561200	0.00622399
2.33063	0.567957	0.00628126
2.33352	0.549757	0.00628479
2.33640	0.569905	0.00646495
2.33927	0.570295	0.00662593
2.34214	0.572125	0.00681645
2.34500	0.591346	0.00703270
2.34786	0.597042	0.00714267
2.35072	0.572597	0.00740117
2.35357	0.578877	0.00749683
2.35641	0.545783	0.00726536
2.35925	0.566199	0.00710514
2.36209	0.541984	0.00685141
2.36492	0.564281	0.00697548
2.36775	0.557365	0.00745413
2.37057	0.565999	0.00812666
2.37339	0.566404	0.00833517
2.37620	0.562733	0.00809575
2.37902	0.565096	0.00776538
2.38182	0.544937	0.00833384
2.38462	0.528485	0.0103316
2.38742	0.551249	0.00959371
2.39022	0.547932	0.00830621
2.39301	0.540754	0.00794610
2.39580	0.542569	0.00786402
2.39858	0.558155	0.00780290
2.40136	0.547880	0.00786550
2.40414	0.550582	0.00817639
2.40691	0.546542	0.00854522
2.40968	0.532782	0.00867806
2.41245	0.523056	0.00901597
2.41522	0.539057	0.00974419
2.41798	0.537560	0.0103194
2.42074	0.520349	0.00989655
2.42350	0.517668	0.00903489
2.42625	0.517258	0.00838224
2.42901	0.510481	0.00835763
2.43176	0.513889	0.00947041
2.43451	0.490373	0.0107506
2.43726	0.492548	0.0111914
2.44000	0.476960	0.00976469
2.44275	0.497190	0.00963068
2.44550	0.473686	0.0109989
2.44824	0.481019	0.0129375
2.45098	0.469999	0.0128124
2.45373	0.478905	0.0118907
2.45647	0.463941	0.00990025
2.45922	0.478182	0.00961519
2.46196	0.463903	0.0104918
2.46470	0.448556	0.0129101
2.46745	0.242801	0.0101369
2.47020	0.437777	0.0130183
2.47294	0.431724	0.0135269
2.47569	0.416408	0.0135177
2.47845	0.425214	0.0132045
2.48120	0.449858	0.0151089
2.48396	0.442120	0.0179005
2.48672	0.423968	0.0191629
2.48948	0.408470	0.0199341
2.49224	0.417934	0.0208852
2.49501	0.422089	0.0198329
2.49779	0.439019	0.0179533
2.50056	0.414053	0.0166721
2.50335	0.402081	0.0186389
2.50614	0.402248	0.0213143
2.50893	0.388369	0.0233458
2.51173	0.433755	0.0255657
2.51453	0.375163	0.0334081
2.51735	0.408871	0.0376587
2.52017	0.394140	0.0372526
2.52299	0.342355	0.0331002
2.52583	0.398608	0.0368869
2.52867	0.475310	0.0519919
2.53153	0.448612	0.0745823
2.53439	0.399817	0.0969061
2.53726	0.374950	0.100861
2.54014	0.393302	0.0853763
2.54304	0.478084	0.0951404
2.54594	0.507858	0.132222
2.54886	0.622250	0.215860
2.55179	0.598252	0.244412
2.55473	0.358542	0.203460
2.55769	0.187699	0.138682
