#  ----------------------------------------------------------------------------------
# SpeX prism spectrum of 2MASS J15200224-4422419A (J15200224-4422419)
# Originally observed on 2006 Apr 08
# Average resolution = 200
# Originally published in Burgasser et al. (2007) ApJ, 658, 557
#
# PLEASE CITE THE ORIGINAL DATA REFERENCE WHEN PUBLISHING OR PRESENTING THESE DATA
#
# Near infrared spectral type: L1.5
# J magnitude = 13.55
# H magnitude = 12.73
# Ks magnitude = 12.27
#
#  Wavelength (micron)   F_lambda (normalized)  Noise (normalized as F_lambda)
#  ----------------------------------------------------------------------------------
0.643549	-0.0683044	0.120539
0.645807	0.248049	0.113987
0.648051	0.0607241	0.114788
0.650282	-0.306449	0.120515
0.652501	0.139982	0.122341
0.654708	0.364591	0.101120
0.656906	0.0811487	0.0841350
0.659094	-0.0807328	0.0814370
0.661274	-0.0357505	0.0774943
0.663447	-0.101131	0.0822847
0.665613	-0.0715183	0.0794151
0.667775	0.0396246	0.0777663
0.669931	0.0779305	0.0789810
0.672084	-0.100173	0.0724308
0.674235	-0.0462535	0.0671245
0.676383	-0.0957372	0.0679239
0.678530	0.0634862	0.0612772
0.680677	-0.0197243	0.0602346
0.682824	0.154167	0.0595763
0.684972	0.0517599	0.0607929
0.687123	0.106532	0.0623496
0.689275	0.0963535	0.0617620
0.691431	-0.0284261	0.0546208
0.693591	0.0602304	0.0535877
0.695756	0.0125619	0.0459327
0.697925	-0.0860047	0.0457823
0.700101	0.145520	0.0424046
0.702283	0.238860	0.0409949
0.704472	0.133842	0.0406373
0.706669	0.136819	0.0384406
0.708874	0.107960	0.0355803
0.711088	0.181598	0.0351461
0.713310	-0.0243167	0.0306247
0.715543	0.0511448	0.0273084
0.717786	0.0837196	0.0291466
0.720040	-0.00214757	0.0284506
0.722304	-0.0463578	0.0272867
0.724581	0.116586	0.0282836
0.726869	0.124266	0.0277733
0.729170	0.0270121	0.0273687
0.731484	0.126205	0.0246477
0.733811	0.0696235	0.0246309
0.736152	0.0306732	0.0229228
0.738506	0.0832601	0.0224648
0.740875	0.0731068	0.0205835
0.743259	-0.0172610	0.0209833
0.745658	0.0486129	0.0194201
0.748072	0.00593522	0.0200214
0.750502	0.0383244	0.0186273
0.752947	-0.0123152	0.0186790
0.755409	0.0110613	0.0179157
0.757887	-0.0279915	0.0195837
0.760382	-0.00151743	0.0242900
0.762894	-0.0606699	0.0294327
0.765424	0.0184680	0.0243234
0.767970	0.0201538	0.0188482
0.770534	0.0232850	0.0164768
0.773116	0.0528670	0.0158066
0.775716	0.0384589	0.0147169
0.778334	0.0203317	0.0149115
0.780970	0.0148928	0.0145057
0.783625	0.0102933	0.0149164
0.786298	0.0395181	0.0142599
0.788991	0.0517885	0.0144375
0.791702	0.0475049	0.0138556
0.794432	0.0800488	0.0135941
0.797181	0.0379359	0.0142486
0.799949	0.0486836	0.0142606
0.802737	0.0743609	0.0125354
0.805544	0.110796	0.0124194
0.808370	0.0989828	0.0119274
0.811216	0.130998	0.0122387
0.814081	0.157003	0.0119657
0.816966	0.130233	0.0118531
0.819871	0.126867	0.0116120
0.822795	0.156346	0.0116843
0.825739	0.134359	0.0111913
0.828703	0.182531	0.0111290
0.831686	0.149441	0.0109046
0.834689	0.133684	0.0107723
0.837712	0.168707	0.0101330
0.840755	0.158210	0.0100213
0.843817	0.170741	0.00960574
0.846899	0.143348	0.00941887
0.850001	0.134733	0.00884157
0.853122	0.167033	0.00891605
0.856262	0.158758	0.00839968
0.859422	0.148285	0.00849372
0.862602	0.141241	0.00876796
0.865801	0.148520	0.00890968
0.869019	0.153126	0.00852084
0.872256	0.119496	0.00830118
0.875513	0.149364	0.00820486
0.878789	0.182275	0.00842822
0.882083	0.189116	0.00847261
0.885397	0.162468	0.00849981
0.888729	0.173201	0.00825913
0.892080	0.186094	0.00827101
0.895450	0.192204	0.00823431
0.898838	0.217677	0.00826430
0.902244	0.222413	0.00788465
0.905669	0.239198	0.00777763
0.909112	0.280305	0.00763125
0.912572	0.294946	0.00770852
0.916051	0.340088	0.00764731
0.919547	0.358676	0.00757502
0.923061	0.340083	0.00732025
0.926592	0.340075	0.00746817
0.930141	0.359842	0.00799523
0.933706	0.356655	0.00858418
0.937289	0.371285	0.00857723
0.940888	0.385555	0.00843361
0.944504	0.411329	0.00838475
0.948137	0.432758	0.00834010
0.951786	0.455735	0.00826549
0.955451	0.473502	0.00807838
0.959132	0.465127	0.00725230
0.962829	0.448166	0.00698301
0.966541	0.469178	0.00699473
0.970269	0.493732	0.00691469
0.974012	0.523601	0.00666056
0.977771	0.539976	0.00672190
0.981544	0.567612	0.00666651
0.985332	0.551872	0.00651341
0.989134	0.468267	0.00623466
0.992951	0.380470	0.00646542
0.996782	0.367742	0.00659979
1.00063	0.408914	0.00653214
1.00449	0.409866	0.00627959
1.00836	0.459776	0.00616590
1.01224	0.474386	0.00622926
1.01614	0.494039	0.00645564
1.02005	0.505688	0.00639401
1.02398	0.486663	0.00617894
1.02792	0.481513	0.00626254
1.03187	0.492981	0.00616461
1.03583	0.552454	0.00605227
1.03980	0.570479	0.00608478
1.04379	0.610141	0.00599608
1.04778	0.616319	0.00574330
1.05179	0.616071	0.00556499
1.05581	0.595186	0.00532441
1.05984	0.597021	0.00507374
1.06388	0.628563	0.00512984
1.06793	0.642211	0.00584610
1.07199	0.670955	0.00575905
1.07607	0.705544	0.00578094
1.08015	0.717112	0.00572711
1.08424	0.749342	0.00599432
1.08834	0.815456	0.00607612
1.09245	0.824909	0.00602009
1.09657	0.837083	0.00613511
1.10070	0.826648	0.00598564
1.10483	0.811560	0.00560023
1.10898	0.784795	0.00523905
1.11313	0.791864	0.00515994
1.11729	0.805506	0.00520187
1.12146	0.821782	0.00535094
1.12564	0.839521	0.00558109
1.12982	0.834627	0.00594995
1.13401	0.786688	0.00610724
1.13821	0.714566	0.00559800
1.14241	0.733946	0.00583298
1.14662	0.836169	0.00597641
1.15084	0.900576	0.00578596
1.15506	0.897712	0.00565273
1.15929	0.890344	0.00561292
1.16353	0.862189	0.00529332
1.16777	0.809936	0.00498111
1.17201	0.785108	0.00459536
1.17627	0.742591	0.00441983
1.18052	0.767526	0.00429136
1.18478	0.834130	0.00427176
1.18905	0.851137	0.00422841
1.19332	0.805769	0.00428227
1.19759	0.739960	0.00467590
1.20187	0.716994	0.00501736
1.20615	0.763534	0.00479277
1.21043	0.799495	0.00501452
1.21472	0.826385	0.00507217
1.21901	0.868534	0.00488267
1.22331	0.905902	0.00500785
1.22760	0.935559	0.00509173
1.23190	0.902738	0.00493442
1.23620	0.877849	0.00470777
1.24051	0.803005	0.00438465
1.24482	0.785669	0.00418444
1.24912	0.797247	0.00409121
1.25343	0.839380	0.00417023
1.25775	0.909576	0.00431671
1.26206	0.967523	0.00460004
1.26637	0.982933	0.00498533
1.27069	1.01063	0.00544271
1.27500	1.01911	0.00583541
1.27932	1.03302	0.00591320
1.28364	1.00807	0.00518420
1.28796	0.987915	0.00512009
1.29227	0.982852	0.00520053
1.29659	0.999396	0.00488130
1.30091	0.990055	0.00475492
1.30523	0.982567	0.00507216
1.30955	0.994865	0.00495197
1.31386	0.991520	0.00492298
1.31818	1.00493	0.00460865
1.32249	1.00454	0.00453877
1.32681	0.962554	0.00430359
1.33112	0.864796	0.00404166
1.33543	0.712599	0.00376830
1.33974	0.645347	0.00361189
1.34405	0.616463	0.00360664
1.34836	0.589979	0.00394750
1.35267	0.567133	0.00432475
1.35697	0.550538	0.00517829
1.36127	0.560092	0.00640456
1.36557	0.567910	0.00776185
1.36987	0.580918	0.00773476
1.37416	0.569290	0.00647499
1.37845	0.573428	0.00622958
1.38274	0.586138	0.00717898
1.38703	0.583710	0.00693960
1.39131	0.606185	0.00613504
1.39559	0.562552	0.00608237
1.39987	0.529958	0.00653518
1.40414	0.520501	0.00665599
1.40841	0.511912	0.00646847
1.41268	0.517008	0.00616516
1.41694	0.512549	0.00597420
1.42120	0.506413	0.00524105
1.42546	0.499204	0.00440838
1.42971	0.491697	0.00432234
1.43395	0.491776	0.00490651
1.43820	0.502337	0.00482105
1.44244	0.526260	0.00417385
1.44667	0.516913	0.00405103
1.45090	0.533078	0.00479190
1.45513	0.548150	0.00486568
1.45935	0.553415	0.00482534
1.46357	0.548645	0.00471761
1.46778	0.547824	0.00455441
1.47199	0.536268	0.00450564
1.47619	0.556775	0.00446034
1.48039	0.550054	0.00461756
1.48458	0.556020	0.00479863
1.48877	0.565500	0.00466725
1.49295	0.577041	0.00427916
1.49713	0.578265	0.00357568
1.50130	0.597281	0.00393505
1.50547	0.611706	0.00554952
1.50963	0.614819	0.00595503
1.51378	0.626377	0.00402059
1.51793	0.628902	0.00372902
1.52208	0.645047	0.00444959
1.52622	0.668696	0.00491111
1.53035	0.668607	0.00493958
1.53448	0.676469	0.00503242
1.53860	0.670620	0.00479672
1.54271	0.686456	0.00470752
1.54682	0.705853	0.00447417
1.55093	0.716250	0.00427006
1.55503	0.718962	0.00448102
1.55912	0.723183	0.00464836
1.56320	0.730921	0.00471167
1.56728	0.732090	0.00475568
1.57136	0.738718	0.00420249
1.57542	0.758507	0.00387694
1.57948	0.759113	0.00444146
1.58354	0.712988	0.00600129
1.58759	0.706433	0.00565296
1.59163	0.721075	0.00415776
1.59567	0.734237	0.00376397
1.59970	0.758069	0.00439754
1.60372	0.757618	0.00522506
1.60774	0.738062	0.00555311
1.61175	0.722821	0.00519875
1.61575	0.718882	0.00508926
1.61975	0.737411	0.00462890
1.62374	0.758677	0.00489679
1.62772	0.727133	0.00449298
1.63170	0.728534	0.00418608
1.63567	0.758979	0.00454623
1.63964	0.747750	0.00454447
1.64360	0.763840	0.00456580
1.64755	0.788670	0.00499074
1.65149	0.784453	0.00481497
1.65543	0.791928	0.00424954
1.65936	0.780663	0.00373788
1.66329	0.792598	0.00357709
1.66721	0.777983	0.00483263
1.67112	0.764485	0.00608394
1.67503	0.774993	0.00523118
1.67893	0.794566	0.00383198
1.68282	0.798380	0.00365656
1.68671	0.804385	0.00415685
1.69059	0.782629	0.00494762
1.69446	0.779699	0.00503357
1.69833	0.772610	0.00483089
1.70219	0.777187	0.00507170
1.70604	0.765133	0.00466017
1.70989	0.762123	0.00453651
1.71373	0.748471	0.00466467
1.71756	0.727304	0.00421199
1.72139	0.705694	0.00403179
1.72521	0.709072	0.00437103
1.72902	0.690792	0.00416466
1.73283	0.686483	0.00419997
1.73663	0.660067	0.00450459
1.74043	0.637820	0.00466526
1.74422	0.641023	0.00456072
1.74800	0.638117	0.00429369
1.75178	0.610197	0.00382805
1.75555	0.593476	0.00347015
1.75931	0.574381	0.00329257
1.76307	0.579019	0.00460296
1.76682	0.550023	0.00569928
1.77056	0.541673	0.00525320
1.77430	0.524406	0.00358072
1.77803	0.513929	0.00339545
1.78176	0.510245	0.00370392
1.78548	0.493935	0.00428399
1.78919	0.484335	0.00465643
1.79290	0.480978	0.00406710
1.79660	0.476272	0.00416143
1.80030	0.467731	0.00532223
1.80399	0.440613	0.00514385
1.80767	0.449837	0.00516459
1.81135	0.458124	0.00562096
1.81502	0.462482	0.00550711
1.81869	0.453538	0.00477414
1.82235	0.454103	0.00533115
1.82600	0.467428	0.00592079
1.82965	0.457458	0.00593492
1.83329	0.442725	0.00562581
1.83693	0.440728	0.00647730
1.84056	0.405857	0.00709240
1.84418	0.441752	0.00777976
1.84780	0.411649	0.00805172
1.85141	0.434649	0.00834674
1.85502	0.414204	0.00792106
1.85862	0.375880	0.00698627
1.86222	0.373252	0.00567961
1.86581	0.417931	0.00542821
1.86940	0.421335	0.00770073
1.87298	0.401045	0.0139211
1.87655	0.363216	0.0114240
1.88012	0.413895	0.00682743
1.88368	0.433774	0.00509929
1.88724	0.438862	0.00482591
1.89079	0.414375	0.00503340
1.89434	0.424532	0.00497738
1.89788	0.428515	0.00503789
1.90142	0.424172	0.00630797
1.90495	0.421653	0.00701488
1.90848	0.448495	0.00631121
1.91200	0.442990	0.00552487
1.91551	0.430285	0.00536509
1.91902	0.434300	0.00554478
1.92253	0.425875	0.00618735
1.92603	0.432535	0.00626808
1.92952	0.411215	0.00513104
1.93301	0.396082	0.00441553
1.93650	0.412088	0.00453594
1.93998	0.388941	0.00430536
1.94345	0.382703	0.00387540
1.94692	0.378050	0.00369578
1.95039	0.383597	0.00449434
1.95385	0.388671	0.00570996
1.95730	0.379540	0.00596194
1.96075	0.397467	0.00560203
1.96420	0.386197	0.00554159
1.96764	0.394929	0.00521279
1.97108	0.390235	0.00472417
1.97451	0.360792	0.00445959
1.97793	0.347352	0.00418828
1.98136	0.346479	0.00379422
1.98477	0.355811	0.00307248
1.98818	0.351896	0.00298437
1.99159	0.355032	0.00305091
1.99499	0.379207	0.00334029
1.99839	0.406661	0.00544943
2.00179	0.375985	0.0105313
2.00517	0.347930	0.0116499
2.00856	0.383119	0.00824799
2.01194	0.391150	0.00741528
2.01531	0.379241	0.00689860
2.01868	0.362300	0.00593184
2.02205	0.378639	0.00470064
2.02541	0.376119	0.00462183
2.02876	0.369163	0.00454954
2.03212	0.378078	0.00414369
2.03546	0.386806	0.00379490
2.03881	0.382630	0.00411228
2.04214	0.385660	0.00465684
2.04548	0.389714	0.00409579
2.04881	0.396343	0.00374682
2.05213	0.398109	0.00460654
2.05545	0.392066	0.00578215
2.05876	0.406334	0.00540354
2.06208	0.409281	0.00404925
2.06538	0.395924	0.00374190
2.06868	0.400315	0.00392087
2.07198	0.417331	0.00451233
2.07527	0.398658	0.00420851
2.07856	0.412486	0.00336926
2.08185	0.411629	0.00320075
2.08512	0.413304	0.00343427
2.08840	0.417903	0.00359510
2.09167	0.427885	0.00356618
2.09494	0.418164	0.00318447
2.09820	0.421799	0.00291152
2.10145	0.429915	0.00301946
2.10470	0.431622	0.00331896
2.10795	0.424005	0.00354390
2.11120	0.437524	0.00369082
2.11443	0.436782	0.00354457
2.11767	0.442707	0.00353298
2.12090	0.440391	0.00352672
2.12412	0.446157	0.00359992
2.12734	0.444233	0.00352962
2.13056	0.446133	0.00330808
2.13377	0.444413	0.00325809
2.13697	0.453445	0.00319643
2.14018	0.447153	0.00299575
2.14337	0.452407	0.00296134
2.14656	0.465183	0.00309902
2.14975	0.454602	0.00391499
2.15294	0.452636	0.00448281
2.15611	0.451999	0.00404442
2.15929	0.465851	0.00348031
2.16246	0.448757	0.00322626
2.16562	0.449850	0.00317414
2.16878	0.456523	0.00326230
2.17193	0.459038	0.00339507
2.17508	0.454003	0.00331935
2.17823	0.453003	0.00351231
2.18137	0.457285	0.00398693
2.18450	0.451396	0.00365169
2.18763	0.453204	0.00348591
2.19076	0.448415	0.00340702
2.19388	0.445242	0.00358730
2.19700	0.448667	0.00411193
2.20011	0.450154	0.00398633
2.20321	0.444786	0.00353400
2.20631	0.437162	0.00363699
2.20941	0.439549	0.00351996
2.21250	0.449368	0.00380168
2.21559	0.449202	0.00385664
2.21867	0.438887	0.00328263
2.22175	0.441952	0.00314514
2.22482	0.445600	0.00336309
2.22788	0.446185	0.00345633
2.23094	0.437570	0.00368603
2.23400	0.441340	0.00383714
2.23705	0.434907	0.00351692
2.24010	0.441052	0.00325485
2.24314	0.432534	0.00324778
2.24617	0.433903	0.00338893
2.24920	0.432810	0.00345983
2.25223	0.427196	0.00354273
2.25525	0.425965	0.00357989
2.25826	0.429076	0.00339118
2.26127	0.425393	0.00338374
2.26428	0.422186	0.00344600
2.26728	0.415629	0.00345639
2.27027	0.414038	0.00350047
2.27326	0.411688	0.00358011
2.27625	0.418486	0.00361764
2.27922	0.414907	0.00348106
2.28220	0.409760	0.00337689
2.28517	0.414126	0.00343638
2.28813	0.416511	0.00343962
2.29109	0.412007	0.00352414
2.29404	0.367366	0.00346929
2.29699	0.329941	0.00345657
2.29993	0.335506	0.00348758
2.30287	0.353035	0.00349759
2.30580	0.348338	0.00337682
2.30873	0.353555	0.00344395
2.31165	0.348024	0.00320328
2.31457	0.353169	0.00321858
2.31748	0.348307	0.00360232
2.32038	0.341131	0.00377825
2.32328	0.320179	0.00341330
2.32618	0.305521	0.00321816
2.32907	0.307330	0.00319186
2.33196	0.316589	0.00327142
2.33484	0.316708	0.00332187
2.33772	0.317417	0.00336080
2.34059	0.314353	0.00353834
2.34346	0.318594	0.00359853
2.34632	0.318091	0.00363762
2.34917	0.321295	0.00379239
2.35203	0.313659	0.00378624
2.35487	0.295139	0.00369289
2.35772	0.296534	0.00365419
2.36056	0.297242	0.00348564
2.36339	0.303871	0.00332360
2.36622	0.305607	0.00345076
2.36905	0.308898	0.00396257
2.37187	0.302016	0.00462848
2.37468	0.302148	0.00459913
2.37750	0.299613	0.00408335
2.38030	0.288713	0.00375706
2.38311	0.287735	0.00359689
2.38591	0.273061	0.00358296
2.38871	0.276267	0.00358553
2.39150	0.277656	0.00356399
2.39429	0.282228	0.00356751
2.39707	0.273142	0.00351732
2.39986	0.273580	0.00346066
2.40264	0.274892	0.00343835
2.40541	0.264682	0.00350409
2.40818	0.256768	0.00350447
2.41095	0.255905	0.00342444
2.41372	0.253226	0.00350471
2.41648	0.250971	0.00377808
2.41925	0.249377	0.00377383
2.42201	0.250935	0.00356438
2.42476	0.243897	0.00349854
2.42752	0.234675	0.00350594
2.43027	0.232255	0.00337588
2.43302	0.225142	0.00377675
2.43577	0.225611	0.00415120
2.43852	0.222556	0.00373451
2.44127	0.228753	0.00337309
2.44401	0.220068	0.00373487
2.44676	0.221255	0.00406790
2.44950	0.218881	0.00430852
2.45224	0.200981	0.00434716
2.45499	0.205863	0.00417735
2.45773	0.212508	0.00430117
2.46048	0.209966	0.00383656
2.46322	0.207194	0.00384189
2.46596	0.203895	0.00400560
2.46871	0.193388	0.00376897
2.47146	0.191695	0.00446314
2.47421	0.184879	0.00442149
2.47696	0.188388	0.00387488
2.47971	0.198387	0.00422187
2.48247	0.183367	0.00487740
2.48522	0.191786	0.00524086
2.48798	0.176661	0.00532130
2.49075	0.173741	0.00523533
2.49351	0.174456	0.00554281
2.49629	0.180093	0.00537988
2.49906	0.180862	0.00454487
2.50184	0.182036	0.00474540
2.50463	0.170991	0.00558976
2.50742	0.165961	0.00565667
2.51021	0.174274	0.00612052
2.51302	0.185502	0.00684535
2.51583	0.155317	0.00839847
2.51864	0.143810	0.00911900
2.52146	0.163193	0.00738464
2.52430	0.173534	0.00730721
2.52714	0.154909	0.00906035
2.52998	0.158309	0.0110242
2.53284	0.162977	0.0152517
2.53571	0.145871	0.0166161
2.53858	0.132274	0.0149396
2.54147	0.167922	0.0131095
2.54437	0.178267	0.0165842
2.54728	0.153487	0.0270968
2.55020	0.184369	0.0301858
