#  ----------------------------------------------------------------------------------
# SpeX prism spectrum of SDSS J135852.68+374711.9 (J13585269+3747137)
# Originally observed on 2005 Apr 08
# Average resolution = 120
# Originally published in Chiu et al. (2006) AJ 131, 2722
#
# PLEASE CITE THE ORIGINAL DATA REFERENCE WHEN PUBLISHING OR PRESENTING THESE DATA
#
# Near infrared spectral type: T4.5+/-1
# J magnitude = 16.46
# H magnitude = 16.142
# Ks magnitude = 16.099
#
#  Wavelength (micron)   F_lambda (normalized)  Noise (normalized as F_lambda)
#  ----------------------------------------------------------------------------------
0.870104	0.0375919	0.00957895
0.873348	0.0443261	0.0444544
0.876611	0.0692421	0.0134257
0.879893	0.0867581	0.0241947
0.883194	0.0486073	0.0160674
0.886514	0.0614003	0.0530682
0.889852	0.0889231	0.0533157
0.893210	0.0573949	0.0467643
0.896586	0.0949045	0.0337656
0.899980	0.0919317	0.0598378
0.903392	0.0954167	0.0208084
0.906823	0.103884	0.00253179
0.910272	0.0873199	0.0587294
0.913738	0.131826	0.0183576
0.917223	0.139047	0.0129185
0.920725	0.110363	0.0358876
0.924245	0.114966	0.0500599
0.927782	0.0918145	0.0438737
0.931336	0.134506	0.0488207
0.934908	0.127705	0.0322989
0.938496	0.133441	0.0772961
0.942101	0.171121	0.00953589
0.945722	0.171319	0.0774901
0.949361	0.182497	0.0440182
0.953015	0.190609	0.0687381
0.956685	0.173803	0.000700228
0.960372	0.177342	0.00735072
0.964074	0.227743	0.0378399
0.967791	0.249078	0.0209649
0.971525	0.212179	0.0286443
0.975273	0.271934	0.0169115
0.979036	0.249076	0.0304334
0.982814	0.260138	0.0197281
0.986607	0.309814	0.0553089
0.990415	0.253553	0.00830594
0.994236	0.304737	0.0139320
0.998072	0.369285	0.0370837
1.00192	0.306144	0.0232307
1.00578	0.418437	0.0142117
1.00966	0.385531	0.0134202
1.01355	0.434473	0.0368233
1.01745	0.447772	0.0506609
1.02137	0.463469	0.00218545
1.02530	0.492994	0.0126861
1.02924	0.573739	0.00569959
1.03319	0.554787	0.0589698
1.03716	0.597119	0.0203149
1.04114	0.621208	0.0318319
1.04513	0.596447	0.0427051
1.04913	0.692336	0.0402704
1.05314	0.652529	0.0112025
1.05716	0.644364	0.0142997
1.06120	0.742644	0.0200062
1.06524	0.722284	0.0120957
1.06930	0.728661	0.00501904
1.07336	0.749063	0.0359661
1.07744	0.809653	0.0116762
1.08152	0.788988	0.0177686
1.08561	0.771070	0.0522246
1.08972	0.699919	0.0269676
1.09383	0.639926	0.0143381
1.09795	0.577144	0.00895173
1.10208	0.496488	0.00365493
1.10622	0.426080	0.0318459
1.11037	0.321750	0.00903552
1.11453	0.274879	0.00389632
1.11869	0.270083	0.0283551
1.12286	0.305933	0.00701627
1.12704	0.268598	0.000232053
1.13123	0.274584	0.00179706
1.13542	0.256438	0.0176245
1.13962	0.263143	0.00451853
1.14383	0.258571	0.000153242
1.14804	0.264979	0.00952664
1.15226	0.239216	0.0228710
1.15648	0.269734	0.0240615
1.16071	0.237396	0.0381751
1.16495	0.252769	0.0258821
1.16919	0.249334	0.0115008
1.17344	0.262432	0.00762231
1.17769	0.314769	0.0209130
1.18195	0.330637	0.00482163
1.18621	0.405776	0.0190181
1.19048	0.456935	0.0218443
1.19475	0.497614	0.0205125
1.19903	0.534043	0.00647077
1.20330	0.580636	0.00147654
1.20759	0.624109	0.0522863
1.21187	0.671351	0.0268598
1.21616	0.712935	0.0225971
1.22045	0.721343	0.00154551
1.22475	0.799169	0.0219171
1.22905	0.811461	0.0247393
1.23335	0.801070	0.0159352
1.23765	0.857462	0.00728439
1.24196	0.879182	0.0174908
1.24626	0.875442	0.0160865
1.25057	0.910827	0.0157116
1.25488	0.971045	0.0114623
1.25919	1.03701	0.0368751
1.26351	1.02836	0.0181194
1.26782	1.01762	0.0131020
1.27214	1.02319	0.0233774
1.27645	0.998763	0.0165258
1.28077	1.02072	0.0333049
1.28509	1.02203	0.0714783
1.28941	0.980698	0.0216443
1.29372	0.955680	0.0362864
1.29804	0.944878	0.0442304
1.30236	0.910548	0.00270306
1.30668	0.854886	0.00443283
1.31100	0.811655	0.0207522
1.31531	0.814014	0.0171424
1.31963	0.726535	0.00662103
1.32394	0.618713	0.000202604
1.32826	0.451038	0.00453514
1.33257	0.299380	0.00129843
1.33688	0.154475	0.00297748
1.34119	0.0730546	0.00528883
1.34550	0.0567436	0.00444550
1.34981	0.0616436	0.0275411
1.35411	0.0500175	0.0152354
1.35841	0.0325620	0.0446594
1.36271	0.0185990	0.00167435
1.36701	0.0191772	0.0247737
1.37131	0.0255540	0.0163586
1.37560	0.0316989	0.0151026
1.37989	0.0665498	0.00132957
1.38418	0.0246683	0.00568932
1.38847	0.0246204	0.00485712
1.39275	0.0498834	0.0314470
1.39703	0.0816171	0.0318459
1.40130	0.0299123	0.0345973
1.40557	0.0338332	0.0196349
1.40984	0.0229379	0.0151533
1.41411	0.00938267	0.00462085
1.41837	0.0239138	0.0217311
1.42263	0.0404940	0.0220640
1.42688	0.0499280	0.0315000
1.43113	0.0414749	0.00740579
1.43538	0.0483040	0.000314237
1.43962	0.0326635	0.0153583
1.44386	0.0783331	0.00999082
1.44809	0.0618574	0.0271922
1.45232	0.0829348	0.0237999
1.45655	0.105706	0.00104329
1.46077	0.0741297	0.0206115
1.46498	0.0899459	0.00710536
1.46919	0.0798905	0.0183297
1.47340	0.107393	0.00324480
1.47760	0.109679	0.0126226
1.48180	0.110903	0.0338078
1.48599	0.0922506	0.00523225
1.49017	0.153552	0.000412991
1.49435	0.165620	0.0137387
1.49853	0.167325	0.0157536
1.50270	0.151640	0.00585505
1.50686	0.156643	0.0134877
1.51102	0.222592	0.0413177
1.51518	0.208699	0.00619695
1.51933	0.229657	0.00665202
1.52347	0.260123	0.0120789
1.52761	0.303467	0.00846531
1.53174	0.323489	0.0116346
1.53586	0.320555	0.0327687
1.53998	0.308507	0.0451925
1.54410	0.371207	0.00272125
1.54820	0.396390	0.0212337
1.55230	0.414079	0.0364052
1.55640	0.428044	0.00678595
1.56049	0.415493	0.0476434
1.56457	0.450966	0.00675131
1.56865	0.466967	0.0134501
1.57272	0.486018	0.0183586
1.57679	0.487345	0.0234370
1.58085	0.439358	0.0120995
1.58490	0.517443	0.0110683
1.58895	0.455888	0.0112615
1.59299	0.470418	0.0109066
1.59702	0.464283	0.0152393
1.60105	0.433346	0.0456892
1.60507	0.377733	0.0135478
1.60908	0.335421	0.0270999
1.61309	0.247660	0.0117787
1.61709	0.231663	0.0284499
1.62109	0.207065	0.00153177
1.62508	0.207954	0.00214825
1.62906	0.194747	0.0194271
1.63304	0.183876	0.00810537
1.63700	0.164233	0.00513913
1.64097	0.185457	0.0175134
1.64492	0.156315	0.0287948
1.64887	0.201375	0.00239721
1.65282	0.208230	0.0131041
1.65675	0.196512	0.00624241
1.66068	0.180172	0.0114601
1.66461	0.173012	0.00509328
1.66852	0.113315	0.0275764
1.67243	0.128814	0.000249789
1.67634	0.147037	0.0100563
1.68023	0.140010	0.00759687
1.68413	0.184894	0.00578190
1.68801	0.164207	0.0162044
1.69189	0.162320	0.0271132
1.69576	0.187064	0.0118515
1.69962	0.167038	0.0314985
1.70348	0.120772	0.0148005
1.70733	0.156479	0.0287903
1.71118	0.147590	0.000244759
1.71501	0.160467	0.00840734
1.71885	0.161972	0.0129539
1.72267	0.155991	0.00219558
1.72649	0.161452	0.0164606
1.73030	0.151649	0.00694014
1.73411	0.146929	0.0122764
1.73791	0.110972	0.0177356
1.74170	0.141114	0.00185143
1.74549	0.146406	0.00276060
1.74927	0.119646	0.00471263
1.75304	0.101904	0.0114422
1.75681	0.101223	0.0158197
1.76057	0.0994581	0.00582388
1.76433	0.0678820	0.00480553
1.76808	0.105493	0.0174467
1.77182	0.100402	0.0119147
1.77556	0.0527678	0.0108945
1.77929	0.0666759	0.00382306
1.78301	0.0683716	0.0105002
1.78673	0.0572256	0.0137224
1.79044	0.0621457	0.00715527
1.79415	0.0702242	0.00113228
1.79784	0.0350153	0.00395219
1.80154	0.0524401	0.0128281
1.80523	0.0354630	0.00415658
1.80891	0.0448559	0.0242797
1.81258	0.0309926	0.00880922
1.81625	0.0327898	0.0205900
1.81992	0.0684968	0.00458268
1.82357	0.0690300	0.0187938
1.82723	0.0952925	0.0169366
1.83087	0.106851	0.0188228
1.83451	0.0661975	0.0337221
1.83815	0.0140321	0.0198476
1.84177	0.0518716	0.0234882
1.84540	0.0278669	0.00273923
1.84901	0.0859231	0.0400072
1.85263	0.0482090	0.00528379
1.85623	0.0574532	0.00534652
1.85983	0.0555073	0.0104814
1.86343	0.0340490	0.00369818
1.86702	0.0455310	0.0104225
1.87060	0.0537528	0.0150105
1.87418	0.0242610	0.00352504
1.87775	0.0705220	0.0203199
1.88132	0.0779078	0.0132489
1.88488	0.0838520	0.0156191
1.88843	0.0585095	0.00154125
1.89198	0.0649292	0.0140119
1.89553	0.0875776	0.0328925
1.89907	0.0674957	0.0118799
1.90260	0.0619259	0.0139510
1.90613	0.0535653	0.0109610
1.90966	0.0781453	0.00441425
1.91318	0.0705068	0.00878691
1.91669	0.0569833	0.00618401
1.92020	0.0497293	0.0201204
1.92370	0.0732138	0.00459375
1.92720	0.0664245	0.0164815
1.93070	0.0691108	0.00816723
1.93418	0.0534609	0.00804926
1.93767	0.0342875	0.00322328
1.94115	0.0383092	0.000177171
1.94462	0.0370104	0.00159861
1.94809	0.0620063	0.00486964
1.95155	0.0628177	0.00486655
1.95501	0.0377640	0.00108104
1.95846	0.0542577	0.0162416
1.96191	0.0644618	0.0186493
1.96536	0.0423354	0.0200319
1.96880	0.0656706	0.00496698
1.97223	0.0551160	0.0349295
1.97566	0.0651628	0.00764164
1.97908	0.0643065	0.0209927
1.98250	0.0628997	0.0173089
1.98592	0.0544071	0.0143437
1.98933	0.0686036	0.00695834
1.99273	0.0763236	0.0126945
1.99614	0.100372	0.0121657
1.99953	0.0809141	0.0312367
2.00292	0.104387	0.0268330
2.00631	0.0633662	0.0474663
2.00969	0.0615492	0.00484059
2.01307	0.0944040	0.00251739
2.01644	0.0945724	0.00911738
2.01981	0.0999563	0.0114801
2.02318	0.0919930	0.0331219
2.02654	0.103569	0.00570246
2.02989	0.0948393	0.00771058
2.03324	0.116318	0.00958656
2.03659	0.112198	0.0210028
2.03993	0.100707	0.00433918
2.04326	0.117808	0.0109558
2.04659	0.0992850	0.00191457
2.04992	0.117691	0.0171424
2.05325	0.130424	0.0181269
2.05656	0.116743	0.0162683
2.05988	0.119808	0.00502034
2.06319	0.0985106	0.0110175
2.06649	0.124511	0.00504133
2.06979	0.125313	0.0178965
2.07309	0.134868	0.00323416
2.07638	0.116352	0.00819737
2.07967	0.101521	0.0127323
2.08295	0.131324	0.00533665
2.08623	0.115540	0.00545456
2.08950	0.136950	0.00830415
2.09277	0.126870	0.00370346
2.09603	0.122338	0.00310274
2.09929	0.136574	0.00372218
2.10255	0.105853	0.0149594
2.10580	0.128982	0.00317455
2.10904	0.121649	0.00895636
2.11228	0.121855	0.00727667
2.11552	0.109721	0.0202641
2.11875	0.110577	0.00855918
2.12198	0.120905	0.0196327
2.12520	0.104449	0.00403168
2.12842	0.115541	0.00189374
2.13164	0.107237	0.00581384
2.13484	0.113566	0.00987233
2.13805	0.118857	0.0140670
2.14125	0.102280	0.00790451
2.14444	0.111294	0.00426752
2.14764	0.111869	0.0105478
2.15082	0.0998639	0.000594167
2.15400	0.109297	0.00583838
2.15718	0.111554	0.00838615
2.16035	0.0928380	0.0109764
2.16352	0.0921466	0.0208397
2.16668	0.0961919	0.00819842
2.16984	0.0860993	0.0197417
2.17299	0.0996979	0.0208298
2.17614	0.0818344	0.00327328
2.17928	0.0905201	0.00708475
2.18242	0.0851099	0.000288170
2.18556	0.0812656	0.0163747
2.18868	0.0731067	0.0144728
2.19181	0.0628333	0.00328557
2.19493	0.0597066	0.00591692
2.19804	0.0473542	0.0134113
2.20115	0.0330314	0.00767872
2.20426	0.0335571	0.000697239
2.20735	0.0217290	0.00452088
2.21045	0.0267683	0.00303058
2.21354	0.0378744	0.00979190
2.21662	0.0422008	0.00851105
2.21970	0.0426794	0.00271346
2.22278	0.0376569	0.00178974
2.22585	0.0428353	0.0189068
2.22891	0.0528975	0.00424710
2.23197	0.0372113	0.00794629
2.23502	0.0370308	0.00217035
2.23807	0.0330951	0.00508705
2.24112	0.0187700	0.00822028
2.24416	0.0293463	0.00386059
2.24719	0.0305738	0.00248768
2.25022	0.0205102	0.00567150
2.25324	0.0341540	0.0171310
2.25626	0.0189831	0.0107708
2.25928	0.0182575	0.00441376
2.26228	0.0233145	0.000470197
2.26529	0.0267406	0.0108474
2.26828	0.00357356	0.00123027
2.27128	0.0328890	0.00399261
2.27426	0.0390689	0.000942285
2.27725	0.0299219	0.00132381
2.28022	0.0181781	0.0145577
2.28320	0.0206028	0.00122164
2.28616	0.0127496	0.00395450
2.28912	0.0131432	0.00559218
2.29208	0.0155436	0.00215278
2.29503	0.0180898	0.00754531
2.29798	0.0268367	0.00667460
2.30092	0.0149613	0.00553594
2.30385	0.0229724	0.0100766
2.30678	0.0267552	0.0179280
2.30971	0.0272881	0.000513255
2.31263	0.0295803	0.00428093
2.31554	0.0160508	0.00417014
2.31845	0.0199309	0.0110674
2.32136	0.0157697	0.00566195
2.32426	0.0219683	0.00687020
2.32715	-0.00158690	0.0174152
2.33004	0.00919775	0.0121469
2.33293	0.0107584	0.00621305
2.33581	0.0128465	0.00728232
2.33868	0.0268497	0.000347291
2.34155	0.0162072	0.00661161
2.34442	0.0187525	0.000428531
2.34728	0.0198675	0.00327599
2.35013	0.0172767	8.25647e-05
2.35298	0.0263184	0.0143842
2.35583	0.0490361	0.0125783
2.35867	0.00429838	0.0197556
2.36151	0.0121702	0.00230688
2.36434	0.0142399	0.0162481
2.36717	0.0201572	0.00198464
2.36999	0.0120530	0.000714495
2.37281	0.0361699	0.0202648
2.37563	0.0206609	0.00497171
2.37844	0.0251431	0.00836593
2.38125	0.0189868	0.00716706
2.38405	0.0180346	0.00384352
2.38685	0.00984842	0.0113219
2.38964	0.0331642	0.00140583
2.39244	0.0254812	0.0156449
2.39522	-0.00107688	0.00716326
2.39801	0.0230228	0.0134483
2.40079	0.0243928	0.00496199
2.40357	0.0172590	0.00975160
2.40634	0.0286392	0.00322419
2.40911	0.0217126	0.00520715
2.41188	0.0291745	0.0394090
2.41465	0.0209630	0.0187406
2.41741	-0.00380437	0.00956111
2.42017	0.0138707	0.00597579
2.42293	0.0252848	0.00365176
2.42569	0.00105669	0.00342746
2.42844	0.0397484	0.0118431
2.43119	0.0156360	0.0205078
2.43394	0.0406038	0.0311224
2.43669	0.0272662	0.00472365
2.43944	0.0245558	0.00510703
2.44219	0.0220282	0.00207088
2.44493	0.0120741	0.00194045
2.44768	0.0312728	0.000958917
2.45042	0.0118376	0.0397835
2.45317	0.0199029	0.0212635
2.45591	0.0448934	0.0211280
2.45865	0.0116307	0.00396040
2.46140	0.0273516	0.00161034
2.46414	0.0473101	0.0296956
2.46689	0.0338125	0.0187481
2.46963	0.0652032	0.0121794
2.47238	0.0138709	0.0308890
