#  ----------------------------------------------------------------------------------
# SpeX prism spectrum of 2MASSW J0208236+273740 (J02082363+2737400)
# Originally observed on 2008 Sep 07
# Average resolution = 120
# Originally published in Burgasser et al. (2010) ApJ, 710, 1142-1169
#
# PLEASE CITE THE ORIGINAL DATA REFERENCE WHEN PUBLISHING OR PRESENTING THESE DATA
#
# Optical spectral type: L5
# J magnitude = 15.714
# H magnitude = 14.56
# Ks magnitude = 13.872
#
#  Wavelength (micron)   F_lambda (normalized)  Noise (normalized as F_lambda)
#  ----------------------------------------------------------------------------------
0.645857	0.418760	0.234150
0.648101	0.0265314	0.231201
0.650331	0.308991	0.228301
0.652550	-0.0781325	0.212174
0.654757	-0.0366643	0.195722
0.656954	0.0817223	0.176855
0.659142	0.419822	0.165615
0.661322	0.229956	0.159252
0.663495	0.288693	0.170516
0.665661	-0.443778	0.164716
0.667822	-0.0548853	0.163053
0.669979	-0.392852	0.156460
0.672132	0.112999	0.153519
0.674282	0.136003	0.153199
0.676430	0.0599768	0.140028
0.678577	0.0477501	0.137307
0.680724	-0.0699796	0.136223
0.682871	0.191622	0.125284
0.685020	0.0833545	0.122886
0.687170	0.259536	0.120875
0.689323	-0.0126732	0.117525
0.691479	0.149358	0.127987
0.693639	-0.186316	0.110130
0.695804	-0.222686	0.102668
0.697973	-0.120320	0.103400
0.700149	0.0819110	0.0937322
0.702331	0.0455983	0.0935113
0.704521	0.305252	0.0869195
0.706718	0.192218	0.0835570
0.708923	0.117341	0.0837460
0.711137	-0.210274	0.0918515
0.713360	0.150008	0.0752533
0.715593	0.253705	0.0773319
0.717836	0.00346050	0.0713337
0.720089	0.163568	0.0720091
0.722354	0.284037	0.0688493
0.724631	-0.0736986	0.0663717
0.726920	-0.0713481	0.0642940
0.729221	-0.00257375	0.0744127
0.731535	0.254107	0.0615168
0.733862	-0.0610162	0.0602854
0.736203	0.132237	0.0576287
0.738558	0.0608716	0.0569384
0.740928	0.00733699	0.0552777
0.743312	0.0332178	0.0535294
0.745711	0.0750218	0.0492903
0.748125	-0.0488390	0.0508947
0.750555	0.0920090	0.0479500
0.753001	0.0712067	0.0491248
0.755464	0.0877890	0.0468700
0.757942	-0.0210153	0.0508702
0.760438	-0.0756129	0.0549978
0.762950	-0.0768294	0.0549035
0.765479	0.0175652	0.0500992
0.768026	-0.0955479	0.0469594
0.770591	-0.0273135	0.0418796
0.773173	-0.0452242	0.0406655
0.775773	0.0238721	0.0407031
0.778392	0.0678610	0.0403079
0.781029	0.0430226	0.0378317
0.783684	0.0355152	0.0378614
0.786358	0.0269227	0.0374854
0.789050	-0.0500671	0.0379585
0.791762	0.111232	0.0355107
0.794492	0.0717079	0.0365983
0.797242	0.0171771	0.0359152
0.800010	0.113559	0.0357416
0.802798	0.0275178	0.0346947
0.805606	0.0403717	0.0348446
0.808432	0.0763006	0.0332799
0.811279	0.124217	0.0335765
0.814145	0.107863	0.0327867
0.817030	0.0735354	0.0319923
0.819935	0.105334	0.0304386
0.822860	0.140466	0.0310334
0.825804	0.132847	0.0307753
0.828768	0.159677	0.0302385
0.831752	0.114836	0.0289700
0.834756	0.231307	0.0297118
0.837779	0.173849	0.0296425
0.840822	0.130760	0.0292875
0.843885	0.142465	0.0281955
0.846967	0.143463	0.0280073
0.850069	0.176688	0.0256419
0.853191	0.194563	0.0256289
0.856332	0.253800	0.0289591
0.859492	0.232913	0.0253973
0.862672	0.123648	0.0247789
0.865871	0.181091	0.0244286
0.869090	0.127823	0.0243854
0.872328	0.157345	0.0241633
0.875585	0.159657	0.0234159
0.878861	0.140199	0.0245908
0.882156	0.186581	0.0234887
0.885470	0.182925	0.0233204
0.888803	0.157242	0.0226518
0.892154	0.110542	0.0225085
0.895524	0.184269	0.0216761
0.898913	0.215320	0.0208185
0.902319	0.213694	0.0197981
0.905745	0.224531	0.0203390
0.909188	0.199579	0.0196658
0.912649	0.240047	0.0199878
0.916128	0.273337	0.0192451
0.919624	0.224603	0.0192755
0.923139	0.297573	0.0184600
0.926670	0.319433	0.0191866
0.930219	0.342197	0.0200873
0.933785	0.309730	0.0210386
0.937368	0.395311	0.0204053
0.940968	0.335984	0.0201000
0.944584	0.419691	0.0197842
0.948217	0.397863	0.0193705
0.951866	0.422120	0.0182159
0.955532	0.401959	0.0171582
0.959213	0.433157	0.0173833
0.962910	0.458098	0.0177330
0.966623	0.434602	0.0164647
0.970352	0.447678	0.0166839
0.974095	0.485164	0.0162903
0.977854	0.439353	0.0163297
0.981627	0.518074	0.0157133
0.985416	0.456241	0.0158592
0.989218	0.449018	0.0160780
0.993035	0.332788	0.0161399
0.996867	0.355587	0.0162558
1.00071	0.377080	0.0155919
1.00457	0.373809	0.0148405
1.00844	0.384797	0.0150717
1.01233	0.405965	0.0154030
1.01623	0.432359	0.0154857
1.02014	0.452827	0.0152986
1.02407	0.421010	0.0155723
1.02800	0.445648	0.0148475
1.03195	0.465336	0.0148038
1.03591	0.492001	0.0147577
1.03989	0.502164	0.0143827
1.04387	0.529113	0.0138470
1.04787	0.518639	0.0130539
1.05188	0.542283	0.0120472
1.05590	0.564277	0.0112524
1.05993	0.576682	0.0110106
1.06397	0.578637	0.0114448
1.06802	0.605542	0.0120983
1.07208	0.605893	0.0125752
1.07616	0.650415	0.0133240
1.08024	0.623491	0.0134089
1.08433	0.687463	0.0132390
1.08843	0.696968	0.0136378
1.09254	0.727932	0.0130627
1.09666	0.762268	0.0131230
1.10079	0.727853	0.0127017
1.10492	0.711022	0.0118299
1.10907	0.706546	0.0111604
1.11322	0.732800	0.0106620
1.11738	0.735156	0.0102122
1.12155	0.694739	0.0105924
1.12573	0.731641	0.0115572
1.12991	0.678079	0.0122500
1.13410	0.681300	0.0123987
1.13830	0.643511	0.0127425
1.14251	0.697081	0.0123548
1.14672	0.733079	0.0125644
1.15093	0.747658	0.0127086
1.15516	0.807487	0.0120602
1.15939	0.779785	0.0120574
1.16362	0.751037	0.0111271
1.16786	0.717950	0.0101405
1.17211	0.677188	0.00936657
1.17636	0.703613	0.00886851
1.18061	0.735464	0.00844218
1.18488	0.761982	0.00846213
1.18914	0.754881	0.00866577
1.19341	0.741750	0.00956409
1.19768	0.735989	0.0102416
1.20196	0.710482	0.0105393
1.20624	0.750150	0.0139157
1.21053	0.766825	0.0107789
1.21482	0.810064	0.0108838
1.21911	0.830399	0.0111802
1.22340	0.861366	0.0107608
1.22770	0.863534	0.0109904
1.23200	0.854072	0.0106088
1.23630	0.819881	0.00958937
1.24060	0.814893	0.00904466
1.24491	0.788362	0.00863158
1.24922	0.808145	0.00831428
1.25353	0.850911	0.00858311
1.25784	0.904980	0.00931859
1.26215	0.943285	0.0112688
1.26647	0.949290	0.0124174
1.27078	0.985438	0.0138106
1.27510	1.00894	0.0137212
1.27942	0.993495	0.0125726
1.28373	0.979675	0.0120482
1.28805	0.989031	0.0112313
1.29237	1.01127	0.0107691
1.29669	1.00747	0.0109638
1.30101	0.992402	0.0104751
1.30532	0.999572	0.0106924
1.30964	0.987228	0.0105457
1.31396	1.00525	0.0102229
1.31827	1.01423	0.00955130
1.32259	1.02037	0.00902461
1.32690	0.935011	0.00838722
1.33122	0.813560	0.00774483
1.33553	0.681993	0.00727589
1.33984	0.632631	0.00700425
1.34415	0.557363	0.00719673
1.34845	0.565775	0.00749690
1.35276	0.513627	0.00824335
1.35706	0.514374	0.0103278
1.36136	0.512116	0.0118978
1.36566	0.502207	0.0130399
1.36996	0.517770	0.0127460
1.37425	0.503218	0.0122291
1.37855	0.533733	0.0124413
1.38284	0.575968	0.0123517
1.38712	0.553687	0.0125199
1.39140	0.579479	0.0117618
1.39568	0.513604	0.0123251
1.39996	0.520201	0.0128325
1.40423	0.475055	0.0131038
1.40850	0.501744	0.0128648
1.41277	0.486665	0.0125939
1.41703	0.502547	0.0116794
1.42129	0.498673	0.0103589
1.42555	0.475491	0.00909697
1.42980	0.494274	0.00905715
1.43405	0.488473	0.00929957
1.43829	0.482336	0.00896239
1.44253	0.503326	0.00867100
1.44677	0.514141	0.00931184
1.45100	0.561683	0.00995235
1.45522	0.588460	0.0107712
1.45944	0.581221	0.0102814
1.46366	0.585565	0.0101583
1.46787	0.581180	0.00977320
1.47208	0.577075	0.00973404
1.47628	0.584198	0.00998357
1.48048	0.575492	0.0101806
1.48467	0.604244	0.0106345
1.48886	0.609618	0.00975445
1.49304	0.619565	0.00869699
1.49722	0.646162	0.00868851
1.50139	0.668543	0.0110424
1.50556	0.655620	0.0114461
1.50972	0.697324	0.0113869
1.51387	0.722377	0.00966662
1.51802	0.736744	0.00941965
1.52217	0.735853	0.0100955
1.52631	0.770765	0.0112492
1.53044	0.765543	0.0112967
1.53457	0.798190	0.0109758
1.53869	0.804717	0.0109010
1.54280	0.814853	0.00991212
1.54691	0.823747	0.0100250
1.55102	0.865589	0.00990398
1.55512	0.889663	0.0102438
1.55921	0.882926	0.0106983
1.56329	0.867884	0.0102281
1.56737	0.895051	0.00977930
1.57145	0.900792	0.00874463
1.57551	0.896209	0.00928255
1.57957	0.907238	0.0116442
1.58363	0.897495	0.0122781
1.58768	0.845014	0.0115928
1.59172	0.856687	0.00961328
1.59575	0.892067	0.00873959
1.59978	0.911679	0.0102507
1.60381	0.907934	0.0108674
1.60782	0.902020	0.0119240
1.61183	0.883500	0.0110984
1.61584	0.901396	0.0117762
1.61984	0.891201	0.0109163
1.62383	0.873941	0.00990686
1.62781	0.826467	0.0172200
1.63179	0.885468	0.0132242
1.63576	0.903045	0.0129894
1.63972	0.885977	0.0168206
1.64368	0.945198	0.0142368
1.64763	0.954077	0.0103688
1.65158	0.953238	0.00967568
1.65552	0.954476	0.00864563
1.65945	0.957994	0.00755010
1.66338	0.950946	0.00971879
1.66730	0.951908	0.0115870
1.67121	0.939400	0.0117336
1.67511	0.947692	0.0107628
1.67901	0.958988	0.00833859
1.68291	0.988158	0.00821526
1.68679	0.984216	0.00991580
1.69067	0.983964	0.0104289
1.69454	0.958001	0.0110934
1.69841	0.933758	0.0106805
1.70227	0.945721	0.0144120
1.70612	0.937184	0.0177051
1.70997	0.958070	0.0137060
1.71381	0.907963	0.0130308
1.71764	0.889074	0.00924686
1.72147	0.874816	0.00870195
1.72529	0.872026	0.00890152
1.72911	0.854148	0.00888332
1.73292	0.825788	0.00966834
1.73672	0.807289	0.00928902
1.74051	0.778331	0.00975912
1.74430	0.779338	0.00919296
1.74808	0.761183	0.00848337
1.75186	0.733047	0.00729922
1.75563	0.715296	0.00675807
1.75939	0.718343	0.00875719
1.76315	0.680226	0.0106596
1.76690	0.672913	0.0109160
1.77065	0.654155	0.0102922
1.77438	0.617824	0.00764576
1.77812	0.612780	0.00713897
1.78184	0.596210	0.00823714
1.78556	0.568200	0.00923189
1.78928	0.581498	0.00894880
1.79298	0.558496	0.00954722
1.79668	0.554842	0.00964224
1.80038	0.539145	0.0102703
1.80407	0.546951	0.0108455
1.80775	0.527865	0.0106043
1.81143	0.519089	0.0102688
1.81510	0.550796	0.0101969
1.81877	0.550523	0.00987691
1.82243	0.545965	0.0102195
1.82608	0.546573	0.0107616
1.82973	0.547991	0.0107015
1.83337	0.530839	0.0102455
1.83701	0.491967	0.0107687
1.84064	0.486381	0.0125221
1.84426	0.487298	0.0187866
1.84788	0.456542	0.0195641
1.85149	0.454613	0.0191427
1.85510	0.441156	0.0178006
1.85870	0.399104	0.0154567
1.86230	0.397166	0.0169453
1.86589	0.438923	0.0103695
1.86947	0.427265	0.0156276
1.87305	0.478467	0.0187763
1.87663	0.466328	0.0158813
1.88020	0.464942	0.0116681
1.88376	0.473524	0.00874143
1.88732	0.493563	0.00858256
1.89087	0.497970	0.00833649
1.89442	0.473158	0.00852233
1.89796	0.501384	0.00907788
1.90150	0.486619	0.0104712
1.90503	0.516140	0.0109848
1.90855	0.528449	0.0105024
1.91207	0.517258	0.00946396
1.91559	0.534060	0.00994120
1.91910	0.533159	0.0111742
1.92261	0.530082	0.0115974
1.92611	0.525140	0.0108749
1.92960	0.505647	0.00990304
1.93309	0.496536	0.00844756
1.93658	0.493581	0.00822655
1.94006	0.469364	0.00766485
1.94353	0.482830	0.00711754
1.94700	0.480517	0.00725863
1.95047	0.477606	0.00834720
1.95393	0.455026	0.00940228
1.95738	0.466803	0.00994879
1.96083	0.459459	0.0106168
1.96428	0.456751	0.00950152
1.96772	0.477091	0.00935281
1.97115	0.465734	0.00934032
1.97458	0.467712	0.00867519
1.97801	0.456957	0.00779581
1.98143	0.456654	0.00694121
1.98485	0.450118	0.00597675
1.98826	0.459524	0.00579305
1.99167	0.459851	0.00594990
1.99507	0.476224	0.00835187
1.99847	0.478605	0.0119711
2.00186	0.465635	0.0151234
2.00525	0.430973	0.0154368
2.00863	0.439491	0.0116918
2.01201	0.467047	0.0100711
2.01539	0.490185	0.00961442
2.01876	0.482383	0.00875995
2.02212	0.501598	0.00907346
2.02548	0.490383	0.00891739
2.02884	0.499922	0.00884320
2.03219	0.515712	0.00832802
2.03554	0.525728	0.00819978
2.03888	0.530512	0.00866813
2.04222	0.531785	0.00837193
2.04555	0.523631	0.00835804
2.04888	0.534062	0.00781330
2.05220	0.532391	0.00974669
2.05552	0.550937	0.00987588
2.05884	0.544361	0.00926940
2.06215	0.553791	0.00770085
2.06545	0.555363	0.00679600
2.06876	0.561079	0.00784621
2.07205	0.605324	0.0130475
2.07535	0.578946	0.0103579
2.07863	0.592450	0.00932171
2.08192	0.587898	0.00875169
2.08520	0.595515	0.00928845
2.08847	0.594491	0.00688281
2.09174	0.600208	0.00651798
2.09501	0.612399	0.00613585
2.09827	0.608111	0.00577267
2.10152	0.614400	0.00613932
2.10478	0.631617	0.00677046
2.10802	0.625162	0.00712800
2.11127	0.634563	0.00724114
2.11450	0.620335	0.0122942
2.11774	0.632778	0.00978110
2.12097	0.652868	0.0101994
2.12419	0.658855	0.0119503
2.12741	0.642742	0.00965419
2.13063	0.642759	0.00930388
2.13384	0.643851	0.00873823
2.13704	0.652521	0.00604616
2.14025	0.634637	0.00578842
2.14344	0.660129	0.00588024
2.14663	0.645145	0.00724360
2.14982	0.662365	0.00837678
2.15301	0.657103	0.00858178
2.15618	0.660179	0.00811580
2.15936	0.638781	0.00676402
2.16253	0.659301	0.00624037
2.16569	0.648236	0.00618738
2.16885	0.663037	0.00643649
2.17200	0.654194	0.00645768
2.17515	0.659993	0.00693100
2.17830	0.658707	0.00747043
2.18144	0.659377	0.00755563
2.18457	0.659487	0.00765764
2.18770	0.648946	0.00691932
2.19083	0.650378	0.00728664
2.19395	0.654804	0.00783631
2.19706	0.645657	0.00788218
2.20018	0.645160	0.00784494
2.20328	0.622479	0.00731250
2.20638	0.650575	0.00719785
2.20948	0.643633	0.00773134
2.21257	0.631967	0.00767748
2.21566	0.635397	0.00753433
2.21874	0.637968	0.00688525
2.22181	0.639344	0.00657132
2.22488	0.633215	0.00679125
2.22795	0.626165	0.00743773
2.23101	0.621152	0.00764696
2.23407	0.628560	0.00747426
2.23712	0.623950	0.00709115
2.24016	0.619874	0.00661804
2.24320	0.605733	0.00675346
2.24624	0.615097	0.00695998
2.24927	0.612128	0.00721908
2.25230	0.611087	0.00721881
2.25532	0.600457	0.00721998
2.25833	0.608536	0.00699587
2.26134	0.607919	0.00693425
2.26434	0.604771	0.00708803
2.26734	0.601724	0.00722871
2.27034	0.582408	0.00728165
2.27333	0.593816	0.00744704
2.27631	0.600173	0.00736096
2.27929	0.587654	0.00731741
2.28226	0.575964	0.00716480
2.28523	0.588192	0.00722257
2.28819	0.581174	0.00726555
2.29115	0.561429	0.00740121
2.29411	0.503015	0.00744469
2.29705	0.462930	0.00764326
2.30000	0.446284	0.00767074
2.30293	0.458699	0.00758015
2.30586	0.457715	0.00744226
2.30879	0.477645	0.00736226
2.31171	0.464159	0.00736434
2.31463	0.478589	0.00808743
2.31754	0.462358	0.00805083
2.32045	0.451991	0.00815387
2.32335	0.436241	0.00791889
2.32624	0.432107	0.00774332
2.32914	0.410371	0.00769845
2.33202	0.436142	0.00776487
2.33490	0.422113	0.00784884
2.33778	0.424789	0.00812062
2.34065	0.431072	0.00828222
2.34352	0.433013	0.00843642
2.34638	0.457891	0.00870071
2.34924	0.434792	0.00892936
2.35209	0.426335	0.00916774
2.35494	0.404818	0.00897335
2.35778	0.409399	0.00873969
2.36062	0.418878	0.00867286
2.36345	0.416181	0.00854703
2.36628	0.417882	0.00899555
2.36911	0.403368	0.00969836
2.37193	0.425973	0.0100569
2.37475	0.417371	0.00989684
2.37756	0.401969	0.0100689
2.38037	0.403733	0.0111786
2.38317	0.422459	0.0105118
2.38597	0.401354	0.00976269
2.38877	0.407233	0.00964742
2.39156	0.405518	0.00951700
2.39435	0.425852	0.00952763
2.39714	0.396298	0.00939115
2.39992	0.397994	0.00948645
2.40270	0.408528	0.00961826
2.40547	0.364411	0.00979967
2.40824	0.385523	0.00992504
2.41101	0.368373	0.0100715
2.41378	0.359897	0.0105524
2.41655	0.376365	0.0110119
2.41931	0.339599	0.0109041
2.42207	0.365985	0.0104482
2.42482	0.361439	0.0100172
2.42758	0.350590	0.0100293
2.43033	0.351241	0.0106894
2.43308	0.344421	0.0123767
2.43583	0.348119	0.0118886
2.43858	0.335051	0.0114591
2.44133	0.309233	0.0109720
2.44407	0.310253	0.0117780
2.44682	0.318113	0.0128951
2.44956	0.320313	0.0139361
2.45230	0.314766	0.0126308
2.45505	0.311580	0.0118710
2.45779	0.306381	0.0126236
2.46054	0.305759	0.0138651
2.46328	0.179602	0.0115478
2.46603	0.325280	0.0126367
2.46877	0.269395	0.0135113
2.47152	0.274384	0.0142205
2.47427	0.289648	0.0141550
2.47702	0.251965	0.0137782
2.47977	0.279680	0.0146108
2.48253	0.291361	0.0164274
2.48528	0.306668	0.0174652
2.48804	0.252311	0.0178398
2.49081	0.251751	0.0182904
2.49358	0.266054	0.0181503
2.49635	0.275697	0.0217156
2.49912	0.257736	0.0164449
2.50190	0.250970	0.0172388
2.50469	0.259288	0.0190471
2.50748	0.266677	0.0203925
2.51028	0.260994	0.0217110
2.51308	0.223882	0.0247669
2.51589	0.212733	0.0283965
2.51870	0.251903	0.0281113
2.52153	0.215199	0.0270520
2.52436	0.238107	0.0271920
2.52720	0.158889	0.0322664
2.53005	0.232604	0.0399734
2.53290	0.329936	0.0473992
2.53577	0.229453	0.0504994
2.53865	0.257734	0.0466284
2.54153	0.220438	0.0476728
2.54443	0.282763	0.0574430
2.54734	0.379008	0.0737502
2.55027	0.210696	0.0847170
2.55320	0.297692	0.0799140
