#  ----------------------------------------------------------------------------------
# SpeX prism spectrum of 2MASS J15500845+1455180A (J15500845+1455180)
# Originally observed on 2009 Jun 29
# Average resolution = 120
# Originally published in Burgasser, Dhital & West (2009), AJ, 138, 1563-1569
#
# PLEASE CITE THE ORIGINAL DATA REFERENCE WHEN PUBLISHING OR PRESENTING THESE DATA
#
# Optical spectral type: L2:
# J magnitude = 14.776
# H magnitude = 13.795
# Ks magnitude = 13.261
#
#  Wavelength (micron)   F_lambda (normalized)  Noise (normalized as F_lambda)
#  ----------------------------------------------------------------------------------
0.646999	0.0421584	0.144518
0.649236	0.118383	0.112669
0.651460	0.527551	0.105034
0.653673	0.127993	0.100904
0.655875	-0.0841194	0.0853028
0.658067	-0.128548	0.0769004
0.660251	0.00880493	0.0744896
0.662427	0.190636	0.0785817
0.664596	0.0701441	0.0811893
0.666760	0.193739	0.0757220
0.668919	0.147078	0.0740326
0.671073	0.235905	0.0729594
0.673225	-0.0568811	0.0711896
0.675374	0.0659385	0.0660750
0.677522	-0.00659372	0.0662621
0.679668	-0.0467354	0.0627206
0.681815	0.0248644	0.0615262
0.683963	0.0433879	0.0592516
0.686112	-0.0585357	0.0591589
0.688264	0.208308	0.0573910
0.690418	-0.0426647	0.0539026
0.692576	0.137601	0.0509725
0.694738	-0.0329908	0.0481466
0.696905	0.172879	0.0439082
0.699078	0.0554000	0.0427179
0.701257	0.0567905	0.0384069
0.703443	0.0523975	0.0322050
0.705636	0.0332634	0.0210691
0.707837	0.00780685	0.0127180
0.710047	0.0145790	0.0114397
0.712265	0.0137032	0.0115274
0.714493	0.0143445	0.0220532
0.716731	0.0535167	0.0259275
0.718980	-0.00285503	0.0264053
0.721239	0.0318879	0.0289808
0.723510	0.0890180	0.0270077
0.725793	0.100104	0.0271997
0.728088	0.107521	0.0267540
0.730395	0.0938588	0.0268165
0.732716	0.130820	0.0251193
0.735050	0.0468008	0.0256332
0.737398	0.101619	0.0245307
0.739761	0.138793	0.0238451
0.742137	0.0781107	0.0234784
0.744529	0.0955264	0.0228346
0.746936	0.0469635	0.0211789
0.749358	0.0717921	0.0214886
0.751796	0.0923125	0.0203474
0.754251	0.0821173	0.0199115
0.756721	0.0408920	0.0202195
0.759208	0.0325188	0.0230401
0.761712	-0.0141795	0.0257925
0.764233	-0.0272754	0.0258389
0.766772	0.00103650	0.0216257
0.769327	-0.0265621	0.0198700
0.771901	0.0381408	0.0175343
0.774492	0.0443804	0.0178371
0.777102	0.0571519	0.0168090
0.779729	0.0711315	0.0167874
0.782376	0.0650964	0.0164235
0.785040	0.103093	0.0163640
0.787724	0.0913344	0.0161781
0.790426	0.0668208	0.0163645
0.793147	0.107495	0.0155949
0.795887	0.0835559	0.0157234
0.798646	0.125634	0.0154892
0.801425	0.142624	0.0156177
0.804223	0.174531	0.0151450
0.807040	0.175961	0.0148082
0.809876	0.175457	0.0144192
0.812733	0.133302	0.0144300
0.815609	0.174710	0.0142227
0.818504	0.186300	0.0139323
0.821419	0.187144	0.0138105
0.824354	0.202199	0.0141021
0.827308	0.159594	0.0139123
0.830282	0.211421	0.0137358
0.833276	0.190025	0.0134369
0.836290	0.210775	0.0148114
0.839323	0.207399	0.0133985
0.842376	0.188897	0.0135337
0.845449	0.202061	0.0128453
0.848541	0.175297	0.0127993
0.851653	0.184201	0.0115746
0.854784	0.172987	0.0113547
0.857935	0.179201	0.0113073
0.861106	0.190995	0.0115948
0.864296	0.144133	0.0113891
0.867505	0.157995	0.0113848
0.870733	0.142637	0.0114904
0.873981	0.156868	0.0113112
0.877247	0.192816	0.0115866
0.880533	0.209947	0.0116952
0.883838	0.209858	0.0116946
0.887161	0.253975	0.0117644
0.890504	0.241092	0.0114747
0.893865	0.212906	0.0116306
0.897244	0.248810	0.0110415
0.900642	0.256551	0.0111731
0.904058	0.285836	0.0107933
0.907492	0.302640	0.0105694
0.910944	0.333470	0.0106372
0.914414	0.379639	0.0108727
0.917902	0.373695	0.0104047
0.921408	0.364265	0.0102632
0.924931	0.370664	0.0106016
0.928472	0.377739	0.0114986
0.932029	0.345877	0.0124147
0.935604	0.362897	0.0129927
0.939195	0.377361	0.0130691
0.942804	0.416310	0.0127442
0.946428	0.480770	0.0123947
0.950070	0.443069	0.0120009
0.953727	0.483897	0.0114055
0.957401	0.467684	0.0108564
0.961090	0.480213	0.0104908
0.964795	0.507448	0.0101928
0.968516	0.505030	0.0101800
0.972252	0.521877	0.0101917
0.976003	0.533213	0.00995519
0.979769	0.568435	0.00969375
0.983551	0.555668	0.00961309
0.987346	0.510606	0.0106506
0.991156	0.421326	0.0106951
0.994981	0.375321	0.00992222
0.998819	0.387492	0.00994836
1.00267	0.402333	0.00948155
1.00654	0.467153	0.00944291
1.01042	0.468843	0.00940099
1.01431	0.512136	0.00973609
1.01821	0.481639	0.00969862
1.02213	0.486398	0.00993155
1.02606	0.486557	0.00982699
1.03001	0.519298	0.00962607
1.03396	0.535078	0.00965898
1.03793	0.581937	0.00951667
1.04191	0.611597	0.00960121
1.04590	0.615327	0.00910410
1.04991	0.600047	0.00849395
1.05392	0.593332	0.00817059
1.05795	0.570650	0.00764635
1.06198	0.583651	0.00763917
1.06603	0.618412	0.00822587
1.07008	0.652416	0.00859574
1.07415	0.680767	0.00892196
1.07823	0.713231	0.00937341
1.08232	0.709153	0.00931428
1.08641	0.776476	0.00948680
1.09052	0.774328	0.00939082
1.09463	0.805130	0.00912127
1.09876	0.810806	0.00897390
1.10289	0.753197	0.00856232
1.10703	0.753792	0.00807678
1.11118	0.755704	0.00766714
1.11534	0.757086	0.00750287
1.11950	0.776139	0.00776134
1.12367	0.790069	0.00834208
1.12785	0.777279	0.00901249
1.13204	0.747046	0.00887918
1.13624	0.733149	0.00902555
1.14044	0.711599	0.00904628
1.14464	0.769266	0.00880787
1.14886	0.848680	0.00925437
1.15308	0.861973	0.00892722
1.15731	0.857203	0.00866169
1.16154	0.834615	0.00819824
1.16578	0.804490	0.00763620
1.17002	0.776916	0.00702384
1.17427	0.755608	0.00656339
1.17852	0.764280	0.00627487
1.18278	0.772618	0.00600993
1.18704	0.793643	0.00601051
1.19131	0.785958	0.00694582
1.19558	0.734398	0.00698767
1.19986	0.721146	0.00718151
1.20414	0.737441	0.00763946
1.20842	0.761553	0.00770256
1.21271	0.812173	0.00765296
1.21700	0.839573	0.00779048
1.22129	0.881057	0.00771480
1.22558	0.888901	0.00781397
1.22988	0.897063	0.00768853
1.23418	0.861996	0.00736526
1.23849	0.808955	0.00696717
1.24279	0.797959	0.00653734
1.24710	0.803605	0.00631103
1.25141	0.813712	0.00626921
1.25572	0.883792	0.00671566
1.26003	0.890689	0.00743038
1.26435	0.964105	0.00872269
1.26866	0.989624	0.00953564
1.27298	1.02379	0.0101690
1.27729	1.02092	0.00950643
1.28161	1.00850	0.00894474
1.28593	1.01002	0.00859603
1.29025	0.998394	0.00796984
1.29456	1.00307	0.00795403
1.29888	0.986634	0.00781952
1.30320	0.977335	0.00769932
1.30752	0.985482	0.00775965
1.31183	0.984531	0.00756655
1.31615	1.00132	0.00728590
1.32047	0.994811	0.00680870
1.32478	0.972549	0.00695111
1.32910	0.877293	0.00614246
1.33341	0.748594	0.00573289
1.33772	0.655142	0.00548443
1.34203	0.596219	0.00577632
1.34634	0.539502	0.00569585
1.35064	0.516113	0.00697397
1.35495	0.504083	0.00879280
1.35925	0.460070	0.0110285
1.36355	0.463375	0.0140862
1.36785	0.462073	0.0142852
1.37214	0.487691	0.0122021
1.37644	0.504400	0.0113068
1.38073	0.516035	0.0116214
1.38501	0.551805	0.0120175
1.38930	0.531622	0.0112900
1.39358	0.489937	0.0109042
1.39786	0.463779	0.0115823
1.40213	0.509299	0.0121908
1.40641	0.473495	0.0122345
1.41067	0.477506	0.0114201
1.41494	0.470083	0.0104133
1.41920	0.474747	0.00905081
1.42346	0.475955	0.00798022
1.42771	0.454031	0.00716693
1.43196	0.479245	0.00758691
1.43621	0.464794	0.00724432
1.44045	0.477373	0.00689202
1.44468	0.483961	0.00687062
1.44892	0.503623	0.00748761
1.45314	0.524921	0.00798759
1.45737	0.542656	0.00809963
1.46159	0.538763	0.00749495
1.46580	0.518299	0.00753294
1.47001	0.530961	0.00734357
1.47422	0.530460	0.00771795
1.47842	0.546243	0.00762243
1.48261	0.541563	0.00801172
1.48680	0.560351	0.00780895
1.49099	0.583108	0.00696147
1.49517	0.574490	0.00621205
1.49934	0.583680	0.00728493
1.50351	0.613650	0.00827583
1.50767	0.614535	0.00827035
1.51183	0.643218	0.00780780
1.51598	0.645050	0.00651054
1.52013	0.655695	0.00703452
1.52427	0.672959	0.00750318
1.52841	0.680294	0.00827860
1.53254	0.680185	0.00782886
1.53666	0.704776	0.00794002
1.54078	0.702719	0.00742404
1.54489	0.714328	0.00697911
1.54900	0.732448	0.00714126
1.55310	0.751428	0.00697959
1.55720	0.767472	0.00742602
1.56128	0.776343	0.00758893
1.56537	0.780607	0.00719016
1.56944	0.766268	0.00679976
1.57351	0.778049	0.00614429
1.57758	0.776142	0.00761686
1.58164	0.760783	0.00870836
1.58569	0.748268	0.00856476
1.58973	0.758933	0.00780859
1.59377	0.779668	0.00626625
1.59780	0.778253	0.00683355
1.60183	0.785250	0.00758182
1.60585	0.783630	0.00815768
1.60986	0.793901	0.00838972
1.61387	0.766079	0.00789502
1.61787	0.770455	0.00799275
1.62186	0.781553	0.00734105
1.62585	0.769509	0.00704266
1.62983	0.774195	0.00693018
1.63381	0.792926	0.00662580
1.63778	0.786124	0.00690672
1.64174	0.819722	0.00731325
1.64569	0.820251	0.00728063
1.64964	0.842507	0.00728452
1.65358	0.827043	0.00659263
1.65752	0.841107	0.00566481
1.66145	0.843075	0.00566969
1.66537	0.832160	0.00755553
1.66928	0.841981	0.00827844
1.67319	0.829171	0.00814499
1.67710	0.830470	0.00680172
1.68099	0.848650	0.00554286
1.68488	0.844183	0.00635194
1.68876	0.847281	0.00717796
1.69264	0.850149	0.00735202
1.69651	0.830497	0.00799028
1.70037	0.826732	0.00746112
1.70423	0.819922	0.00735753
1.70808	0.823471	0.00798942
1.71192	0.811386	0.00677022
1.71576	0.807601	0.00663427
1.71959	0.785759	0.00641212
1.72341	0.753802	0.00623309
1.72723	0.742206	0.00634114
1.73104	0.722477	0.00636199
1.73485	0.718731	0.00652512
1.73865	0.712386	0.00689278
1.74244	0.685293	0.00689812
1.74622	0.669943	0.00631831
1.75000	0.660592	0.00577770
1.75378	0.640152	0.00496056
1.75754	0.616559	0.00522573
1.76130	0.603245	0.00711998
1.76506	0.602651	0.00780058
1.76880	0.586327	0.00787840
1.77255	0.573361	0.00652071
1.77628	0.545337	0.00502215
1.78001	0.533568	0.00521255
1.78373	0.530316	0.00652821
1.78745	0.512684	0.00672085
1.79116	0.486669	0.00674251
1.79487	0.498777	0.00725158
1.79856	0.483572	0.00758739
1.80226	0.489001	0.00852014
1.80594	0.469361	0.00963835
1.80962	0.453922	0.00847789
1.81330	0.449291	0.00833809
1.81696	0.449796	0.00855716
1.82063	0.463222	0.00807746
1.82428	0.454309	0.00869164
1.82793	0.455446	0.00910998
1.83158	0.410138	0.00979708
1.83522	0.398918	0.0105683
1.83885	0.393473	0.0132474
1.84248	0.342012	0.0145027
1.84610	0.357425	0.0140564
1.84972	0.389898	0.0143022
1.85333	0.357169	0.0138810
1.85693	0.386465	0.0127618
1.86053	0.344150	0.0109264
1.86412	0.328489	0.00983454
1.86771	0.331395	0.0120027
1.87129	0.363375	0.0203342
1.87487	0.352347	0.0211551
1.87844	0.370794	0.0134675
1.88201	0.383710	0.00875509
1.88557	0.387050	0.00769969
1.88912	0.394788	0.00762774
1.89267	0.392667	0.00763515
1.89622	0.371178	0.00850475
1.89976	0.382427	0.00970393
1.90329	0.400592	0.0120013
1.90682	0.409003	0.0112123
1.91034	0.402625	0.0100819
1.91386	0.435313	0.00993834
1.91737	0.442925	0.0102629
1.92088	0.451010	0.0108575
1.92438	0.427094	0.0104379
1.92788	0.436623	0.00965298
1.93137	0.445780	0.00847965
1.93486	0.426734	0.00728303
1.93834	0.404076	0.00665192
1.94182	0.398050	0.00595625
1.94529	0.405603	0.00555977
1.94876	0.393952	0.00603529
1.95222	0.396884	0.00694692
1.95568	0.405437	0.00783185
1.95913	0.409573	0.00805085
1.96258	0.417296	0.00755647
1.96603	0.423108	0.00740926
1.96946	0.421369	0.00720178
1.97290	0.408898	0.00702175
1.97633	0.397076	0.00627010
1.97975	0.374926	0.00569043
1.98317	0.388612	0.00479252
1.98658	0.394821	0.00438905
1.98999	0.394122	0.00468511
1.99340	0.388491	0.00476354
1.99680	0.395700	0.00692047
2.00019	0.397985	0.00965878
2.00358	0.379166	0.0122201
2.00697	0.388490	0.0106669
2.01035	0.390862	0.00791013
2.01373	0.396412	0.00744163
2.01710	0.406313	0.00713985
2.02047	0.421675	0.00669426
2.02383	0.412716	0.00699753
2.02719	0.416855	0.00655107
2.03054	0.406089	0.00643771
2.03389	0.427304	0.00584209
2.03724	0.439021	0.00642996
2.04058	0.437617	0.00622150
2.04391	0.439050	0.00618708
2.04724	0.441422	0.00566656
2.05057	0.435574	0.00613107
2.05389	0.437610	0.00746814
2.05721	0.451944	0.00719231
2.06052	0.458070	0.00629887
2.06383	0.455369	0.00497287
2.06713	0.457262	0.00638489
2.07043	0.462297	0.00582697
2.07373	0.465274	0.00555910
2.07702	0.469396	0.00515875
2.08030	0.473842	0.00453367
2.08359	0.474449	0.00456741
2.08686	0.475528	0.00494428
2.09013	0.496772	0.00487775
2.09340	0.497627	0.00455991
2.09666	0.492159	0.00425227
2.09992	0.486751	0.00459764
2.10318	0.501656	0.00457396
2.10643	0.505322	0.00506435
2.10967	0.500612	0.00513177
2.11291	0.507947	0.00526092
2.11615	0.519224	0.00511191
2.11938	0.521812	0.00514964
2.12261	0.516338	0.00520440
2.12583	0.517580	0.00495173
2.12905	0.510368	0.00490733
2.13226	0.522217	0.00460260
2.13547	0.529245	0.00442512
2.13867	0.530160	0.00419814
2.14187	0.533969	0.00409412
2.14507	0.538624	0.00455347
2.14826	0.544312	0.00566211
2.15144	0.545946	0.00617404
2.15462	0.526886	0.00618512
2.15780	0.537921	0.00541979
2.16097	0.536913	0.00464957
2.16413	0.534651	0.00442280
2.16730	0.553194	0.00457014
2.17045	0.550480	0.00464497
2.17360	0.540317	0.00465349
2.17675	0.545928	0.00524528
2.17989	0.547649	0.00540054
2.18303	0.544076	0.00553947
2.18616	0.545463	0.00527753
2.18929	0.542227	0.00502530
2.19241	0.534805	0.00544757
2.19553	0.544844	0.00560808
2.19865	0.531026	0.00569685
2.20175	0.530387	0.00553530
2.20486	0.532898	0.00513368
2.20796	0.526566	0.00537308
2.21105	0.537163	0.00618278
2.21414	0.522586	0.00545404
2.21722	0.537281	0.00539414
2.22030	0.530784	0.00525034
2.22337	0.539693	0.00479252
2.22644	0.535599	0.00510221
2.22951	0.539758	0.00548557
2.23256	0.526466	0.00547760
2.23562	0.527718	0.00529866
2.23867	0.520998	0.00489883
2.24171	0.526555	0.00479390
2.24475	0.527369	0.00489871
2.24778	0.513201	0.00507508
2.25081	0.519983	0.00520749
2.25383	0.522058	0.00517858
2.25685	0.516294	0.00513742
2.25986	0.509490	0.00497643
2.26287	0.510084	0.00502251
2.26587	0.511845	0.00514037
2.26887	0.506235	0.00515775
2.27186	0.506873	0.00532259
2.27484	0.495219	0.00529896
2.27783	0.495331	0.00522913
2.28080	0.500322	0.00517193
2.28377	0.494229	0.00512638
2.28674	0.503699	0.00520314
2.28970	0.502739	0.00522458
2.29265	0.465394	0.00533042
2.29560	0.428305	0.00537677
2.29855	0.395550	0.00591228
2.30149	0.406948	0.00545751
2.30442	0.416777	0.00546183
2.30735	0.433608	0.00532616
2.31028	0.419080	0.00524406
2.31320	0.421087	0.00526698
2.31611	0.414591	0.00549786
2.31902	0.416924	0.00579476
2.32192	0.406109	0.00583965
2.32482	0.377846	0.00566171
2.32771	0.376915	0.00554983
2.33060	0.378424	0.00552007
2.33349	0.379730	0.00557720
2.33637	0.389570	0.00570035
2.33924	0.380380	0.00594505
2.34211	0.382980	0.00607275
2.34497	0.375128	0.00618419
2.34783	0.389427	0.00629450
2.35069	0.391913	0.00661642
2.35354	0.347952	0.00666005
2.35638	0.350260	0.00652152
2.35922	0.363297	0.00627111
2.36206	0.366343	0.00621977
2.36489	0.350117	0.00621186
2.36772	0.368619	0.00675726
2.37054	0.368334	0.00807042
2.37336	0.365143	0.00944322
2.37618	0.371138	0.00773078
2.37899	0.357152	0.00700734
2.38179	0.352670	0.00705979
2.38459	0.344910	0.00722791
2.38739	0.334107	0.00733528
2.39019	0.344237	0.00722768
2.39298	0.339384	0.00719038
2.39577	0.340753	0.00715399
2.39855	0.328569	0.00706260
2.40133	0.343195	0.00718400
2.40411	0.338161	0.00744753
2.40688	0.346447	0.00853280
2.40965	0.311359	0.00784261
2.41242	0.311678	0.00818141
2.41519	0.302153	0.00892327
2.41795	0.292018	0.00925093
2.42071	0.302608	0.00883065
2.42347	0.286783	0.00813288
2.42622	0.302194	0.00763729
2.42898	0.278128	0.00774977
2.43173	0.269663	0.00873168
2.43448	0.283617	0.00975771
2.43723	0.281296	0.00981240
2.43998	0.278928	0.00878013
2.44272	0.262961	0.00879703
2.44547	0.265125	0.0101767
2.44821	0.246906	0.0114276
2.45096	0.236696	0.0132176
2.45370	0.234053	0.0121208
2.45644	0.260054	0.00945496
2.45919	0.236375	0.00905842
2.46193	0.243165	0.00961168
2.46468	0.221611	0.0100081
2.46742	0.256396	0.0103777
2.47017	0.225966	0.0116512
2.47292	0.224678	0.0124014
2.47567	0.205280	0.0121228
2.47842	0.241805	0.0117680
2.48117	0.234463	0.0137221
2.48393	0.198776	0.0163440
2.48669	0.201998	0.0167806
2.48945	0.194175	0.0174846
2.49221	0.213512	0.0178353
2.49498	0.199256	0.0173615
2.49776	0.229744	0.0156079
2.50054	0.183064	0.0146524
2.50332	0.188209	0.0165215
2.50611	0.192604	0.0188139
2.50890	0.177397	0.0199485
2.51170	0.188841	0.0219812
2.51450	0.189294	0.0273664
2.51732	0.111525	0.0319020
2.52014	0.161279	0.0306438
2.52296	0.233480	0.0268564
2.52580	0.241369	0.0299825
2.52864	0.135552	0.0399745
2.53150	0.155028	0.0530036
2.53436	0.358696	0.0691928
2.53723	0.140716	0.0714001
2.54011	0.143978	0.0606481
2.54301	0.241915	0.0643246
2.54591	0.130190	0.0885015
2.54883	0.196587	0.146900
2.55176	0.254985	0.153874
2.55470	0.0912722	0.146171
2.55765	-0.0119330	0.0971532
