#  ----------------------------------------------------------------------------------
# SpeX prism spectrum of 2MASS J18131803+5101246 (J18131803+5101246)
# Originally observed on 2006 May 31
# Average resolution = 120
# Originally published in Kirkpatrick et al. (2010) ApJS, 190, 100
#
# PLEASE CITE THE ORIGINAL DATA REFERENCE WHEN PUBLISHING OR PRESENTING THESE DATA
#
# Near infrared spectral type: L5
# J magnitude = 15.884
# H magnitude = 14.835
# Ks magnitude = 14.393
#
#  Wavelength (micron)   F_lambda (normalized)  Noise (normalized as F_lambda)
#  ----------------------------------------------------------------------------------
0.652986	5.41524	0.272411
0.655191	2.94606	0.193136
0.657386	3.09173	0.183360
0.659573	1.94490	0.160904
0.661751	1.96001	0.157906
0.663923	1.52339	0.153329
0.666088	1.87219	0.164470
0.668248	1.38642	0.149994
0.670404	1.30963	0.142952
0.672556	0.970675	0.133843
0.674706	1.34322	0.130061
0.676854	0.690155	0.127255
0.679001	0.996920	0.121186
0.681148	0.816733	0.113674
0.683295	0.742128	0.108009
0.685444	0.503925	0.100012
0.687595	0.310898	0.0947685
0.689748	0.551624	0.0864648
0.691905	0.698949	0.0816805
0.694066	0.550350	0.0699086
0.696231	0.348117	0.0611909
0.698402	0.222512	0.0536348
0.700579	0.211285	0.0408875
0.702763	0.0154518	0.00923623
0.704954	0.132492	0.0314835
0.707152	0.153929	0.0229299
0.709359	0.0730927	0.0160049
0.711574	0.0352032	0.00790256
0.713799	8.94114e-05	0.000136316
0.716034	-0.0145453	0.00719014
0.718279	-0.0589240	0.0142213
0.720535	-0.131368	0.0200274
0.722803	-0.157833	0.0270617
0.725082	0.0191497	0.0307458
0.727373	-0.0542561	0.0306566
0.729676	-0.0602344	0.0351186
0.731993	-0.000401490	0.0201964
0.734323	-0.163118	0.0391223
0.736667	0.0218668	0.0438775
0.739025	-0.0142033	0.0427795
0.741397	-0.0651875	0.0429667
0.743784	-0.114573	0.0419310
0.746186	-0.145595	0.0403872
0.748604	0.0257586	0.0356477
0.751037	0.0385036	0.0313311
0.753486	-0.0742010	0.0205541
0.755951	0.00731789	0.00785958
0.758433	0.0331209	0.0117433
0.760932	-0.0880457	0.0317297
0.763448	-0.0160873	0.0398443
0.765981	-0.0134951	0.0418476
0.768531	-0.0875139	0.0376848
0.771099	-0.162751	0.0359190
0.773685	0.0107098	0.0341515
0.776289	-0.0625259	0.0351558
0.778911	0.0105119	0.0340108
0.781551	-0.0494612	0.0340235
0.784210	0.0425635	0.0347064
0.786887	0.0248511	0.0336970
0.789584	-0.0161985	0.0316800
0.792299	0.0712760	0.0314931
0.795033	0.00118930	0.0300873
0.797786	0.0279553	0.0312503
0.800559	0.0893005	0.0284316
0.803351	0.0551034	0.0288974
0.806162	0.0690096	0.0276667
0.808993	0.0989096	0.0274227
0.811843	0.0990440	0.0259641
0.814712	0.0374791	0.0254637
0.817602	0.0195011	0.0242169
0.820511	0.0635004	0.0237847
0.823439	0.0764481	0.0223589
0.826388	0.106961	0.0220373
0.829356	0.123006	0.0209105
0.832343	0.0732524	0.0198436
0.835351	0.0941483	0.0176236
0.838378	0.0877522	0.0163813
0.841425	0.0322313	0.0131256
0.844491	0.0562180	0.0107871
0.847578	0.0261620	0.00701685
0.850683	0.00290004	0.00317240
0.853809	-0.000262963	0.000282368
0.856954	0.00685099	0.00297744
0.860118	0.0115381	0.00399906
0.863302	0.00264789	0.00236956
0.866505	0.00248109	0.00476869
0.869727	0.236269	0.0251273
0.872969	0.179555	0.0220966
0.876230	0.206244	0.0246755
0.879510	0.218985	0.0258177
0.882809	0.192762	0.0263206
0.886126	0.243012	0.0257228
0.889463	0.186192	0.0265265
0.892818	0.280960	0.0252252
0.896191	0.274804	0.0257271
0.899584	0.284323	0.0238434
0.902994	0.223139	0.0235852
0.906423	0.247426	0.0221761
0.909869	0.331085	0.0228937
0.913334	0.322008	0.0222785
0.916816	0.312237	0.0224909
0.920316	0.378324	0.0211937
0.923834	0.338688	0.0208740
0.927369	0.342976	0.0216188
0.930921	0.386657	0.0245549
0.934491	0.401871	0.0280865
0.938077	0.446106	0.0272287
0.941680	0.407237	0.0268007
0.945300	0.479305	0.0262463
0.948936	0.464810	0.0247894
0.952588	0.474146	0.0224430
0.956257	0.482609	0.0208925
0.959942	0.423621	0.0199339
0.963642	0.489918	0.0195040
0.967358	0.514016	0.0195596
0.971089	0.506009	0.0195655
0.974836	0.583816	0.0197780
0.978597	0.554663	0.0187105
0.982374	0.584015	0.0190183
0.986165	0.541132	0.0186427
0.989970	0.486613	0.0192488
0.993790	0.465790	0.0184750
0.997624	0.371971	0.0185961
1.00147	0.449506	0.0176690
1.00533	0.409730	0.0170349
1.00921	0.475000	0.0163808
1.01310	0.497649	0.0169410
1.01700	0.514937	0.0170667
1.02091	0.491790	0.0173009
1.02484	0.505774	0.0178678
1.02878	0.528670	0.0171524
1.03273	0.585884	0.0174834
1.03670	0.607697	0.0178036
1.04067	0.613405	0.0169604
1.04466	0.614497	0.0164672
1.04866	0.650445	0.0152009
1.05267	0.663143	0.0144056
1.05669	0.630188	0.0132818
1.06073	0.647176	0.0128244
1.06477	0.670639	0.0129428
1.06882	0.700542	0.0139494
1.07289	0.716880	0.0145329
1.07696	0.712921	0.0157921
1.08104	0.782205	0.0157556
1.08514	0.780687	0.0157824
1.08924	0.796863	0.0161376
1.09335	0.763549	0.0151349
1.09747	0.766210	0.0147571
1.10160	0.766231	0.0144416
1.10574	0.776837	0.0136317
1.10989	0.729293	0.0128469
1.11404	0.742685	0.0125709
1.11820	0.751569	0.0127209
1.12238	0.715067	0.0136323
1.12655	0.761977	0.0147874
1.13074	0.739505	0.0152146
1.13493	0.689178	0.0152970
1.13913	0.688106	0.0161541
1.14334	0.701813	0.0155895
1.14755	0.795928	0.0160390
1.15177	0.793563	0.0156379
1.15599	0.847140	0.0147589
1.16022	0.811324	0.0143728
1.16446	0.767917	0.0133122
1.16870	0.769459	0.0118622
1.17295	0.742059	0.0108549
1.17720	0.727155	0.00990795
1.18146	0.758520	0.00949462
1.18572	0.796690	0.00928323
1.18998	0.811820	0.00966896
1.19425	0.799028	0.0105978
1.19853	0.778877	0.0116237
1.20281	0.757167	0.0119492
1.20709	0.785734	0.0128856
1.21137	0.814353	0.0124822
1.21566	0.854945	0.0126387
1.21995	0.878834	0.0128092
1.22425	0.937647	0.0124054
1.22855	0.906953	0.0124003
1.23285	0.905994	0.0119766
1.23715	0.878615	0.0108068
1.24145	0.839104	0.00998802
1.24576	0.800177	0.00952004
1.25007	0.825092	0.00889706
1.25438	0.884965	0.00921951
1.25869	0.936561	0.00982961
1.26301	0.967231	0.0113068
1.26732	1.01198	0.0126070
1.27164	0.975954	0.0140928
1.27595	1.04774	0.0146289
1.28027	1.00034	0.0130516
1.28459	0.978750	0.0128220
1.28890	0.989540	0.0120181
1.29322	0.992466	0.0120838
1.29754	0.980355	0.0123542
1.30186	0.990610	0.0119844
1.30618	0.994063	0.0126234
1.31049	1.00185	0.0119143
1.31481	1.02984	0.0111626
1.31913	0.994444	0.0103728
1.32344	0.969809	0.00965489
1.32775	0.886700	0.00937907
1.33207	0.758644	0.00846301
1.33638	0.612234	0.00815088
1.34069	0.514869	0.00769853
1.34500	0.475714	0.00820180
1.34930	0.426840	0.00932039
1.35361	0.415208	0.0117359
1.35791	0.342095	0.0168751
1.36221	0.409654	0.0232095
1.36651	0.374392	0.0277144
1.37081	0.388156	0.0251970
1.37510	0.424705	0.0214622
1.37939	0.435006	0.0210452
1.38368	0.417979	0.0210039
1.38797	0.437595	0.0205538
1.39225	0.412654	0.0195226
1.39653	0.405271	0.0197562
1.40080	0.401202	0.0215614
1.40508	0.432431	0.0219828
1.40935	0.378713	0.0212500
1.41361	0.376982	0.0200340
1.41788	0.387666	0.0173768
1.42213	0.391564	0.0145017
1.42639	0.384045	0.0125006
1.43064	0.367870	0.0126009
1.43489	0.409419	0.0129006
1.43913	0.424125	0.0120786
1.44337	0.405308	0.0116521
1.44760	0.454043	0.0135519
1.45183	0.418713	0.0143016
1.45606	0.455598	0.0148622
1.46028	0.496701	0.0144570
1.46449	0.482972	0.0132554
1.46870	0.489377	0.0128491
1.47291	0.492262	0.0124157
1.47711	0.503890	0.0129880
1.48131	0.511052	0.0132726
1.48550	0.527578	0.0140666
1.48969	0.541541	0.0126638
1.49387	0.534537	0.0112069
1.49804	0.555058	0.0113164
1.50221	0.570556	0.0159384
1.50638	0.588089	0.0152307
1.51054	0.610562	0.0147961
1.51469	0.581069	0.0122719
1.51884	0.616465	0.0117183
1.52299	0.617235	0.0128687
1.52712	0.651310	0.0143059
1.53126	0.676235	0.0146274
1.53538	0.706330	0.0134028
1.53950	0.695653	0.0135310
1.54362	0.730236	0.0115620
1.54772	0.750678	0.0115580
1.55183	0.730497	0.0110411
1.55592	0.750605	0.0112425
1.56001	0.747382	0.0122886
1.56410	0.784755	0.0120213
1.56818	0.778222	0.0114578
1.57225	0.786089	0.0102599
1.57631	0.800187	0.0106064
1.58037	0.807978	0.0148102
1.58443	0.775320	0.0150828
1.58848	0.771442	0.0146908
1.59252	0.767451	0.0114680
1.59655	0.807324	0.0103964
1.60058	0.801550	0.0125364
1.60460	0.830641	0.0138193
1.60862	0.757410	0.0147475
1.61262	0.764017	0.0135009
1.61663	0.776229	0.0129910
1.62062	0.790311	0.0129377
1.62461	0.776610	0.0115459
1.62860	0.724117	0.0121260
1.63257	0.791800	0.0107700
1.63654	0.769419	0.0104375
1.64051	0.779056	0.0108362
1.64446	0.775836	0.0112764
1.64841	0.793304	0.0114074
1.65236	0.828267	0.0111419
1.65629	0.826913	0.00988814
1.66023	0.826508	0.00843880
1.66415	0.826247	0.0112114
1.66807	0.845977	0.0139743
1.67198	0.801724	0.0143153
1.67588	0.825945	0.0132232
1.67978	0.805676	0.00954306
1.68367	0.836012	0.00886480
1.68756	0.798415	0.0111698
1.69144	0.793338	0.0122365
1.69531	0.795762	0.0132100
1.69917	0.811957	0.0129471
1.70303	0.805851	0.0124004
1.70688	0.814469	0.0123047
1.71073	0.811155	0.0111229
1.71457	0.765866	0.0105422
1.71840	0.743278	0.0103090
1.72223	0.718324	0.00960535
1.72605	0.727364	0.00964880
1.72986	0.718182	0.00974686
1.73367	0.688685	0.00979374
1.73747	0.660938	0.0101304
1.74126	0.631189	0.0108002
1.74505	0.652826	0.0105383
1.74883	0.638386	0.00964666
1.75260	0.612267	0.00830913
1.75637	0.582460	0.00736297
1.76014	0.565038	0.0101326
1.76389	0.545651	0.0129176
1.76764	0.533010	0.0133760
1.77138	0.505960	0.0126605
1.77512	0.496613	0.00894393
1.77885	0.476473	0.00763327
1.78258	0.448851	0.00984874
1.78630	0.474023	0.0115450
1.79001	0.436255	0.0115192
1.79371	0.431919	0.0123074
1.79741	0.434479	0.0128384
1.80111	0.431856	0.0139107
1.80480	0.411980	0.0150305
1.80848	0.369613	0.0145236
1.81216	0.407033	0.0143736
1.81583	0.395346	0.0149097
1.81949	0.395769	0.0140801
1.82315	0.370898	0.0139018
1.82680	0.403887	0.0157323
1.83045	0.372784	0.0172896
1.83409	0.368284	0.0199915
1.83772	0.332315	0.0244702
1.84135	0.377446	0.0283460
1.84498	0.325805	0.0294127
1.84859	0.375312	0.0274606
1.85221	0.342809	0.0281534
1.85581	0.296337	0.0271432
1.85941	0.361398	0.0232117
1.86301	0.321755	0.0196440
1.86660	0.308260	0.0211103
1.87018	0.390396	0.0324254
1.87376	0.297408	0.0464325
1.87733	0.361432	0.0322166
1.88090	0.400833	0.0204096
1.88446	0.392355	0.0143186
1.88802	0.379618	0.0143132
1.89157	0.392225	0.0139591
1.89512	0.372562	0.0152802
1.89866	0.374467	0.0176484
1.90219	0.410015	0.0214651
1.90572	0.403252	0.0231241
1.90925	0.415841	0.0213923
1.91277	0.406607	0.0185107
1.91628	0.402351	0.0181540
1.91979	0.435199	0.0189526
1.92330	0.416767	0.0184768
1.92680	0.412253	0.0178064
1.93029	0.366520	0.0160413
1.93378	0.350221	0.0129999
1.93726	0.355356	0.0118751
1.94074	0.343139	0.0104428
1.94422	0.348332	0.00948791
1.94768	0.359016	0.00943491
1.95115	0.357524	0.0105752
1.95461	0.358757	0.0119125
1.95806	0.350746	0.0128359
1.96151	0.359225	0.0124888
1.96496	0.338552	0.0117712
1.96840	0.357989	0.0113926
1.97183	0.365333	0.0112126
1.97526	0.374609	0.0106078
1.97869	0.337563	0.00950502
1.98211	0.358472	0.00844350
1.98552	0.358758	0.00697265
1.98893	0.353006	0.00664241
1.99234	0.352973	0.00665085
1.99574	0.348319	0.00941927
1.99914	0.370252	0.0138398
2.00253	0.389696	0.0189783
2.00592	0.392000	0.0207616
2.00930	0.361870	0.0154861
2.01268	0.346366	0.0127117
2.01605	0.392770	0.0122032
2.01942	0.381227	0.0108648
2.02278	0.380479	0.0113397
2.02614	0.402135	0.0110028
2.02950	0.412695	0.0105381
2.03285	0.409018	0.00978363
2.03620	0.413510	0.00951270
2.03954	0.424320	0.0103840
2.04287	0.435455	0.0100245
2.04621	0.443879	0.00985148
2.04954	0.433616	0.00870453
2.05286	0.441166	0.0108835
2.05618	0.450504	0.0115574
2.05949	0.446286	0.0109662
2.06280	0.447890	0.00916307
2.06611	0.461094	0.00767603
2.06941	0.458750	0.00899415
2.07270	0.484770	0.00900759
2.07600	0.472596	0.00839499
2.07928	0.481998	0.00745401
2.08257	0.476639	0.00675309
2.08584	0.489958	0.00720599
2.08912	0.499049	0.00748449
2.09239	0.488439	0.00715224
2.09565	0.472578	0.00664881
2.09891	0.498072	0.00627401
2.10217	0.504731	0.00648324
2.10542	0.504091	0.00723412
2.10866	0.492704	0.00777006
2.11191	0.510409	0.00789052
2.11514	0.520645	0.00806740
2.11838	0.529971	0.00779383
2.12160	0.516253	0.00821825
2.12483	0.501854	0.00846145
2.12805	0.530192	0.00776272
2.13126	0.510798	0.00741052
2.13447	0.520806	0.00678109
2.13768	0.523524	0.00655245
2.14088	0.521561	0.00624868
2.14407	0.518415	0.00635735
2.14726	0.531067	0.00816158
2.15045	0.503817	0.0103896
2.15363	0.515913	0.0102545
2.15681	0.524456	0.00956507
2.15998	0.528641	0.00776891
2.16315	0.522344	0.00697886
2.16631	0.529646	0.00688686
2.16947	0.522485	0.00710635
2.17262	0.522293	0.00702606
2.17577	0.495177	0.00766859
2.17892	0.500682	0.00854557
2.18206	0.509906	0.00874777
2.18519	0.501233	0.00885700
2.18832	0.511450	0.00794442
2.19144	0.498103	0.00825603
2.19456	0.494503	0.00906220
2.19768	0.478733	0.00913068
2.20079	0.489049	0.00910738
2.20389	0.481756	0.00827149
2.20699	0.495777	0.00805628
2.21009	0.490974	0.00883048
2.21318	0.498474	0.00880346
2.21626	0.498040	0.00866724
2.21934	0.494990	0.00793017
2.22242	0.474426	0.00742451
2.22549	0.487976	0.00758671
2.22855	0.479865	0.00826734
2.23161	0.474003	0.00853984
2.23467	0.479847	0.00839638
2.23772	0.487703	0.00809647
2.24076	0.457521	0.00744247
2.24380	0.463159	0.00752195
2.24684	0.471467	0.00763752
2.24987	0.463349	0.00800865
2.25289	0.469914	0.00807454
2.25591	0.476468	0.00811893
2.25892	0.457042	0.00782959
2.26193	0.473022	0.00779250
2.26494	0.453333	0.00791045
2.26794	0.443745	0.00804077
2.27093	0.453948	0.00814507
2.27392	0.448216	0.00832436
2.27690	0.442432	0.00822171
2.27988	0.450664	0.00810278
2.28285	0.446521	0.00803427
2.28582	0.441458	0.00806588
2.28878	0.462418	0.00859111
2.29174	0.433901	0.00829391
2.29469	0.399090	0.00846459
2.29763	0.363063	0.00860243
2.30058	0.343021	0.00867696
2.30351	0.365247	0.00865003
2.30644	0.350988	0.00848384
2.30937	0.355481	0.00842403
2.31229	0.363948	0.00824680
2.31520	0.381397	0.00856293
2.31811	0.355051	0.00900867
2.32102	0.358952	0.00943697
2.32392	0.345041	0.00971330
2.32682	0.338102	0.00897474
2.32971	0.336419	0.00878268
2.33259	0.335591	0.00889177
2.33547	0.339230	0.00909601
2.33835	0.354332	0.00939097
2.34122	0.328151	0.00973640
2.34408	0.349985	0.00999363
2.34694	0.325106	0.0103020
2.34980	0.365728	0.0107520
2.35265	0.343054	0.0109987
2.35550	0.345928	0.0110669
2.35834	0.327182	0.0106953
2.36118	0.323140	0.0102386
2.36401	0.347778	0.0100936
2.36684	0.337690	0.0106538
2.36966	0.333613	0.0119018
2.37248	0.323247	0.0124714
2.37530	0.335115	0.0127117
2.37811	0.345889	0.0118843
2.38092	0.326587	0.0121654
2.38372	0.337139	0.0125192
2.38652	0.334372	0.0133266
2.38932	0.305185	0.0152216
2.39211	0.347613	0.0140153
2.39490	0.323937	0.0126433
2.39768	0.294137	0.0120023
2.40047	0.337885	0.0121766
2.40324	0.321338	0.0125547
2.40602	0.326825	0.0131815
2.40879	0.292356	0.0138053
2.41156	0.307213	0.0141478
2.41433	0.319803	0.0154278
2.41709	0.343503	0.0167623
2.41985	0.308006	0.0164770
2.42261	0.300746	0.0154866
2.42537	0.308054	0.0137047
2.42812	0.324855	0.0131948
2.43087	0.302820	0.0143712
2.43362	0.298960	0.0171979
2.43637	0.302753	0.0183165
2.43912	0.314461	0.0172680
2.44187	0.302068	0.0159679
2.44461	0.265700	0.0172870
2.44736	0.266946	0.0206614
2.45010	0.218073	0.0227459
2.45285	0.289350	0.0210513
2.45559	0.262536	0.0179582
2.45833	0.290499	0.0167776
2.46108	0.252980	0.0167096
2.46382	0.277361	0.0179570
2.46657	0.230342	0.0200410
2.46931	0.280174	0.0245403
2.47206	0.104887	0.0222385
2.47481	0.196760	0.0242190
2.47756	0.221457	0.0233042
2.48031	0.210640	0.0248166
2.48307	0.242592	0.0300591
2.48583	0.181807	0.0344627
2.48859	0.240879	0.0356032
2.49135	0.248481	0.0395652
2.49412	0.214180	0.0374489
2.49689	0.200159	0.0341034
2.49967	0.196112	0.0305601
2.50245	0.167466	0.0312537
2.50524	0.185124	0.0359374
2.50803	0.186532	0.0411714
2.51083	0.161220	0.0435775
2.51363	0.242188	0.0524718
2.51644	0.151881	0.0682591
2.51926	0.255636	0.0705653
2.52208	0.192333	0.0646852
2.52492	0.0541272	0.0616711
2.52776	0.0735865	0.0764161
2.53061	0.119807	0.113072
2.53347	0.363659	0.150151
2.53634	0.495700	0.190673
2.53922	0.306954	0.171394
2.54211	-0.124851	0.160006
2.54501	0.405022	0.189788
2.54792	0.626542	0.282213
2.55084	0.166417	0.444583
2.55378	-0.204642	0.440489
2.55673	-0.0335886	0.334583
2.55970	0.0863198	0.202120
2.56268	0.291981	0.171220
2.56567	0.0599698	0.245452
