#  ----------------------------------------------------------------------------------
# SpeX prism spectrum of 2MASS J12070374-3151298 (J12070374-3151298)
# Originally observed on 2005 Mar 24
# Average resolution = 120
# Originally published in Siegler et al. (2007) AJ, 133, 2320
#
# PLEASE CITE THE ORIGINAL DATA REFERENCE WHEN PUBLISHING OR PRESENTING THESE DATA
#
# Near infrared spectral type: L3:
# J magnitude = 15.85
# H magnitude = 14.719
# Ks magnitude = 13.997
#
#  Wavelength (micron)   F_lambda (normalized)  Noise (normalized as F_lambda)
#  ----------------------------------------------------------------------------------
0.650922	1.17762	1.03686
0.653137	1.72989	1.47768
0.655342	0.449900	1.03945
0.657536	0.872364	0.491667
0.659722	0.0779014	0.386473
0.661900	0.126425	0.545585
0.664071	0.378316	0.364961
0.666236	0.572736	0.708217
0.668396	0.368466	0.400231
0.670551	0.317270	0.393168
0.672704	0.157914	0.234362
0.674853	0.256151	0.349515
0.677001	-0.0661494	0.165076
0.679148	0.0239856	0.104299
0.681295	0.268207	0.0545444
0.683442	0.601378	0.332404
0.685591	0.270136	0.0592694
0.687742	0.226436	0.212264
0.689895	0.307482	0.150459
0.692052	0.106069	0.282406
0.694214	0.305690	0.169696
0.696380	0.0963907	0.220201
0.698551	-0.0876909	0.135797
0.700728	0.0412116	0.201645
0.702913	0.0496689	0.0691588
0.705104	-0.0193128	0.100169
0.707303	0.254609	0.0246550
0.709510	0.176910	0.0914260
0.711726	0.0681453	0.0953202
0.713952	0.189241	0.107181
0.716188	0.101002	0.0800687
0.718434	0.0885376	0.270772
0.720690	0.0858254	0.0781450
0.722958	0.212471	0.0892194
0.725238	0.191026	0.160513
0.727530	0.133777	0.0909410
0.729835	0.0728962	0.0229385
0.732152	0.139943	0.0914753
0.734483	0.0777875	0.0280783
0.736828	0.0296530	0.0463163
0.739187	0.156060	0.0341541
0.741560	0.0234066	0.0426115
0.743948	0.0663620	0.0247509
0.746351	0.0190948	0.0194996
0.748770	0.131802	0.0515606
0.751204	-0.0150655	0.0159919
0.753654	0.0708422	0.0423813
0.756121	0.0138668	0.0730929
0.758604	0.0242457	0.0357947
0.761104	0.0415664	0.0543962
0.763620	0.0391210	0.0691588
0.766155	0.153214	0.0525590
0.768706	0.0904378	0.0547152
0.771275	0.0341905	0.0191713
0.773862	0.0513315	0.0298415
0.776467	0.0945675	0.0293859
0.779091	0.106336	0.0401253
0.781732	0.0490767	0.0189943
0.784392	0.128900	0.0840298
0.787071	0.0748415	0.0290089
0.789769	0.0616246	0.0256520
0.792485	0.0743530	0.0214952
0.795221	0.114645	0.0379869
0.797975	0.116751	0.00445880
0.800749	0.164670	0.0347923
0.803542	0.158602	0.0213640
0.806355	0.176205	0.0288278
0.809187	0.156962	0.0127060
0.812038	0.203650	0.0287719
0.814910	0.199565	0.0297559
0.817800	0.179524	0.0247355
0.820710	0.188821	0.0282341
0.823640	0.206387	0.0618495
0.826590	0.240225	0.0318750
0.829560	0.195416	0.0231813
0.832549	0.232148	0.0215457
0.835557	0.206911	0.0147393
0.838586	0.242100	0.0342458
0.841634	0.194397	0.0252530
0.844702	0.226971	0.0234213
0.847790	0.263061	0.0321370
0.850897	0.283406	0.00862306
0.854023	0.263873	0.0240233
0.857170	0.252793	0.0144027
0.860335	0.262079	0.0146035
0.863520	0.210931	0.0407955
0.866725	0.189602	0.0105664
0.869949	0.210011	0.0219370
0.873192	0.212375	0.0155715
0.876454	0.196445	0.0286504
0.879735	0.229139	0.0114297
0.883035	0.242870	0.0458357
0.886354	0.227025	0.0343742
0.889692	0.222777	0.0141944
0.893048	0.247548	0.0235097
0.896423	0.238084	0.0283756
0.899816	0.264382	0.0207790
0.903228	0.270127	0.00844784
0.906658	0.258949	0.0189440
0.910106	0.269507	0.0119936
0.913572	0.329353	0.0101799
0.917055	0.359690	0.0160925
0.920557	0.379976	0.0185888
0.924075	0.336987	0.0236310
0.927612	0.365531	0.0122170
0.931165	0.404798	0.0311435
0.934736	0.383781	0.0165826
0.938323	0.443699	0.0170183
0.941927	0.399050	0.0173210
0.945548	0.418126	0.0134970
0.949185	0.476395	0.0274906
0.952839	0.478842	0.0400640
0.956509	0.489983	0.0167168
0.960194	0.503902	0.0215720
0.963896	0.489725	0.0167783
0.967613	0.500743	0.0187179
0.971345	0.505315	0.0135353
0.975092	0.549435	0.0190444
0.978855	0.509016	0.0138218
0.982633	0.558983	0.0303606
0.986425	0.529470	0.0209294
0.990231	0.475160	0.0157509
0.994052	0.432898	0.0133286
0.997887	0.356231	0.0134664
1.00174	0.445479	0.0214741
1.00560	0.443495	0.0297519
1.00947	0.446603	0.0234868
1.01336	0.464155	0.0263440
1.01727	0.469901	0.0190453
1.02118	0.484660	0.0170499
1.02511	0.470004	0.0243402
1.02905	0.475959	0.0171639
1.03300	0.533817	0.0223957
1.03697	0.553570	0.0164892
1.04095	0.564344	0.0260399
1.04493	0.577139	0.0162843
1.04893	0.587638	0.0172886
1.05295	0.577103	0.0230210
1.05697	0.571004	0.0157258
1.06100	0.588349	0.0164331
1.06505	0.600304	0.0182036
1.06910	0.622141	0.0176295
1.07316	0.653303	0.0207795
1.07724	0.686268	0.0178575
1.08132	0.686444	0.0231120
1.08542	0.701358	0.0237459
1.08952	0.750183	0.0276065
1.09363	0.772314	0.0223459
1.09776	0.800123	0.0216894
1.10189	0.798702	0.0242247
1.10602	0.786806	0.0235460
1.11017	0.782824	0.0272174
1.11433	0.756894	0.0299222
1.11849	0.773388	0.0240242
1.12266	0.800610	0.0255325
1.12684	0.803364	0.0246816
1.13102	0.786471	0.0266989
1.13522	0.734928	0.0217980
1.13942	0.716161	0.0287914
1.14362	0.727394	0.0191137
1.14784	0.829148	0.0224147
1.15206	0.857732	0.0214529
1.15628	0.872135	0.0193322
1.16051	0.837233	0.0202527
1.16475	0.841502	0.0313645
1.16899	0.783030	0.0219192
1.17324	0.746501	0.0213749
1.17749	0.764111	0.0258995
1.18175	0.753677	0.0248997
1.18601	0.788015	0.0246829
1.19027	0.811403	0.0239103
1.19455	0.762109	0.0225028
1.19882	0.738510	0.0203310
1.20310	0.730923	0.0215891
1.20738	0.743923	0.0252028
1.21167	0.799230	0.0252700
1.21596	0.827415	0.0203177
1.22025	0.851684	0.0227254
1.22454	0.875582	0.0258347
1.22884	0.902516	0.0292609
1.23314	0.874713	0.0248100
1.23744	0.854849	0.0243244
1.24175	0.806030	0.0243216
1.24606	0.767904	0.0221447
1.25036	0.797921	0.0232253
1.25467	0.837779	0.0237257
1.25899	0.898001	0.0271724
1.26330	0.910068	0.0274061
1.26761	0.957906	0.0303560
1.27193	0.985128	0.0288582
1.27625	1.00954	0.0331324
1.28056	0.987106	0.0239514
1.28488	0.984922	0.0310528
1.28920	0.996983	0.0289712
1.29352	1.01338	0.0267340
1.29784	0.993078	0.0295403
1.30215	0.984981	0.0296935
1.30647	1.00772	0.0332650
1.31079	0.992491	0.0290583
1.31510	1.02275	0.0331146
1.31942	1.00704	0.0311587
1.32374	1.00214	0.0330504
1.32805	0.947348	0.0255766
1.33236	0.837609	0.0235633
1.33667	0.758409	0.0284081
1.34098	0.686209	0.0288528
1.34529	0.652974	0.0317459
1.34960	0.606258	0.0365940
1.35390	0.628559	0.0427855
1.35821	0.597156	0.0424724
1.36251	0.548076	0.0345918
1.36681	0.607274	0.0120586
1.37110	0.617902	0.0182850
1.37540	0.601043	0.0314675
1.37969	0.611742	0.0176993
1.38397	0.646133	0.0167047
1.38826	0.646192	0.0216098
1.39254	0.658247	0.0172969
1.39682	0.619446	0.0224365
1.40110	0.554312	0.0316580
1.40537	0.594637	0.0309732
1.40964	0.579754	0.0273191
1.41390	0.573391	0.0218936
1.41817	0.593939	0.0234944
1.42243	0.570149	0.0267429
1.42668	0.574533	0.0150507
1.43093	0.579459	0.0228636
1.43518	0.553389	0.0178890
1.43942	0.562418	0.0169979
1.44366	0.595342	0.0260749
1.44789	0.614795	0.0153580
1.45212	0.616745	0.0209848
1.45635	0.617590	0.0169511
1.46057	0.614202	0.0235110
1.46478	0.633145	0.0237472
1.46899	0.611906	0.0186220
1.47320	0.630837	0.0209725
1.47740	0.638048	0.0167187
1.48160	0.612382	0.0163527
1.48579	0.631383	0.0231788
1.48997	0.621378	0.0241332
1.49415	0.649909	0.0182849
1.49833	0.677689	0.0207692
1.50250	0.669644	0.0230811
1.50666	0.705557	0.0231334
1.51082	0.704981	0.0301229
1.51498	0.698863	0.0183825
1.51913	0.733583	0.0223308
1.52327	0.751369	0.0231715
1.52741	0.739795	0.0360329
1.53154	0.759231	0.0226442
1.53566	0.754005	0.0233384
1.53978	0.803100	0.0273303
1.54390	0.807293	0.0289036
1.54801	0.824873	0.0229987
1.55211	0.812401	0.0278586
1.55620	0.822888	0.0249262
1.56029	0.851772	0.0238676
1.56438	0.842941	0.0267739
1.56846	0.860180	0.0272994
1.57253	0.854279	0.0276082
1.57659	0.869798	0.0271114
1.58065	0.843058	0.0288165
1.58471	0.822313	0.0253846
1.58875	0.803775	0.0272164
1.59279	0.831115	0.0296188
1.59683	0.849969	0.0254755
1.60085	0.830516	0.0263745
1.60488	0.874766	0.0311522
1.60889	0.800305	0.0261957
1.61290	0.806112	0.0225186
1.61690	0.810193	0.0226917
1.62090	0.829735	0.0225021
1.62489	0.825366	0.0221624
1.62887	0.828772	0.0278632
1.63284	0.814985	0.0352802
1.63681	0.855412	0.0295625
1.64078	0.833657	0.0264628
1.64473	0.870720	0.0313035
1.64868	0.869669	0.0266550
1.65263	0.874678	0.0259334
1.65656	0.895817	0.0321418
1.66049	0.903245	0.0300017
1.66442	0.889457	0.0318690
1.66834	0.891882	0.0277062
1.67225	0.871654	0.0344684
1.67615	0.876563	0.0348747
1.68005	0.882470	0.0301620
1.68394	0.885553	0.0246108
1.68782	0.887631	0.0250509
1.69170	0.912827	0.0269435
1.69557	0.878870	0.0269766
1.69944	0.871854	0.0281852
1.70329	0.887062	0.0323560
1.70715	0.899686	0.0357272
1.71099	0.898852	0.0308594
1.71483	0.870891	0.0301801
1.71866	0.872893	0.0330183
1.72249	0.831866	0.0314463
1.72631	0.826035	0.0315753
1.73012	0.795654	0.0304164
1.73393	0.791603	0.0286132
1.73773	0.772326	0.0259702
1.74152	0.752708	0.0228479
1.74531	0.754945	0.0231303
1.74909	0.765532	0.0244689
1.75286	0.716020	0.0226719
1.75663	0.726948	0.0246393
1.76039	0.711675	0.0247757
1.76415	0.679398	0.0248275
1.76790	0.696297	0.0300778
1.77164	0.659010	0.0268449
1.77538	0.647684	0.0251401
1.77911	0.633204	0.0235071
1.78283	0.635042	0.0244508
1.78655	0.632458	0.0240023
1.79026	0.607661	0.0229935
1.79397	0.565313	0.0246403
1.79767	0.566775	0.0238202
1.80136	0.538548	0.0351751
1.80505	0.558419	0.0345959
1.80873	0.569449	0.0227407
1.81241	0.580817	0.0234164
1.81608	0.571929	0.0368119
1.81974	0.590762	0.0270627
1.82340	0.565634	0.0324244
1.82705	0.616892	0.0267689
1.83070	0.565983	0.0320583
1.83434	0.569147	0.0319143
1.83797	0.473937	0.0252134
1.84160	0.492185	0.0187063
1.84522	0.498150	0.0205132
1.84884	0.494449	0.0198091
1.85245	0.454695	0.0198888
1.85606	0.485416	0.0346318
1.85966	0.518704	0.0145033
1.86325	0.462846	0.0254804
1.86684	0.500534	0.0315874
1.87043	0.483130	0.0384610
1.87400	0.444454	0.0279475
1.87758	0.510583	0.0536080
1.88114	0.482493	0.0136652
1.88471	0.519095	0.0146266
1.88826	0.515860	0.0222602
1.89181	0.520567	0.0188697
1.89536	0.512546	0.0327213
1.89890	0.533843	0.0264339
1.90244	0.531213	0.0423985
1.90597	0.535529	0.0344630
1.90949	0.574792	0.0171291
1.91301	0.587697	0.0114918
1.91652	0.562454	0.0191169
1.92003	0.545024	0.00887273
1.92354	0.571990	0.0195066
1.92703	0.548117	0.0189582
1.93053	0.536703	0.0133894
1.93402	0.542040	0.0225509
1.93750	0.528210	0.0139036
1.94098	0.529581	0.0222970
1.94445	0.490947	0.0183445
1.94792	0.513890	0.0190981
1.95139	0.466354	0.0271626
1.95484	0.496784	0.0171059
1.95830	0.507781	0.0203646
1.96175	0.512907	0.0147405
1.96519	0.523493	0.0213511
1.96863	0.501339	0.0155708
1.97206	0.485975	0.0181295
1.97549	0.472060	0.0120710
1.97892	0.476261	0.0114078
1.98234	0.462616	0.0124531
1.98575	0.482709	0.0155756
1.98917	0.470898	0.0162474
1.99257	0.465875	0.0192859
1.99597	0.483199	0.0219693
1.99937	0.460403	0.0340343
2.00276	0.446622	0.0269734
2.00615	0.460805	0.0201143
2.00953	0.489552	0.0234702
2.01291	0.494054	0.0160261
2.01628	0.488119	0.0117926
2.01965	0.504478	0.00702662
2.02301	0.537949	0.0123101
2.02637	0.497001	0.0135154
2.02973	0.520443	0.0128750
2.03308	0.502643	0.0145038
2.03642	0.536097	0.0172029
2.03977	0.484943	0.0181818
2.04310	0.521513	0.0171836
2.04643	0.526256	0.0208731
2.04976	0.508272	0.0201883
2.05309	0.497796	0.0200237
2.05640	0.514056	0.0147493
2.05972	0.535516	0.0174501
2.06303	0.538895	0.0195418
2.06633	0.549025	0.0177916
2.06963	0.545984	0.0232921
2.07293	0.545683	0.0170516
2.07622	0.564094	0.0149672
2.07951	0.545230	0.0156460
2.08279	0.572890	0.0159561
2.08607	0.562557	0.0149758
2.08934	0.572103	0.0177587
2.09261	0.565178	0.0221747
2.09587	0.583704	0.0168576
2.09913	0.578871	0.0171381
2.10239	0.568167	0.0181193
2.10564	0.591748	0.0211150
2.10889	0.589400	0.0169494
2.11213	0.601660	0.0219520
2.11536	0.591461	0.0189621
2.11860	0.589887	0.0176624
2.12182	0.601678	0.0168860
2.12505	0.587091	0.0215106
2.12827	0.616944	0.0208051
2.13148	0.600656	0.0211430
2.13469	0.610251	0.0197407
2.13790	0.609552	0.0207545
2.14110	0.613404	0.0189604
2.14429	0.614331	0.0211124
2.14748	0.612224	0.0208250
2.15067	0.628371	0.0216550
2.15385	0.630150	0.0206667
2.15703	0.624090	0.0206482
2.16020	0.606739	0.0200509
2.16337	0.616874	0.0206987
2.16653	0.620544	0.0200142
2.16969	0.620638	0.0182560
2.17284	0.629164	0.0175196
2.17599	0.615817	0.0185767
2.17913	0.610650	0.0184425
2.18227	0.616721	0.0196370
2.18541	0.633797	0.0207568
2.18853	0.614056	0.0179991
2.19166	0.603615	0.0211786
2.19478	0.621401	0.0200806
2.19789	0.625987	0.0238062
2.20100	0.624038	0.0201091
2.20411	0.590744	0.0178145
2.20721	0.613950	0.0168858
2.21030	0.606017	0.0198550
2.21339	0.611190	0.0191512
2.21648	0.626422	0.0188184
2.21955	0.617226	0.0195061
2.22263	0.608694	0.0186437
2.22570	0.607755	0.0193556
2.22876	0.614208	0.0196622
2.23182	0.595906	0.0204671
2.23488	0.606933	0.0230977
2.23793	0.606058	0.0213271
2.24097	0.606816	0.0192540
2.24401	0.618365	0.0196960
2.24705	0.615841	0.0200460
2.25007	0.615670	0.0196110
2.25310	0.600533	0.0197070
2.25612	0.598113	0.0209366
2.25913	0.580023	0.0176751
2.26214	0.590116	0.0185638
2.26514	0.582194	0.0219426
2.26814	0.583023	0.0172011
2.27113	0.585548	0.0192341
2.27412	0.591977	0.0206109
2.27710	0.563418	0.0172727
2.28008	0.579976	0.0211348
2.28305	0.574142	0.0164035
2.28602	0.575511	0.0207273
2.28898	0.573579	0.0200808
2.29194	0.557492	0.0185224
2.29489	0.491702	0.0174284
2.29784	0.441594	0.0147205
2.30078	0.444106	0.0160406
2.30371	0.450120	0.0145522
2.30664	0.476956	0.0159516
2.30957	0.470466	0.0159682
2.31249	0.461510	0.0174143
2.31540	0.476905	0.0162885
2.31831	0.480973	0.0188514
2.32122	0.463101	0.0151216
2.32412	0.447147	0.0177061
2.32701	0.417000	0.0168710
2.32990	0.405660	0.0136229
2.33279	0.420454	0.0136824
2.33567	0.439305	0.0204216
2.33854	0.424341	0.0177382
2.34141	0.425623	0.0152192
2.34428	0.433529	0.0158102
2.34714	0.454919	0.0125098
2.35000	0.438522	0.0187211
2.35285	0.430387	0.0143308
2.35569	0.399070	0.0114121
2.35854	0.405306	0.0175057
2.36137	0.403278	0.0131561
2.36421	0.399039	0.0140584
2.36703	0.389685	0.0156693
2.36986	0.426631	0.0179305
2.37268	0.411227	0.0195925
2.37549	0.430814	0.0131477
2.37830	0.401972	0.0126239
2.38111	0.417978	0.0157329
2.38392	0.376946	0.0156172
2.38671	0.395532	0.0150249
2.38951	0.401066	0.0164905
2.39230	0.404734	0.0219575
2.39509	0.383482	0.0145605
2.39787	0.391330	0.0100364
2.40066	0.416028	0.0216021
2.40343	0.393276	0.0141401
2.40621	0.365592	0.0204519
2.40898	0.380215	0.0127462
2.41175	0.349846	0.0155018
2.41452	0.360230	0.0163750
2.41728	0.361491	0.0117677
2.42004	0.365446	0.00989144
2.42280	0.358701	0.0123520
2.42555	0.367725	0.0126411
2.42831	0.354606	0.0133656
2.43106	0.354952	0.0166494
2.43381	0.339058	0.0134939
2.43656	0.328182	0.0127708
2.43931	0.313669	0.0151632
2.44206	0.329560	0.0113615
2.44480	0.343931	0.0245740
2.44755	0.312159	0.0329903
2.45029	0.308438	0.00963666
2.45303	0.318288	0.0120040
2.45578	0.318569	0.0153113
2.45852	0.316194	0.0173079
2.46127	0.271972	0.0156722
2.46401	0.280098	0.0132095
2.46675	0.324592	0.0270818
2.46950	0.306951	0.0191857
2.47225	0.339066	0.0230644
2.47500	0.301486	0.0160761
2.47775	0.301794	0.0120879
2.48050	0.247168	0.0237140
2.48326	0.319219	0.0136147
2.48602	0.296714	0.0402489
2.48878	0.346544	0.0185951
2.49154	0.259913	0.0214865
2.49431	0.232509	0.00997089
2.49708	0.316792	0.0230455
2.49986	0.247339	0.00833258
2.50264	0.230208	0.0207426
2.50543	0.277815	0.0510881
2.50822	0.278830	0.0137710
2.51102	0.284136	0.0551869
2.51382	0.291148	0.0421862
2.51663	0.194023	0.0944236
2.51945	0.251893	0.0477418
2.52228	0.198304	0.0353854
2.52511	0.244118	0.0329139
2.52795	0.287516	0.0214366
2.53080	0.233079	0.0348538
2.53366	0.437314	0.113934
2.53653	0.343270	0.127911
2.53941	0.229064	0.0706373
2.54230	0.321845	0.0777869
2.54521	0.0876997	0.222287
2.54812	0.338837	0.205627
2.55105	0.312412	0.301324
2.55398	0.365750	0.233777
2.55694	0.101265	0.176500
2.55990	0.0719314	0.195653
