#  ----------------------------------------------------------------------------------
# SpeX prism spectrum of 2MASS J21392676+0220226 (J21392676+0220226)
# Originally observed on 2003 Sep 03
# Average resolution = 75
# Originally published in Burgasser et al. (2006) ApJ, 637, 1067
#
# PLEASE CITE THE ORIGINAL DATA REFERENCE WHEN PUBLISHING OR PRESENTING THESE DATA
#
# Near infrared spectral type: T1.5
# J magnitude = 15.264
# H magnitude = 14.165
# Ks magnitude = 13.582
#
#  Wavelength (micron)   F_lambda (normalized)  Noise (normalized as F_lambda)
#  ----------------------------------------------------------------------------------
0.655323	-0.0471276	0.00000
0.657518	0.120212	0.0468499
0.659703	-0.0690286	0.00000
0.661882	0.0705189	0.0486471
0.664053	0.0100282	0.0651426
0.666218	0.0416789	0.0459796
0.668377	0.0788532	0.0539588
0.670533	-0.000274061	0.00000
0.672685	0.120263	0.0713941
0.674835	0.0513560	0.0977957
0.676983	0.0805568	0.0425794
0.679130	0.00253978	0.0375948
0.681277	-0.0279311	0.00000
0.683424	-0.0127029	0.00000
0.685573	0.0309181	0.0712861
0.687723	0.0245901	0.00576583
0.689877	-0.0238371	0.00000
0.692034	-0.00911996	0.00000
0.694195	-0.0134638	0.00000
0.696361	-0.0107444	0.00000
0.698532	0.00276350	0.0223270
0.700710	0.0161799	0.0319072
0.702894	-0.0179853	0.00000
0.705085	0.0434209	0.0645332
0.707284	-0.0323793	0.00000
0.709491	-0.0367876	0.00000
0.711708	0.00481883	0.0216443
0.713933	0.0259449	0.0379848
0.716168	0.0195010	0.0657156
0.718414	0.0110106	0.0227708
0.720671	-0.0314391	0.00000
0.722939	-0.00417278	0.00000
0.725219	-0.0205139	0.00000
0.727510	-0.0115196	0.00000
0.729815	-0.00708052	0.00000
0.732132	0.00864132	0.0199547
0.734463	0.0289855	0.0204071
0.736808	-0.00158810	0.00000
0.739166	-0.0172258	0.00000
0.741540	0.00166102	0.0206064
0.743927	-0.00374454	0.00000
0.746330	-0.0242157	0.00000
0.748749	0.0204351	0.0101748
0.751183	0.0155689	0.0222414
0.753633	0.00149433	0.0143854
0.756100	-0.00839825	0.00000
0.758583	-0.0348252	0.00000
0.761082	0.0242279	0.0299273
0.763599	0.0101107	0.0166217
0.766133	-0.0231081	0.00000
0.768684	0.00374754	0.0181611
0.771253	-0.00699496	0.00000
0.773840	0.00415986	0.00823740
0.776445	-0.00939055	0.00000
0.779068	0.00919261	0.0222496
0.781710	0.00472438	0.0175342
0.784370	-0.00597387	0.00000
0.787048	0.0224309	0.0138620
0.789746	-0.00959608	0.00000
0.792462	-5.13654e-05	0.00000
0.795198	0.00746103	0.00698618
0.797952	-0.00800844	0.00000
0.800726	0.00751795	0.0120215
0.803519	0.0207571	0.0129593
0.806331	0.0119666	0.0121931
0.809163	-0.00213138	0.00000
0.812014	0.00762974	0.0216666
0.814885	0.00462679	0.00216311
0.817776	0.0314708	0.00889384
0.820686	0.00302783	0.00697063
0.823615	0.0141368	0.00882039
0.826565	0.00608668	0.0136629
0.829534	0.0277710	0.00894856
0.832523	0.0235446	0.00907054
0.835532	0.0288992	0.0151095
0.838560	0.0279131	0.0183421
0.841608	0.0479828	0.0137559
0.844676	0.0125319	0.0136492
0.847763	0.0482642	0.00955677
0.850870	0.0301453	0.0174531
0.853997	0.0637545	0.00525780
0.857143	0.0488897	0.0102922
0.860308	0.0528681	0.00874656
0.863493	0.0740017	0.00649696
0.866698	0.0698327	0.0105549
0.869921	0.0631093	0.0100266
0.873164	0.0638591	0.0102329
0.876426	0.0787452	0.0133401
0.879707	0.113323	0.0159278
0.883007	0.109782	0.00334199
0.886326	0.0989801	0.00881830
0.889663	0.0911942	0.0223096
0.893019	0.105252	0.0196254
0.896394	0.106172	0.0117803
0.899787	0.132850	0.0196789
0.903199	0.140133	0.00672411
0.906629	0.158936	0.0150428
0.910076	0.162255	0.00938496
0.913542	0.172153	0.0185927
0.917026	0.172602	0.0176232
0.920527	0.192083	0.0119307
0.924045	0.187568	0.0158792
0.927582	0.193700	0.0272935
0.931135	0.205877	0.0108332
0.934705	0.199163	0.0107067
0.938293	0.187201	0.0105953
0.941897	0.187856	0.0161898
0.945517	0.201475	0.0184569
0.949154	0.227456	0.0175722
0.952808	0.238391	0.0283074
0.956477	0.238324	0.0317186
0.960163	0.249477	0.0351862
0.963864	0.271262	0.0340644
0.967581	0.247926	0.0252615
0.971313	0.272896	0.0146718
0.975061	0.306049	0.0294726
0.978823	0.322337	0.0309178
0.982600	0.327957	0.0301975
0.986392	0.348962	0.0226649
0.990199	0.369920	0.0300482
0.994020	0.370620	0.0285007
0.997855	0.385774	0.0194652
1.00170	0.401343	0.0249887
1.00557	0.384502	0.0291453
1.00944	0.424023	0.0304441
1.01333	0.447232	0.0514456
1.01723	0.468818	0.0409202
1.02115	0.470651	0.0402489
1.02508	0.504569	0.0402882
1.02902	0.523394	0.0465367
1.03297	0.541071	0.0402427
1.03694	0.577460	0.0546056
1.04091	0.602838	0.0539067
1.04490	0.601769	0.0474705
1.04890	0.624936	0.0503120
1.05291	0.675039	0.0518707
1.05693	0.646902	0.0437202
1.06097	0.684674	0.0588425
1.06501	0.697106	0.0696639
1.06907	0.707578	0.0612240
1.07313	0.740596	0.0721167
1.07720	0.736574	0.0666788
1.08129	0.739190	0.0530121
1.08538	0.735586	0.0483534
1.08949	0.742206	0.0691041
1.09360	0.697559	0.0621196
1.09772	0.660975	0.0546925
1.10185	0.613496	0.0495638
1.10599	0.554769	0.0502299
1.11014	0.506019	0.0405571
1.11429	0.484639	0.0464262
1.11845	0.456671	0.0324197
1.12263	0.452420	0.0443810
1.12680	0.410648	0.0302681
1.13099	0.434342	0.0383871
1.13518	0.422170	0.0358400
1.13938	0.407945	0.0304089
1.14359	0.396816	0.0266724
1.14780	0.410956	0.0564455
1.15202	0.422582	0.0376087
1.15624	0.420162	0.0371351
1.16048	0.425499	0.0387614
1.16471	0.416451	0.0304219
1.16895	0.421948	0.0353222
1.17320	0.428353	0.0361708
1.17745	0.437006	0.0387850
1.18171	0.439014	0.0396043
1.18597	0.471237	0.0436791
1.19024	0.496186	0.0380485
1.19451	0.556748	0.0493632
1.19878	0.596644	0.0485089
1.20306	0.640523	0.0583775
1.20734	0.663020	0.0611050
1.21163	0.697868	0.0580869
1.21592	0.747362	0.0648329
1.22021	0.773323	0.0668716
1.22451	0.783145	0.0587925
1.22880	0.831393	0.0668542
1.23310	0.854289	0.0807869
1.23741	0.877663	0.0844109
1.24171	0.889150	0.0717259
1.24602	0.902319	0.0751952
1.25033	0.900202	0.0721252
1.25464	0.898410	0.0681765
1.25895	0.939445	0.0856478
1.26326	0.969760	0.102115
1.26758	1.01636	0.0979920
1.27189	1.04288	0.0966592
1.27621	1.03444	0.0964777
1.28053	1.01507	0.0925923
1.28484	1.00586	0.0814069
1.28916	1.01345	0.0863334
1.29348	1.00832	0.0941693
1.29780	0.985213	0.0884194
1.30212	0.957067	0.0682357
1.30643	0.951574	0.0838067
1.31075	0.939097	0.0870598
1.31507	0.924121	0.0884741
1.31938	0.898911	0.0878830
1.32370	0.835005	0.0692801
1.32801	0.768316	0.0708805
1.33233	0.674889	0.0490198
1.33664	0.557636	0.0285610
1.34095	0.395025	0.0200931
1.34526	0.279413	0.00981555
1.34956	0.208008	0.0124795
1.35387	0.188286	0.0100518
1.35817	0.167201	0.00777712
1.36247	0.150509	0.00417645
1.36677	0.144650	0.00345048
1.37107	0.131451	0.0101325
1.37536	0.151517	0.0278232
1.37965	0.161896	0.0196819
1.38394	0.189284	0.0175242
1.38822	0.189195	0.0157399
1.39251	0.181693	0.0101769
1.39678	0.185743	0.0262664
1.40106	0.188787	0.0133368
1.40533	0.149499	0.0150199
1.40960	0.173636	0.0214538
1.41387	0.148988	0.0168387
1.41813	0.145121	0.00933808
1.42239	0.131757	0.0132107
1.42664	0.134864	0.0164189
1.43089	0.148975	0.00584584
1.43514	0.153671	0.0141495
1.43938	0.150436	0.00481408
1.44362	0.159052	0.00649571
1.44785	0.174035	0.0201298
1.45208	0.181218	0.0196151
1.45631	0.198593	0.0209530
1.46053	0.211996	0.0192340
1.46475	0.232874	0.0182848
1.46896	0.243341	0.0198662
1.47316	0.238840	0.0308316
1.47736	0.237105	0.0261937
1.48156	0.240962	0.0182090
1.48575	0.250063	0.0246302
1.48994	0.264989	0.0273127
1.49412	0.271906	0.0257455
1.49829	0.294309	0.0204892
1.50246	0.319208	0.0375087
1.50663	0.313159	0.0209576
1.51079	0.337094	0.0342990
1.51494	0.348945	0.0277780
1.51909	0.367101	0.0389741
1.52323	0.390101	0.0377343
1.52737	0.394719	0.0418368
1.53150	0.433482	0.0389910
1.53563	0.444394	0.0427113
1.53975	0.467344	0.0432882
1.54386	0.499607	0.0478409
1.54797	0.512344	0.0446794
1.55207	0.533980	0.0392229
1.55617	0.553378	0.0494723
1.56026	0.586545	0.0567072
1.56434	0.587092	0.0363362
1.56842	0.600040	0.0514672
1.57249	0.613629	0.0516879
1.57656	0.654857	0.0621772
1.58062	0.682592	0.0593223
1.58467	0.692198	0.0550390
1.58872	0.698791	0.0556974
1.59276	0.696733	0.0618675
1.59679	0.722305	0.0564049
1.60082	0.733189	0.0630115
1.60484	0.745790	0.0723787
1.60886	0.743811	0.0632783
1.61286	0.742075	0.0763536
1.61687	0.742848	0.0698546
1.62086	0.730868	0.0691285
1.62485	0.709293	0.0670846
1.62883	0.708775	0.0605781
1.63281	0.705090	0.0699980
1.63678	0.693237	0.0711939
1.64074	0.691049	0.0646650
1.64470	0.688943	0.0502691
1.64865	0.705831	0.0618803
1.65259	0.726911	0.0770992
1.65653	0.722437	0.0702876
1.66046	0.732768	0.0674492
1.66438	0.731515	0.0657353
1.66830	0.694880	0.0592315
1.67221	0.707663	0.0829303
1.67612	0.662910	0.0626166
1.68001	0.672213	0.0631121
1.68391	0.667779	0.0625648
1.68779	0.706702	0.0716072
1.69167	0.693272	0.0680974
1.69554	0.678993	0.0510172
1.69940	0.683581	0.0611683
1.70326	0.676334	0.0540328
1.70711	0.643480	0.0619273
1.71096	0.635847	0.0567523
1.71480	0.607787	0.0439982
1.71863	0.611952	0.0542150
1.72246	0.570762	0.0445637
1.72628	0.558641	0.0488160
1.73009	0.551580	0.0360656
1.73389	0.527447	0.0503034
1.73769	0.514741	0.0516874
1.74149	0.488190	0.0381511
1.74528	0.482477	0.0450156
1.74906	0.451142	0.0376796
1.75283	0.430436	0.0370947
1.75660	0.421724	0.0365690
1.76036	0.399350	0.0305674
1.76412	0.390713	0.0391157
1.76787	0.364530	0.0295474
1.77161	0.360183	0.0346860
1.77534	0.334338	0.0288770
1.77908	0.322083	0.0294352
1.78280	0.304691	0.0203931
1.78652	0.289699	0.0215329
1.79023	0.289531	0.0237988
1.79394	0.284669	0.0235538
1.79764	0.273120	0.0175591
1.80133	0.292794	0.0137168
1.80502	0.288680	0.00541135
1.80870	0.255952	0.0240730
1.81238	0.259969	0.0264760
1.81604	0.272882	0.0228605
1.81971	0.266403	0.0101781
1.82337	0.293559	0.0234586
1.82702	0.258479	0.0201466
1.83067	0.284370	0.0188792
1.83431	0.294408	0.0153318
1.83794	0.240422	0.0132719
1.84157	0.208480	0.0138350
1.84519	0.209393	0.00506346
1.84881	0.227757	0.0307365
1.85242	0.229808	0.0309328
1.85603	0.201684	0.0178642
1.85963	0.193829	0.0137136
1.86322	0.189080	0.0141264
1.86681	0.175739	0.0217357
1.87040	0.181349	0.0226687
1.87397	0.195520	0.0176962
1.87755	0.204023	0.0238134
1.88111	0.209237	0.0410296
1.88468	0.259809	0.0227819
1.88823	0.226626	0.0152056
1.89178	0.246249	0.0154562
1.89533	0.251577	0.0188893
1.89887	0.246644	0.0225114
1.90241	0.245841	0.0293014
1.90594	0.275984	0.0224829
1.90946	0.228744	0.0140669
1.91298	0.255895	0.0373494
1.91649	0.260936	0.0195848
1.92000	0.271844	0.0147689
1.92351	0.274572	0.0258419
1.92701	0.301159	0.0380096
1.93050	0.248217	0.0103325
1.93399	0.251330	0.0190188
1.93747	0.230422	0.0250793
1.94095	0.210648	0.0217026
1.94442	0.212719	0.0248484
1.94789	0.193776	0.0182525
1.95136	0.205931	0.0245275
1.95481	0.209625	0.0209326
1.95827	0.204478	0.0249888
1.96172	0.215435	0.0245745
1.96516	0.200502	0.0160567
1.96860	0.202665	0.0196665
1.97204	0.222175	0.0298654
1.97547	0.224989	0.0310422
1.97889	0.202866	0.0179282
1.98231	0.216939	0.0246227
1.98573	0.226623	0.0234035
1.98914	0.230792	0.0205796
1.99254	0.231896	0.0190033
1.99594	0.239618	0.0224429
1.99934	0.260394	0.0199097
2.00273	0.270197	0.0151129
2.00612	0.262467	0.0221422
2.00950	0.243536	0.0238520
2.01288	0.250848	0.0246791
2.01625	0.267424	0.0461075
2.01962	0.269363	0.0358751
2.02299	0.278732	0.0302909
2.02635	0.294096	0.0319523
2.02970	0.299305	0.0399578
2.03305	0.312872	0.0293564
2.03640	0.315746	0.0269659
2.03974	0.323146	0.0351341
2.04307	0.339760	0.0349002
2.04641	0.339324	0.0367851
2.04973	0.332314	0.0268158
2.05306	0.367460	0.0361973
2.05638	0.355856	0.0394645
2.05969	0.352894	0.0373769
2.06300	0.354484	0.0360499
2.06630	0.374906	0.0377146
2.06961	0.387266	0.0458544
2.07290	0.384744	0.0416308
2.07619	0.392638	0.0435332
2.07948	0.380005	0.0381313
2.08276	0.383175	0.0287823
2.08604	0.396409	0.0392325
2.08931	0.399285	0.0339231
2.09258	0.403033	0.0373794
2.09585	0.404357	0.0315524
2.09911	0.403966	0.0445773
2.10236	0.411871	0.0410635
2.10561	0.415224	0.0360115
2.10886	0.421017	0.0440583
2.11210	0.410204	0.0394784
2.11534	0.433415	0.0417826
2.11857	0.422210	0.0425591
2.12180	0.425962	0.0436904
2.12502	0.436388	0.0493229
2.12824	0.420575	0.0418391
2.13145	0.415479	0.0395183
2.13466	0.415214	0.0410267
2.13787	0.416931	0.0416103
2.14107	0.420921	0.0446520
2.14426	0.411952	0.0375143
2.14746	0.409295	0.0343035
2.15064	0.410437	0.0418084
2.15382	0.406850	0.0415037
2.15700	0.407428	0.0446920
2.16017	0.396018	0.0430434
2.16334	0.389134	0.0411424
2.16650	0.398439	0.0429169
2.16966	0.382502	0.0381696
2.17281	0.390744	0.0355617
2.17596	0.385370	0.0311536
2.17911	0.368644	0.0299752
2.18224	0.356181	0.0282652
2.18538	0.360981	0.0298588
2.18851	0.371104	0.0350922
2.19163	0.351363	0.0288116
2.19475	0.354050	0.0379453
2.19787	0.330629	0.0357829
2.20098	0.330525	0.0368274
2.20408	0.316418	0.0297906
2.20718	0.308064	0.0292015
2.21027	0.291974	0.0270953
2.21336	0.283962	0.0295016
2.21645	0.289697	0.0259737
2.21953	0.287874	0.0260190
2.22260	0.298076	0.0324834
2.22567	0.285038	0.0273525
2.22874	0.282305	0.0261796
2.23180	0.285839	0.0314076
2.23485	0.282989	0.0274238
2.23790	0.285298	0.0293743
2.24095	0.274103	0.0267530
2.24399	0.282293	0.0300883
2.24702	0.264689	0.0208302
2.25005	0.267918	0.0295285
2.25307	0.257427	0.0261870
2.25609	0.263268	0.0267527
2.25911	0.250566	0.0239990
2.26211	0.257791	0.0272524
2.26512	0.250620	0.0282054
2.26812	0.247015	0.0207501
2.27111	0.250349	0.0255044
2.27410	0.238702	0.0262328
2.27708	0.242995	0.0274861
2.28006	0.233565	0.0189384
2.28303	0.244629	0.0286776
2.28599	0.235333	0.0274349
2.28896	0.237396	0.0230149
2.29191	0.228864	0.0263781
2.29486	0.213260	0.0179770
2.29781	0.206366	0.0190505
2.30075	0.192538	0.0176695
2.30369	0.182064	0.0207924
2.30662	0.183388	0.0163708
2.30954	0.183925	0.0183281
2.31246	0.194654	0.0191487
2.31538	0.198147	0.0218737
2.31829	0.187430	0.0184353
2.32119	0.193986	0.0178977
2.32409	0.169709	0.0192153
2.32699	0.169108	0.0196786
2.32988	0.146031	0.00912560
2.33276	0.162753	0.0169735
2.33564	0.161669	0.0150900
2.33852	0.164636	0.0172390
2.34139	0.162183	0.0142528
2.34426	0.161790	0.0147171
2.34712	0.187198	0.0185604
2.34997	0.181117	0.0247307
2.35282	0.181785	0.0171803
2.35567	0.170628	0.0154283
2.35851	0.189446	0.0146616
2.36135	0.168833	0.0201087
2.36418	0.182332	0.0222422
2.36701	0.184711	0.0212031
2.36983	0.168577	0.0235423
2.37265	0.162304	0.0131383
2.37547	0.178315	0.0177003
2.37828	0.169270	0.0182146
2.38109	0.161288	0.0205770
2.38389	0.167262	0.0131690
2.38669	0.154219	0.00841056
2.38949	0.174184	0.0128501
2.39228	0.182354	0.0221018
2.39507	0.181827	0.0189802
2.39785	0.185377	0.0141874
2.40063	0.180655	0.0146137
2.40341	0.180606	0.0159526
2.40619	0.195524	0.0201798
2.40896	0.185341	0.0108139
2.41173	0.195932	0.0280192
2.41449	0.186618	0.0214527
2.41726	0.209497	0.0291828
2.42002	0.189965	0.0120779
2.42278	0.186564	0.0244507
2.42553	0.186589	0.0197988
2.42829	0.202483	0.0226232
2.43104	0.209409	0.0160618
2.43379	0.189417	0.0258435
2.43654	0.196953	0.0125012
2.43929	0.182579	0.00763943
2.44203	0.186172	0.0188480
2.44478	0.197833	0.0250785
2.44752	0.198556	0.00872226
2.45027	0.165401	0.00962177
2.45301	0.164852	0.00967677
2.45575	0.169124	0.0118875
2.45850	0.185360	0.0274454
2.46124	0.166190	0.0195454
2.46399	0.195885	0.0234375
2.46673	0.180141	0.0169736
2.46948	0.186472	0.0236630
2.47223	0.167638	0.0143301
2.47497	0.153276	0.0124485
2.47773	0.160239	0.0159207
2.48048	0.162708	0.0114796
2.48323	0.156398	0.0308690
2.48599	0.181779	0.0197367
2.48875	0.125310	0.00828275
2.49152	0.133747	0.0225507
2.49429	0.139686	0.00696278
2.49706	0.144617	0.0179267
2.49984	0.148796	0.0154837
2.50262	0.143943	0.0123387
2.50541	0.171739	0.0154187
2.50820	0.171981	0.0117642
2.51100	0.129826	0.0144294
2.51380	0.150044	0.0453052
2.51661	0.176239	0.0275929
2.51943	0.142774	0.0134833
2.52225	0.139498	0.0552144
2.52509	0.145236	0.00481707
2.52793	0.143499	0.0106655
2.53078	0.114995	0.0565323
2.53364	0.0777253	0.0583637
2.53651	0.0524437	0.0644426
2.53939	0.106425	0.121092
2.54228	0.287973	0.0822927
2.54518	0.256312	0.0795700
2.54809	0.155729	0.128493
2.55102	0.0508749	0.0518169
2.55396	0.134967	0.131719
2.55691	0.258115	0.169268
2.55988	0.0357290	0.273367
2.56286	0.0662412	0.117005
2.56585	-0.0361541	0.00000
