#  ----------------------------------------------------------------------------------
# SpeX prism spectrum of 2MASS J03001631+2130205 (J03001631+2130205)
# Originally observed on 2006 Aug 28
# Average resolution = 120
# Originally published in Kirkpatrick et al. (2010) ApJS, 190, 100
#
# PLEASE CITE THE ORIGINAL DATA REFERENCE WHEN PUBLISHING OR PRESENTING THESE DATA
#
# Near infrared spectral type: L6 pec
# J magnitude = 15.921
# H magnitude = 14.885
# Ks magnitude = 14.258
#
#  Wavelength (micron)   F_lambda (normalized)  Noise (normalized as F_lambda)
#  ----------------------------------------------------------------------------------
0.649510	1.20372	0.335379
0.651733	0.0674592	0.280502
0.653944	0.928196	0.261846
0.656145	0.482114	0.228389
0.658336	0.397349	0.210543
0.660519	0.343233	0.189335
0.662694	0.501548	0.191843
0.664863	0.0618325	0.182738
0.667026	0.353490	0.186668
0.669184	0.113577	0.168643
0.671338	-0.283993	0.181001
0.673490	0.278617	0.118107
0.675638	0.144341	0.101371
0.677786	0.0388559	0.126610
0.679933	0.104956	0.119389
0.682080	0.332048	0.107852
0.684228	0.128366	0.0967430
0.686377	-0.0180813	0.0637430
0.688529	0.206976	0.0811580
0.690683	0.348232	0.0716814
0.692842	0.384558	0.0623757
0.695005	0.150339	0.0323803
0.697173	0.142984	0.0401336
0.699346	0.0356378	0.0297663
0.701526	0.0345281	0.0227498
0.703713	0.0681718	0.0133821
0.705907	0.0123266	0.00629172
0.708109	0.000648329	0.000139379
0.710319	-0.0264291	0.00580773
0.712539	-0.00450740	0.0109065
0.714768	-0.0654321	0.0155802
0.717007	-0.115025	0.0185795
0.719257	-0.119400	0.0241237
0.721518	-0.0166290	0.0248091
0.723790	-0.0416990	0.0276463
0.726075	-0.120268	0.0280299
0.728371	-0.122927	0.0284238
0.730680	-0.100729	0.0280188
0.733003	-0.0490724	0.0276718
0.735339	-0.0958869	0.0234413
0.737688	-0.0204018	0.0202368
0.740052	-0.0228300	0.0103695
0.742431	0.00551802	0.00611710
0.744825	0.00437422	0.0151241
0.747233	-0.00760568	0.0171723
0.749658	-0.0235816	0.0145016
0.752098	-0.0394563	0.0121984
0.754554	-0.0238882	0.00709954
0.757026	-0.00322743	0.00324701
0.759516	0.00291620	0.00228540
0.762022	0.00490566	0.00937604
0.764545	-0.00696035	0.0150364
0.767085	0.00524100	0.0182067
0.769643	0.0487756	0.0183443
0.772219	0.0281716	0.0208093
0.774813	0.0676972	0.0212363
0.777424	0.0968607	0.0206095
0.780054	0.0887989	0.0217294
0.782703	0.111179	0.0239106
0.785370	0.0347284	0.0233658
0.788055	0.122319	0.0244854
0.790760	0.0469420	0.0266326
0.793483	0.0659613	0.0295290
0.796226	0.0979628	0.0312232
0.798987	0.120410	0.0332793
0.801768	0.0649743	0.0335555
0.804568	0.0294740	0.0322213
0.807388	0.144055	0.0306984
0.810227	0.0637494	0.0327993
0.813086	0.0736542	0.0312873
0.815964	0.127638	0.0319902
0.818862	0.0802843	0.0261914
0.821779	0.184487	0.0355411
0.824716	0.220426	0.0306002
0.827673	0.125568	0.0299616
0.830650	0.159346	0.0269448
0.833646	0.147116	0.0265603
0.836662	0.141245	0.0294407
0.839698	0.211095	0.0304153
0.842753	0.133026	0.0288911
0.845828	0.128715	0.0290267
0.848923	0.166009	0.0253204
0.852037	0.150501	0.0243637
0.855171	0.199573	0.0232591
0.858325	0.208623	0.0225360
0.861497	0.203426	0.0224150
0.864690	0.239386	0.0230128
0.867901	0.180235	0.0220777
0.871132	0.180426	0.0221305
0.874382	0.156309	0.0219460
0.877651	0.181303	0.0228067
0.880939	0.226518	0.0226566
0.884246	0.151583	0.0235186
0.887572	0.229526	0.0221853
0.890916	0.210751	0.0224959
0.894280	0.195643	0.0228392
0.897661	0.235155	0.0237378
0.901061	0.220983	0.0225617
0.904480	0.216437	0.0264125
0.907916	0.248173	0.0246196
0.911371	0.284967	0.0260050
0.914843	0.309735	0.0250573
0.918333	0.297256	0.0255132
0.921841	0.313607	0.0231850
0.925366	0.280920	0.0236744
0.928909	0.299931	0.0244722
0.932468	0.414843	0.0276635
0.936045	0.382114	0.0288284
0.939639	0.326823	0.0291565
0.943249	0.385880	0.0269352
0.946876	0.380720	0.0263529
0.950519	0.474624	0.0254397
0.954179	0.425700	0.0233547
0.957854	0.368740	0.0231515
0.961545	0.381835	0.0235729
0.965252	0.429761	0.0225186
0.968975	0.417998	0.0215647
0.972713	0.457794	0.0186699
0.976466	0.511093	0.0182064
0.980234	0.529255	0.0173341
0.984017	0.495422	0.0174384
0.987814	0.525102	0.0166634
0.991626	0.404579	0.0169551
0.995452	0.423980	0.0170211
0.999293	0.373518	0.0170011
1.00315	0.439463	0.0160892
1.00701	0.448288	0.0155887
1.01090	0.398823	0.0166823
1.01479	0.450963	0.0161785
1.01870	0.474430	0.0170289
1.02262	0.479548	0.0160697
1.02655	0.496604	0.0157891
1.03049	0.512385	0.0158919
1.03445	0.568280	0.0156526
1.03842	0.541845	0.0153602
1.04240	0.581876	0.0147886
1.04640	0.571730	0.0147141
1.05040	0.593821	0.0137298
1.05442	0.591276	0.0130158
1.05844	0.609619	0.0122347
1.06248	0.613811	0.0122037
1.06653	0.613308	0.0128302
1.07059	0.635822	0.0135200
1.07465	0.666787	0.0136182
1.07873	0.681335	0.0145222
1.08282	0.723697	0.0143545
1.08692	0.736510	0.0148769
1.09102	0.736208	0.0142667
1.09514	0.710122	0.0139117
1.09926	0.747457	0.0139258
1.10340	0.738670	0.0138575
1.10754	0.722108	0.0136184
1.11169	0.749331	0.0141416
1.11585	0.701391	0.0150783
1.12001	0.748487	0.0164060
1.12419	0.737928	0.0171859
1.12837	0.717797	0.0185423
1.13256	0.703619	0.0171732
1.13675	0.656066	0.0172689
1.14095	0.730365	0.0173079
1.14516	0.708773	0.0163867
1.14938	0.788524	0.0166406
1.15360	0.778781	0.0154164
1.15783	0.749500	0.0144414
1.16206	0.759600	0.0131607
1.16630	0.737585	0.0121619
1.17054	0.694291	0.0110590
1.17479	0.678525	0.0103668
1.17904	0.721636	0.0100213
1.18330	0.745584	0.00996376
1.18757	0.778427	0.00975205
1.19184	0.757989	0.0104232
1.19611	0.755785	0.0112466
1.20038	0.734102	0.0114207
1.20466	0.750656	0.0121019
1.20895	0.781767	0.0121071
1.21323	0.817084	0.0119194
1.21752	0.856966	0.0120621
1.22182	0.865198	0.0117711
1.22611	0.881396	0.0118982
1.23041	0.884857	0.0115394
1.23471	0.853120	0.0109401
1.23902	0.832066	0.0105634
1.24332	0.809040	0.00971046
1.24763	0.800320	0.00942026
1.25194	0.868154	0.00941305
1.25625	0.896605	0.00996284
1.26056	0.955940	0.0112568
1.26488	0.954064	0.0129154
1.26919	0.969743	0.0145762
1.27351	1.01263	0.0150825
1.27782	1.00193	0.0138231
1.28214	0.991618	0.0126436
1.28646	0.987453	0.0119897
1.29078	0.990434	0.0116108
1.29510	1.00282	0.0118791
1.29941	0.984460	0.0115673
1.30373	0.989428	0.0116974
1.30805	1.01578	0.0118693
1.31237	1.01063	0.0113314
1.31668	1.01282	0.0110420
1.32100	1.00570	0.0108789
1.32531	0.966244	0.0105742
1.32963	0.857560	0.0104791
1.33394	0.713783	0.00977397
1.33825	0.596140	0.00979318
1.34256	0.541916	0.0107742
1.34687	0.565001	0.0139075
1.35117	0.540090	0.0211248
1.35548	0.527007	0.0388397
1.35978	0.454592	0.0778930
1.36408	0.447204	0.137974
1.36838	0.392085	0.115557
1.37267	0.524396	0.0774284
1.37696	0.380443	0.0742292
1.38125	0.484963	0.0662194
1.38554	0.480355	0.0588384
1.38983	0.389144	0.0520103
1.39411	0.564446	0.0470217
1.39838	0.562637	0.0459324
1.40266	0.420474	0.0466352
1.40693	0.388153	0.0369323
1.41120	0.407148	0.0312917
1.41546	0.430224	0.0257403
1.41972	0.428010	0.0214849
1.42398	0.428098	0.0184031
1.42823	0.459750	0.0186491
1.43248	0.432010	0.0164580
1.43673	0.474411	0.0157157
1.44097	0.459121	0.0143223
1.44521	0.468083	0.0145921
1.44944	0.483959	0.0144340
1.45367	0.498941	0.0141698
1.45789	0.525711	0.0137224
1.46211	0.523070	0.0132042
1.46632	0.512083	0.0132748
1.47053	0.530503	0.0130034
1.47473	0.496809	0.0135580
1.47893	0.528519	0.0137643
1.48313	0.524275	0.0138748
1.48732	0.555201	0.0131152
1.49150	0.583475	0.0113901
1.49568	0.571217	0.00996296
1.49985	0.583643	0.0118009
1.50402	0.596261	0.0128833
1.50819	0.639230	0.0128459
1.51234	0.632769	0.0119637
1.51650	0.641258	0.00972696
1.52064	0.680139	0.0107882
1.52478	0.696082	0.0126631
1.52892	0.713745	0.0123760
1.53305	0.712451	0.0117478
1.53717	0.743889	0.0116327
1.54129	0.747535	0.0110204
1.54540	0.769565	0.0102666
1.54951	0.775903	0.0104109
1.55361	0.791540	0.0101957
1.55770	0.803073	0.0106911
1.56179	0.831806	0.0111538
1.56587	0.829556	0.0106956
1.56994	0.836328	0.00982938
1.57401	0.815429	0.00916041
1.57808	0.829269	0.0112009
1.58213	0.812249	0.0128317
1.58619	0.784758	0.0135852
1.59023	0.825867	0.0115133
1.59427	0.834227	0.00918591
1.59830	0.844423	0.0103426
1.60232	0.857850	0.0113003
1.60634	0.852076	0.0122468
1.61036	0.814890	0.0120887
1.61436	0.786632	0.0112456
1.61836	0.793460	0.0116527
1.62236	0.810349	0.0108664
1.62634	0.833088	0.0103552
1.63032	0.807222	0.0101316
1.63430	0.818221	0.00962615
1.63826	0.809447	0.00992441
1.64222	0.832876	0.0101784
1.64618	0.856248	0.0105037
1.65013	0.866318	0.0104238
1.65407	0.857081	0.00963456
1.65800	0.878759	0.00838699
1.66193	0.853677	0.00868608
1.66585	0.846994	0.0114338
1.66977	0.846651	0.0121992
1.67367	0.857847	0.0124767
1.67758	0.875395	0.00996669
1.68147	0.858806	0.00809006
1.68536	0.865160	0.00946770
1.68924	0.870765	0.0104506
1.69312	0.839424	0.0109843
1.69699	0.861264	0.0117094
1.70085	0.858833	0.0107586
1.70470	0.861243	0.0107929
1.70855	0.846611	0.0107221
1.71240	0.836906	0.00995961
1.71623	0.821434	0.00985597
1.72006	0.784192	0.00951981
1.72389	0.783635	0.00913734
1.72770	0.769531	0.00934995
1.73151	0.749310	0.00946268
1.73532	0.724844	0.00964432
1.73911	0.679774	0.0100339
1.74291	0.670001	0.0100722
1.74669	0.673955	0.00950417
1.75047	0.658324	0.00875993
1.75424	0.632571	0.00765130
1.75801	0.622172	0.00810705
1.76177	0.592079	0.0109187
1.76552	0.586436	0.0119562
1.76927	0.558314	0.0119603
1.77301	0.555232	0.00993931
1.77674	0.530679	0.00796905
1.78047	0.540964	0.00854274
1.78419	0.529955	0.0107872
1.78791	0.477760	0.0110881
1.79162	0.476779	0.0117737
1.79532	0.497070	0.0133516
1.79902	0.473296	0.0158380
1.80271	0.464979	0.0170518
1.80640	0.484776	0.0180923
1.81007	0.435073	0.0181619
1.81375	0.521297	0.0198455
1.81742	0.493273	0.0226022
1.82108	0.505342	0.0218525
1.82473	0.514824	0.0284608
1.82838	0.548796	0.0376635
1.83203	0.478650	0.0618541
1.83567	0.559444	0.112104
1.83930	0.248348	0.116507
1.84293	0.182921	0.0981869
1.84655	0.280532	0.0875631
1.85016	0.426580	0.0888491
1.85377	0.435901	0.103526
1.85738	0.381982	0.0809640
1.86097	0.289079	0.0670976
1.86457	0.450846	0.0671903
1.86815	0.385182	0.0950966
1.87174	0.468038	0.151854
1.87531	0.216945	0.0966303
1.87888	0.378961	0.0568862
1.88245	0.378528	0.0395122
1.88601	0.425100	0.0353930
1.88956	0.448377	0.0371008
1.89311	0.339060	0.0378515
1.89665	0.387088	0.0518505
1.90019	0.399813	0.0663206
1.90373	0.401930	0.0800292
1.90725	0.412127	0.0718707
1.91078	0.352277	0.0630436
1.91429	0.438728	0.0438751
1.91781	0.406507	0.0352125
1.92131	0.449199	0.0294437
1.92482	0.410217	0.0286371
1.92831	0.423073	0.0266800
1.93180	0.392856	0.0234720
1.93529	0.340785	0.0202732
1.93877	0.387129	0.0170209
1.94225	0.401951	0.0144647
1.94572	0.386433	0.0129430
1.94919	0.371265	0.0127382
1.95265	0.368304	0.0142140
1.95611	0.353603	0.0154611
1.95956	0.355599	0.0136736
1.96301	0.358860	0.0121894
1.96645	0.365465	0.0113911
1.96989	0.370436	0.0106612
1.97332	0.363611	0.0104250
1.97675	0.370923	0.00962364
1.98017	0.370413	0.00861994
1.98359	0.370588	0.00749756
1.98700	0.351754	0.00694458
1.99041	0.367369	0.00678556
1.99382	0.377572	0.00774854
1.99721	0.391947	0.0114903
2.00061	0.433163	0.0155297
2.00400	0.350570	0.0173402
2.00739	0.357736	0.0147395
2.01077	0.383169	0.0115237
2.01414	0.386488	0.0108536
2.01751	0.384905	0.0100555
2.02088	0.414404	0.00938373
2.02424	0.414273	0.00965037
2.02760	0.395436	0.00910165
2.03095	0.414410	0.00912853
2.03430	0.436492	0.00840301
2.03765	0.418953	0.00910888
2.04099	0.437068	0.00874337
2.04432	0.449439	0.00887968
2.04765	0.450276	0.00836862
2.05098	0.459689	0.00894979
2.05430	0.459801	0.0104597
2.05762	0.452479	0.00998205
2.06093	0.468347	0.00913229
2.06424	0.475254	0.00745479
2.06754	0.470385	0.00779167
2.07084	0.485354	0.00827166
2.07413	0.469636	0.00791813
2.07742	0.477423	0.00737891
2.08071	0.486492	0.00671319
2.08399	0.511206	0.00680832
2.08726	0.497548	0.00717364
2.09054	0.500407	0.00707557
2.09380	0.504626	0.00669389
2.09707	0.507016	0.00629789
2.10032	0.514279	0.00636191
2.10358	0.526256	0.00682211
2.10683	0.528130	0.00732643
2.11007	0.529504	0.00744106
2.11331	0.551949	0.00752387
2.11655	0.524912	0.00748784
2.11978	0.525649	0.00746046
2.12300	0.530618	0.00759365
2.12623	0.535577	0.00733129
2.12944	0.535704	0.00713056
2.13265	0.542462	0.00678168
2.13586	0.541406	0.00657288
2.13907	0.534567	0.00629141
2.14226	0.539438	0.00609040
2.14546	0.542452	0.00679484
2.14865	0.547686	0.00820735
2.15183	0.561347	0.00896469
2.15501	0.538010	0.00890820
2.15819	0.549308	0.00783829
2.16136	0.574255	0.00732211
2.16452	0.558636	0.00703992
2.16768	0.556466	0.00690502
2.17084	0.565277	0.00688016
2.17399	0.541031	0.00690366
2.17714	0.546096	0.00766065
2.18028	0.542679	0.00791760
2.18342	0.540070	0.00823283
2.18655	0.527356	0.00779939
2.18968	0.532728	0.00742379
2.19280	0.520736	0.00808905
2.19592	0.528355	0.00821622
2.19903	0.523849	0.00840674
2.20214	0.518539	0.00806044
2.20524	0.500433	0.00749657
2.20834	0.511455	0.00780901
2.21143	0.532379	0.00854054
2.21452	0.519329	0.00788721
2.21760	0.505497	0.00763700
2.22068	0.511739	0.00707465
2.22375	0.507067	0.00706154
2.22682	0.495247	0.00740454
2.22988	0.501744	0.00782053
2.23294	0.497121	0.00781734
2.23599	0.493651	0.00762994
2.23904	0.500988	0.00712183
2.24208	0.486932	0.00697145
2.24512	0.485540	0.00709973
2.24815	0.497051	0.00732855
2.25118	0.489916	0.00757717
2.25420	0.486295	0.00745125
2.25722	0.493819	0.00736120
2.26023	0.476744	0.00727875
2.26324	0.481462	0.00731684
2.26624	0.477460	0.00740543
2.26924	0.469273	0.00753481
2.27223	0.484628	0.00765041
2.27521	0.472768	0.00766869
2.27819	0.462398	0.00752168
2.28117	0.470646	0.00751223
2.28414	0.472314	0.00749668
2.28710	0.454384	0.00755680
2.29006	0.463636	0.00800423
2.29302	0.426065	0.00782918
2.29597	0.368784	0.00791684
2.29891	0.356780	0.00798227
2.30185	0.364677	0.00794349
2.30478	0.362148	0.00794076
2.30771	0.370548	0.00781404
2.31064	0.368877	0.00772393
2.31355	0.374609	0.00786823
2.31647	0.378766	0.00827670
2.31938	0.371042	0.00934195
2.32228	0.351934	0.00876072
2.32518	0.339836	0.00847783
2.32807	0.326070	0.00828939
2.33096	0.344690	0.00823958
2.33384	0.338975	0.00830602
2.33672	0.347882	0.00864970
2.33959	0.346375	0.00904200
2.34246	0.345359	0.00928925
2.34533	0.361814	0.00956143
2.34818	0.354675	0.00997909
2.35104	0.341961	0.0104838
2.35389	0.339332	0.0105980
2.35673	0.328365	0.0111630
2.35957	0.316894	0.0118620
2.36241	0.322755	0.00952449
2.36524	0.327139	0.00998105
2.36807	0.315687	0.0110895
2.37089	0.333380	0.0118849
2.37371	0.346363	0.0121901
2.37652	0.339404	0.0121758
2.37933	0.333301	0.0123889
2.38214	0.316600	0.0143636
2.38494	0.314680	0.0148792
2.38774	0.319041	0.0139665
2.39053	0.311948	0.0128710
2.39332	0.331795	0.0124876
2.39611	0.336527	0.0125358
2.39889	0.327164	0.0122104
2.40167	0.327904	0.0128232
2.40445	0.281615	0.0138773
2.40722	0.310891	0.0149340
2.40999	0.309867	0.0156395
2.41276	0.274037	0.0171480
2.41553	0.269075	0.0199880
2.41829	0.285040	0.0196505
2.42105	0.292200	0.0180157
2.42381	0.287826	0.0158053
2.42656	0.282605	0.0141824
2.42932	0.277706	0.0144967
2.43207	0.302736	0.0186149
2.43482	0.305289	0.0207496
2.43757	0.275748	0.0211756
2.44031	0.259225	0.0173305
2.44306	0.280112	0.0185201
2.44580	0.228530	0.0236432
2.44855	0.239235	0.0288514
2.45129	0.258752	0.0273350
2.45404	0.253952	0.0235666
2.45678	0.245444	0.0180704
2.45952	0.261841	0.0187657
2.46227	0.265380	0.0221730
2.46501	0.192059	0.0247535
2.46776	0.0993252	0.0219216
2.47051	0.211303	0.0285032
2.47325	0.180968	0.0289807
2.47600	0.153891	0.0300334
2.47876	0.195303	0.0321911
2.48151	0.258555	0.0406802
2.48427	0.146468	0.0503111
2.48703	0.156748	0.0550653
2.48979	0.190503	0.0587156
2.49255	0.226294	0.0619453
2.49532	0.221420	0.0521718
2.49810	0.236720	0.0431871
2.50088	0.189024	0.0428087
2.50366	0.284836	0.0502153
2.50645	0.273687	0.0587424
2.50924	0.170809	0.0668599
2.51204	0.290143	0.0776296
2.51485	0.180930	0.116837
2.51766	0.185190	0.128245
2.52048	0.161782	0.119699
2.52331	0.246285	0.121926
2.52615	0.210537	0.162093
2.52899	0.219093	0.279569
2.53185	0.828606	0.485501
2.53471	1.33721	0.641736
2.53759	-1.18349	0.725692
2.54047	-0.506318	0.505134
2.54336	-2.67394	0.620466
2.54627	1.11829	0.921513
2.54919	-0.466899	1.77753
2.55212	0.379594	2.11773
2.55506	0.158921	1.46500
2.55802	-0.187108	0.924182
2.56099	0.219966	1.04176
