#  ----------------------------------------------------------------------------------
# SpeX prism spectrum of Gl 584C (J15232263+3014562)
# Originally observed on 2008 May 08
# Average resolution = 120
# Originally published in Burgasser et al. (2010) ApJ, 710, 1142-1169
#
# PLEASE CITE THE ORIGINAL DATA REFERENCE WHEN PUBLISHING OR PRESENTING THESE DATA
#
# Optical spectral type: L8
# Near infrared spectral type: L8
# J magnitude = 16.056
# H magnitude = 14.928
# Ks magnitude = 14.348
#
#  Wavelength (micron)   F_lambda (normalized)  Noise (normalized as F_lambda)
#  ----------------------------------------------------------------------------------
0.642037	-0.756680	0.419838
0.644306	-1.17075	0.403564
0.646559	0.762687	0.419063
0.648799	-0.472572	0.424659
0.651025	-0.686848	0.415386
0.653240	-0.523594	0.357449
0.655444	-0.495717	0.332708
0.657639	-0.428268	0.313384
0.659824	-0.373417	0.305247
0.662002	-0.138491	0.286506
0.664172	0.195466	0.288905
0.666337	0.167701	0.281124
0.668496	0.312493	0.280136
0.670652	-0.0422776	0.266171
0.672804	-0.305076	0.264040
0.674953	0.231259	0.247036
0.677101	-0.471670	0.246823
0.679248	-0.145892	0.227045
0.681395	-0.539157	0.220472
0.683542	-0.498279	0.217205
0.685691	-0.276035	0.212772
0.687842	-0.142249	0.218068
0.689996	-0.324438	0.204111
0.692153	-0.00817686	0.189212
0.694315	-0.365855	0.187642
0.696481	0.104480	0.169042
0.698653	-0.181562	0.167604
0.700830	0.0645047	0.155816
0.703015	0.0146923	0.149300
0.705206	0.00738647	0.147267
0.707406	-0.120052	0.144459
0.709613	-0.0220576	0.130638
0.711830	0.346514	0.132692
0.714056	-0.104606	0.126230
0.716292	0.0508345	0.127640
0.718539	0.176574	0.118470
0.720796	0.140716	0.113957
0.723064	-0.0736359	0.110951
0.725345	-0.0207179	0.113859
0.727637	0.210200	0.103824
0.729943	0.0238031	0.103786
0.732261	0.0160241	0.0988783
0.734592	-0.0919239	0.0979764
0.736938	0.129348	0.0920002
0.739297	0.117373	0.0915515
0.741671	-0.0164453	0.0824850
0.744060	-0.0274754	0.0863600
0.746464	-0.0631679	0.0800469
0.748883	-0.143984	0.0804863
0.751318	-0.0238400	0.0737951
0.753769	-0.0135850	0.0743878
0.756236	-0.0464161	0.0780995
0.758720	-0.158532	0.0986880
0.761221	-0.114837	0.102475
0.763738	0.00893095	0.103928
0.766273	0.0239459	0.0852454
0.768826	-0.0310862	0.0739263
0.771396	-0.0889955	0.0699954
0.773984	0.0456134	0.0670519
0.776590	-0.0648533	0.0631964
0.779214	0.0199035	0.0622805
0.781856	0.0672203	0.0610853
0.784517	-0.0521959	0.0618784
0.787197	0.0572074	0.0587271
0.789895	-0.0866255	0.0601100
0.792613	-0.0426884	0.0597148
0.795349	0.0445999	0.0638048
0.798105	0.110389	0.0601248
0.800879	0.0178718	0.0587529
0.803673	0.168817	0.0580461
0.806487	-0.0220443	0.0574538
0.809320	0.0204386	0.0547614
0.812172	0.0433257	0.0561034
0.815044	0.142565	0.0494827
0.817936	0.0387304	0.0506991
0.820847	0.0144047	0.0498133
0.823778	0.0800837	0.0505200
0.826728	0.0573923	0.0492092
0.829699	0.0643944	0.0485574
0.832689	0.0763529	0.0493378
0.835698	0.0423008	0.0523101
0.838728	0.0890077	0.0496817
0.841777	0.189052	0.0509641
0.844846	0.140734	0.0477641
0.847934	0.131301	0.0429795
0.851042	0.184386	0.0410033
0.854170	0.180818	0.0410107
0.857317	0.0805972	0.0384487
0.860484	0.244645	0.0398573
0.863670	0.186485	0.0399988
0.866875	0.218766	0.0397813
0.870100	0.224938	0.0385368
0.873344	0.0937709	0.0393789
0.876607	0.175783	0.0383853
0.879889	0.173741	0.0401876
0.883190	0.163281	0.0393948
0.886509	0.228977	0.0402701
0.889848	0.220557	0.0384457
0.893205	0.143499	0.0383703
0.896581	0.191628	0.0376786
0.899975	0.290223	0.0363556
0.903388	0.278453	0.0366295
0.906818	0.275088	0.0361433
0.910267	0.314450	0.0342156
0.913734	0.277795	0.0355194
0.917218	0.315868	0.0350180
0.920720	0.319316	0.0343779
0.924240	0.318926	0.0339411
0.927777	0.319926	0.0354528
0.931331	0.327147	0.0370926
0.934903	0.393484	0.0384569
0.938491	0.363845	0.0377827
0.942096	0.310968	0.0374827
0.945718	0.399526	0.0363118
0.949356	0.429741	0.0359837
0.953010	0.369952	0.0333140
0.956680	0.390172	0.0322339
0.960367	0.367403	0.0309218
0.964069	0.443785	0.0308945
0.967786	0.460617	0.0292522
0.971520	0.490984	0.0274829
0.975268	0.545649	0.0272181
0.979031	0.472627	0.0270295
0.982809	0.558654	0.0268424
0.986602	0.481030	0.0271188
0.990409	0.534789	0.0289185
0.994231	0.499654	0.0292655
0.998067	0.437498	0.0292302
1.00192	0.493648	0.0287209
1.00578	0.514809	0.0269000
1.00966	0.494075	0.0268497
1.01355	0.554247	0.0280380
1.01745	0.557476	0.0285894
1.02137	0.555140	0.0278330
1.02529	0.561315	0.0281669
1.02924	0.599629	0.0265104
1.03319	0.591320	0.0274771
1.03715	0.603102	0.0264607
1.04113	0.562691	0.0258525
1.04512	0.612692	0.0248967
1.04912	0.632958	0.0232097
1.05313	0.650555	0.0214507
1.05716	0.640162	0.0202128
1.06119	0.655674	0.0187644
1.06524	0.705016	0.0204156
1.06929	0.695987	0.0222793
1.07336	0.658226	0.0232910
1.07743	0.677126	0.0246156
1.08151	0.708102	0.0244946
1.08561	0.761205	0.0246518
1.08971	0.786953	0.0255634
1.09383	0.636552	0.0244661
1.09795	0.673414	0.0243626
1.10208	0.688315	0.0232793
1.10622	0.653211	0.0208426
1.11037	0.622907	0.0197507
1.11452	0.638623	0.0189641
1.11868	0.637259	0.0178597
1.12286	0.640752	0.0191571
1.12703	0.660030	0.0214789
1.13122	0.569943	0.0231391
1.13541	0.612738	0.0232138
1.13961	0.618806	0.0249936
1.14382	0.626080	0.0233668
1.14803	0.627003	0.0238329
1.15225	0.687226	0.0234915
1.15648	0.633163	0.0224857
1.16071	0.651791	0.0220267
1.16495	0.701853	0.0205021
1.16919	0.617065	0.0187371
1.17344	0.620080	0.0168499
1.17769	0.634523	0.0153612
1.18195	0.684482	0.0144058
1.18621	0.708762	0.0137029
1.19047	0.757691	0.0149606
1.19474	0.770314	0.0175340
1.19902	0.763536	0.0194078
1.20330	0.824675	0.0200344
1.20758	0.791468	0.0210801
1.21187	0.843622	0.0200684
1.21616	0.835558	0.0206810
1.22045	0.851051	0.0206672
1.22474	0.879053	0.0203482
1.22904	0.850339	0.0205936
1.23334	0.935231	0.0195321
1.23764	0.861735	0.0181890
1.24195	0.881813	0.0168754
1.24626	0.829504	0.0155100
1.25057	0.874158	0.0153410
1.25488	0.910594	0.0169748
1.25919	0.907282	0.0183758
1.26350	0.946321	0.0231115
1.26782	0.967648	0.0258924
1.27213	1.01547	0.0290058
1.27645	0.968362	0.0289254
1.28077	0.973907	0.0256024
1.28508	0.905364	0.0237531
1.28940	0.984390	0.0212811
1.29372	0.949320	0.0204125
1.29804	0.955050	0.0200868
1.30236	0.969657	0.0197742
1.30667	0.956229	0.0205274
1.31099	1.01843	0.0200175
1.31531	0.969500	0.0197401
1.31962	0.968879	0.0176017
1.32394	0.911192	0.0161775
1.32825	0.802960	0.0151858
1.33256	0.690692	0.0136234
1.33688	0.546409	0.0128666
1.34119	0.505507	0.0128271
1.34549	0.444712	0.0135850
1.34980	0.455307	0.0145298
1.35410	0.445110	0.0166483
1.35841	0.475224	0.0214671
1.36271	0.440936	0.0274498
1.36701	0.453350	0.0292227
1.37130	0.414329	0.0267396
1.37560	0.473469	0.0258217
1.37989	0.539059	0.0267795
1.38417	0.498508	0.0258122
1.38846	0.515485	0.0255722
1.39274	0.516651	0.0241983
1.39702	0.503352	0.0266416
1.40130	0.439496	0.0275322
1.40557	0.415489	0.0284385
1.40984	0.419517	0.0279227
1.41410	0.453022	0.0272200
1.41837	0.411123	0.0239334
1.42262	0.442611	0.0211176
1.42688	0.396854	0.0181196
1.43113	0.408405	0.0188687
1.43537	0.424123	0.0185854
1.43962	0.470873	0.0177963
1.44385	0.446739	0.0171368
1.44809	0.497061	0.0190535
1.45232	0.511380	0.0203138
1.45654	0.508257	0.0218051
1.46076	0.557493	0.0211452
1.46498	0.559232	0.0215609
1.46919	0.568829	0.0199512
1.47339	0.562174	0.0204726
1.47760	0.612380	0.0211101
1.48179	0.604141	0.0217329
1.48598	0.585001	0.0221216
1.49017	0.584226	0.0199027
1.49435	0.630992	0.0172765
1.49852	0.637924	0.0180162
1.50269	0.645086	0.0225900
1.50686	0.650819	0.0235016
1.51102	0.728600	0.0230099
1.51517	0.746701	0.0183586
1.51932	0.741430	0.0187583
1.52346	0.780374	0.0206236
1.52760	0.805409	0.0231456
1.53173	0.825330	0.0229912
1.53586	0.798483	0.0222987
1.53998	0.853862	0.0222500
1.54409	0.850812	0.0196803
1.54820	0.874655	0.0203519
1.55230	0.882721	0.0200389
1.55639	0.862101	0.0203979
1.56048	0.912948	0.0220525
1.56457	0.932207	0.0206788
1.56865	0.940434	0.0194063
1.57272	0.979491	0.0173524
1.57678	0.953391	0.0188932
1.58084	0.961059	0.0240898
1.58489	0.950221	0.0248784
1.58894	0.988462	0.0238680
1.59298	1.01290	0.0184267
1.59701	0.991317	0.0173695
1.60104	1.01815	0.0206348
1.60506	0.994490	0.0226162
1.60908	0.950130	0.0245184
1.61309	0.945961	0.0222462
1.61709	0.961158	0.0222576
1.62108	0.979595	0.0214899
1.62507	1.00988	0.0195381
1.62905	0.976254	0.0199507
1.63303	0.950177	0.0188761
1.63700	0.967328	0.0191621
1.64096	0.953521	0.0203115
1.64492	0.973089	0.0205644
1.64887	1.03667	0.0206482
1.65281	0.986349	0.0189809
1.65675	1.01095	0.0159242
1.66068	0.988210	0.0144291
1.66460	1.01469	0.0194970
1.66852	0.971061	0.0232083
1.67243	0.948117	0.0236151
1.67633	1.01891	0.0210893
1.68023	0.995961	0.0150091
1.68412	1.00119	0.0153514
1.68800	1.02789	0.0192273
1.69188	0.958281	0.0205616
1.69575	0.961639	0.0221923
1.69962	1.00975	0.0213114
1.70347	0.969989	0.0208190
1.70733	0.931367	0.0210507
1.71117	0.933306	0.0191972
1.71501	0.882317	0.0184804
1.71884	0.879143	0.0180901
1.72267	0.895990	0.0172241
1.72649	0.890825	0.0174297
1.73030	0.844782	0.0176958
1.73410	0.817108	0.0180368
1.73790	0.807260	0.0186428
1.74170	0.802857	0.0193649
1.74548	0.772683	0.0181319
1.74926	0.761297	0.0163055
1.75304	0.739393	0.0136185
1.75681	0.685611	0.0124450
1.76057	0.700506	0.0176863
1.76432	0.680384	0.0219137
1.76807	0.659821	0.0224934
1.77181	0.593301	0.0200832
1.77555	0.611869	0.0141624
1.77928	0.587536	0.0131783
1.78301	0.540887	0.0167126
1.78672	0.560282	0.0181191
1.79043	0.547979	0.0177256
1.79414	0.544616	0.0195417
1.79784	0.542075	0.0202409
1.80153	0.498630	0.0218588
1.80522	0.511954	0.0229607
1.80890	0.499298	0.0225597
1.81258	0.559562	0.0221028
1.81625	0.548514	0.0224260
1.81991	0.528300	0.0205114
1.82357	0.552701	0.0217491
1.82722	0.560602	0.0232724
1.83087	0.554150	0.0236104
1.83451	0.532280	0.0225499
1.83814	0.321602	0.0246797
1.84177	0.502188	0.0288973
1.84539	0.538468	0.0311732
1.84901	0.461378	0.0328499
1.85262	0.520249	0.0323586
1.85623	0.451373	0.0291783
1.85983	0.452441	0.0231056
1.86342	0.394153	0.0198770
1.86701	0.395325	0.0241615
1.87059	0.451745	0.0427396
1.87417	0.450764	0.0432047
1.87774	0.439652	0.0321233
1.88131	0.480428	0.0228683
1.88487	0.500033	0.0171679
1.88843	0.461552	0.0175723
1.89198	0.544291	0.0166554
1.89553	0.524924	0.0180039
1.89907	0.530052	0.0196089
1.90260	0.566951	0.0230179
1.90613	0.539020	0.0225397
1.90965	0.571277	0.0216938
1.91317	0.594780	0.0189073
1.91669	0.643522	0.0205526
1.92020	0.618134	0.0241895
1.92370	0.517257	0.0247756
1.92720	0.464864	0.0228252
1.93069	0.577931	0.0200306
1.93418	0.499655	0.0171139
1.93766	0.455149	0.0163985
1.94114	0.479392	0.0146894
1.94462	0.442098	0.0131186
1.94808	0.477380	0.0136031
1.95155	0.482843	0.0168543
1.95501	0.528731	0.0192662
1.95846	0.424641	0.0196826
1.96191	0.458561	0.0191291
1.96535	0.425449	0.0188647
1.96879	0.462938	0.0184304
1.97223	0.455143	0.0184823
1.97565	0.482439	0.0169742
1.97908	0.458427	0.0151307
1.98250	0.565164	0.0130991
1.98591	0.488151	0.0108201
1.98932	0.483735	0.0105802
1.99273	0.481664	0.0110094
1.99613	0.500673	0.0178338
1.99953	0.583384	0.0264882
2.00292	0.499562	0.0323528
2.00631	0.503386	0.0294761
2.00969	0.524110	0.0207336
2.01307	0.502715	0.0177049
2.01644	0.507574	0.0171605
2.01981	0.569360	0.0151984
2.02317	0.521434	0.0171266
2.02653	0.545182	0.0168117
2.02989	0.555203	0.0171455
2.03324	0.579029	0.0159100
2.03658	0.624345	0.0166133
2.03992	0.621574	0.0171262
2.04326	0.597866	0.0166782
2.04659	0.625570	0.0164965
2.04992	0.662384	0.0153182
2.05324	0.683430	0.0198264
2.05656	0.619458	0.0191210
2.05987	0.658044	0.0175231
2.06318	0.690468	0.0136789
2.06649	0.681692	0.0120038
2.06979	0.634612	0.0146728
2.07308	0.660673	0.0144804
2.07637	0.670282	0.0136376
2.07966	0.690675	0.0115080
2.08294	0.673008	0.0111265
2.08622	0.675220	0.0123090
2.08949	0.683113	0.0128016
2.09276	0.684628	0.0118836
2.09603	0.714106	0.0107156
2.09929	0.690753	0.00981424
2.10254	0.701830	0.0108608
2.10579	0.682192	0.0125663
2.10904	0.707740	0.0134676
2.11228	0.710391	0.0136556
2.11552	0.718119	0.0136205
2.11875	0.714664	0.0129388
2.12198	0.720647	0.0135288
2.12520	0.713556	0.0128401
2.12842	0.712257	0.0126216
2.13163	0.706370	0.0115532
2.13484	0.711444	0.0108159
2.13805	0.697843	0.0100331
2.14125	0.707377	0.00942018
2.14444	0.702690	0.00987753
2.14763	0.697261	0.0135162
2.15082	0.681496	0.0159891
2.15400	0.691895	0.0165340
2.15718	0.681215	0.0147968
2.16035	0.678918	0.0117426
2.16351	0.696734	0.0105313
2.16668	0.677630	0.0104847
2.16983	0.671845	0.0108668
2.17299	0.659951	0.0110072
2.17614	0.664925	0.0125063
2.17928	0.702735	0.0135761
2.18242	0.655250	0.0139028
2.18555	0.664047	0.0137562
2.18868	0.665238	0.0119761
2.19180	0.683455	0.0133968
2.19492	0.655409	0.0144375
2.19804	0.648626	0.0145966
2.20115	0.651190	0.0143397
2.20425	0.627805	0.0127377
2.20735	0.620768	0.0128047
2.21044	0.589798	0.0150150
2.21353	0.615995	0.0138005
2.21662	0.610479	0.0134002
2.21970	0.615218	0.0115460
2.22277	0.641522	0.0112113
2.22584	0.623389	0.0118201
2.22891	0.611534	0.0137311
2.23197	0.620474	0.0136274
2.23502	0.611341	0.0133393
2.23807	0.611934	0.0119873
2.24111	0.602009	0.0109173
2.24415	0.589251	0.0112311
2.24719	0.581946	0.0117072
2.25022	0.599204	0.0125389
2.25324	0.578767	0.0124248
2.25626	0.578218	0.0120405
2.25927	0.571651	0.0113923
2.26228	0.591918	0.0110922
2.26528	0.585120	0.0115738
2.26828	0.586856	0.0118179
2.27127	0.570461	0.0122044
2.27426	0.576981	0.0124854
2.27724	0.576673	0.0120889
2.28022	0.551889	0.0118167
2.28319	0.570102	0.0115088
2.28616	0.530607	0.0115240
2.28912	0.548853	0.0116844
2.29208	0.526551	0.0122933
2.29503	0.480874	0.0124102
2.29797	0.444416	0.0126807
2.30091	0.457819	0.0125532
2.30385	0.434616	0.0123459
2.30678	0.444505	0.0122057
2.30970	0.457607	0.0123733
2.31262	0.460948	0.0121246
2.31554	0.456019	0.0126576
2.31845	0.450369	0.0131596
2.32135	0.432185	0.0131403
2.32425	0.430314	0.0128800
2.32715	0.420064	0.0127072
2.33004	0.425367	0.0127756
2.33292	0.447232	0.0127409
2.33580	0.425498	0.0130405
2.33868	0.443904	0.0133336
2.34155	0.428979	0.0136306
2.34441	0.424302	0.0139321
2.34727	0.435036	0.0143417
2.35013	0.456560	0.0147843
2.35298	0.443054	0.0147273
2.35583	0.417167	0.0147771
2.35867	0.432780	0.0144450
2.36151	0.418190	0.0141736
2.36434	0.439082	0.0150566
2.36717	0.430552	0.0168799
2.36999	0.438431	0.0184042
2.37281	0.410912	0.0173706
2.37562	0.446067	0.0163874
2.37844	0.429192	0.0153756
2.38124	0.437059	0.0154937
2.38405	0.399456	0.0155988
2.38685	0.418488	0.0158547
2.38964	0.416086	0.0159641
2.39243	0.411768	0.0157013
2.39522	0.434896	0.0158453
2.39800	0.416639	0.0156210
2.40079	0.437324	0.0158363
2.40356	0.434963	0.0160520
2.40634	0.440753	0.0164155
2.40911	0.450425	0.0165633
2.41188	0.424932	0.0170294
2.41464	0.443680	0.0179865
2.41741	0.429161	0.0185644
2.42017	0.443315	0.0180857
2.42293	0.454046	0.0175908
2.42568	0.434656	0.0169191
2.42844	0.405077	0.0172943
2.43119	0.399892	0.0185460
2.43394	0.410839	0.0203205
2.43669	0.419166	0.0200231
2.43944	0.388817	0.0189940
2.44218	0.398326	0.0188842
2.44493	0.403118	0.0214012
2.44767	0.384592	0.0242539
2.45042	0.349350	0.0252344
2.45316	0.345797	0.0227639
2.45591	0.364199	0.0200916
2.45865	0.389218	0.0195902
2.46139	0.363815	0.0203307
2.46414	0.351413	0.0206442
2.46688	0.378434	0.0213987
2.46963	0.355867	0.0239541
2.47238	0.284055	0.0244215
2.47513	0.270524	0.0241716
2.47788	0.327655	0.0239540
2.48063	0.330203	0.0260184
2.48339	0.422152	0.0294393
2.48615	0.339546	0.0306508
2.48891	0.243385	0.0312581
2.49167	0.268561	0.0328024
2.49444	0.298007	0.0311120
2.49721	0.281693	0.0289466
2.49999	0.304807	0.0282619
2.50277	0.335095	0.0305243
2.50556	0.355487	0.0333079
2.50835	0.232321	0.0357507
2.51115	0.306883	0.0382103
2.51396	0.314734	0.0463729
2.51677	0.296621	0.0513770
2.51958	0.330462	0.0487075
2.52241	0.246772	0.0465827
2.52524	0.280967	0.0495336
2.52809	0.281966	0.0615563
2.53094	0.218325	0.0803849
2.53380	0.290383	0.0937418
2.53667	0.369875	0.0967087
2.53955	0.277576	0.0839742
2.54244	0.298359	0.0934762
2.54534	0.345973	0.123714
2.54826	0.328221	0.166325
2.55118	0.212603	0.180867
