#  ----------------------------------------------------------------------------------
# SpeX prism spectrum of 2MASSI J0835425-081923 (J08354256-0819237)
# Originally observed on 2004 Nov 08
# Average resolution = 120
# Originally published in Burgasser et al. (2010) ApJ, 710, 1142-1169
#
# PLEASE CITE THE ORIGINAL DATA REFERENCE WHEN PUBLISHING OR PRESENTING THESE DATA
#
# Optical spectral type: L5
# J magnitude = 13.169
# H magnitude = 11.938
# Ks magnitude = 11.136
#
#  Wavelength (micron)   F_lambda (normalized)  Noise (normalized as F_lambda)
#  ----------------------------------------------------------------------------------
0.648262	0.0439724	0.0521741
0.650491	-0.0196627	0.0814694
0.652709	0.0487088	0.0680861
0.654916	0.00488163	0.0593659
0.657112	-0.0216309	0.0228522
0.659299	-0.00398691	0.0629188
0.661479	-0.0150904	0.0425782
0.663651	-0.0143810	0.0425745
0.665817	0.00948828	0.0376889
0.667978	0.0232965	0.0164729
0.670134	0.0394984	0.0404235
0.672287	0.00137207	0.0228201
0.674437	-0.0170255	0.0212547
0.676585	0.0152214	0.0358910
0.678732	0.00565745	0.0202189
0.680879	0.0298294	0.00860260
0.683026	-0.0274073	0.0366062
0.685175	-0.0143134	0.0511212
0.687325	0.0369901	0.0169935
0.689478	-0.0474919	0.0321455
0.691634	0.00254742	0.0375891
0.693795	0.0210494	0.0209033
0.695960	0.00666584	0.0258176
0.698130	0.0426928	0.0144270
0.700306	0.0190780	0.00787317
0.702489	0.0539841	0.0611458
0.704679	0.0663118	0.0318530
0.706876	0.0370465	0.0225764
0.709082	0.0594795	0.0502426
0.711297	0.0390543	0.0302952
0.713520	0.0603247	0.0198841
0.715754	0.0547204	0.0256988
0.717998	0.0418414	0.0419886
0.720252	0.0582696	0.0161612
0.722518	0.0305111	0.0180928
0.724796	0.0561722	0.00744244
0.727085	0.0617710	0.0247324
0.729387	0.0789078	0.0454272
0.731702	0.0415257	0.00788433
0.734031	0.0666389	0.0273134
0.736373	0.0501652	0.0259677
0.738729	0.0470480	0.0350085
0.741099	0.0533729	0.0296869
0.743484	0.0379029	0.00899166
0.745884	0.0586996	0.0127144
0.748300	0.0422866	0.00560596
0.750731	0.0383716	0.00564146
0.753178	0.0400952	0.0113427
0.755642	0.0373673	0.0156567
0.758122	0.0222686	0.0243136
0.760618	0.0294531	0.00568349
0.763132	0.00520137	0.0179152
0.765663	0.0153361	0.0116519
0.768211	0.00450792	0.00926460
0.770777	-0.00647487	0.0110733
0.773360	0.0224349	0.00516861
0.775962	0.0154846	0.00702052
0.778581	0.0373899	0.00690537
0.781219	0.0391395	0.00278789
0.783876	0.0421021	0.00863902
0.786551	0.0404757	0.00915251
0.789245	0.0594368	0.00651598
0.791958	0.0536036	0.00535689
0.794690	0.0759272	0.00545091
0.797441	0.0884741	0.00590212
0.800211	0.0934639	0.0141417
0.803000	0.115058	0.00854078
0.805809	0.112020	0.00622724
0.808637	0.111677	0.00556676
0.811485	0.130250	0.0105826
0.814352	0.129954	0.00997656
0.817239	0.131903	0.00602575
0.820145	0.144520	0.0162912
0.823072	0.159507	0.0116579
0.826017	0.160689	0.00763693
0.828983	0.167614	0.00742460
0.831968	0.179689	0.0107635
0.834973	0.181476	0.00962892
0.837998	0.192374	0.0124244
0.841042	0.195175	0.0133771
0.844106	0.191332	0.00720959
0.847190	0.178828	0.00747571
0.850294	0.182806	0.00754277
0.853417	0.199465	0.00994264
0.856559	0.189306	0.00976229
0.859721	0.173548	0.00889796
0.862902	0.158495	0.00857831
0.866103	0.129765	0.00689378
0.869323	0.132359	0.00512283
0.872562	0.129573	0.00374629
0.875821	0.135549	0.00646000
0.879098	0.147093	0.00745783
0.882395	0.173459	0.00956618
0.885710	0.174132	0.00726241
0.889044	0.181395	0.00881845
0.892397	0.200761	0.0123555
0.895768	0.209636	0.0106370
0.899158	0.218467	0.0155647
0.902566	0.235518	0.00868411
0.905992	0.249657	0.0114056
0.909437	0.253877	0.00836256
0.912899	0.285891	0.0147126
0.916379	0.294147	0.0166170
0.919877	0.297551	0.0134813
0.923393	0.309782	0.0144284
0.926926	0.320459	0.0134864
0.930476	0.331901	0.0131818
0.934043	0.339079	0.0140796
0.937627	0.343479	0.0172086
0.941228	0.373699	0.0188957
0.944846	0.381484	0.0178045
0.948480	0.411413	0.0240086
0.952130	0.414882	0.0197311
0.955797	0.420994	0.0188547
0.959479	0.416757	0.0223968
0.963178	0.426193	0.0202419
0.966892	0.422232	0.0196245
0.970621	0.438684	0.0181755
0.974366	0.470369	0.0186804
0.978125	0.483307	0.0214129
0.981900	0.491601	0.0198801
0.985689	0.451555	0.0179632
0.989493	0.406704	0.0108058
0.993311	0.365148	0.0147199
0.997144	0.332782	0.0159162
1.00099	0.350222	0.0124316
1.00485	0.358462	0.0119328
1.00872	0.398651	0.0118305
1.01261	0.408898	0.0165755
1.01651	0.428906	0.0154206
1.02042	0.419775	0.0171884
1.02435	0.421009	0.0180359
1.02829	0.451981	0.0137162
1.03224	0.479701	0.0132183
1.03620	0.487259	0.0202930
1.04018	0.510151	0.0176216
1.04416	0.528576	0.0177792
1.04816	0.540805	0.0184804
1.05217	0.553024	0.0148147
1.05619	0.558896	0.0138653
1.06022	0.565976	0.0177533
1.06426	0.576778	0.0215267
1.06831	0.599280	0.0148712
1.07238	0.613456	0.0182778
1.07645	0.631148	0.0173063
1.08053	0.652918	0.0170232
1.08462	0.666431	0.0189604
1.08873	0.680096	0.0193892
1.09284	0.689392	0.0193635
1.09696	0.701445	0.0227581
1.10109	0.711482	0.0209555
1.10522	0.690615	0.0181904
1.10937	0.689665	0.0202920
1.11352	0.692515	0.0205236
1.11768	0.702895	0.0215477
1.12185	0.736839	0.0222833
1.12603	0.743285	0.0231464
1.13021	0.727631	0.0176435
1.13441	0.692932	0.0161291
1.13860	0.683396	0.0191899
1.14281	0.707743	0.00773271
1.14702	0.761255	0.0149575
1.15124	0.791974	0.0163034
1.15546	0.783035	0.0207985
1.15969	0.770778	0.0193768
1.16393	0.742557	0.0155924
1.16817	0.708498	0.0174816
1.17241	0.676375	0.0124870
1.17667	0.689758	0.0134045
1.18092	0.721274	0.0118405
1.18518	0.738387	0.0131638
1.18945	0.735120	0.0136678
1.19372	0.717645	0.0134000
1.19799	0.698424	0.0127519
1.20227	0.702733	0.0153693
1.20655	0.729485	0.0149636
1.21084	0.776394	0.0129204
1.21512	0.795676	0.0178943
1.21942	0.828471	0.0131979
1.22371	0.853758	0.0195417
1.22801	0.861321	0.0128633
1.23231	0.854106	0.0164758
1.23661	0.827706	0.0115267
1.24091	0.795194	0.0118351
1.24522	0.790973	0.0114083
1.24953	0.817715	0.0117789
1.25384	0.859208	0.0153157
1.25815	0.900427	0.0105959
1.26247	0.951182	0.00982823
1.26678	0.982980	0.0124605
1.27109	1.00792	0.0147115
1.27541	1.00832	0.0132695
1.27973	0.991335	0.00962438
1.28405	0.983462	0.0145879
1.28836	0.995200	0.0116787
1.29268	0.995487	0.0127749
1.29700	0.989973	0.0145841
1.30132	0.981627	0.0105122
1.30564	0.981025	0.00953485
1.30995	0.999510	0.00855936
1.31427	1.01235	0.0129111
1.31859	1.01698	0.0111654
1.32290	0.994292	0.0125030
1.32721	0.923383	0.00672307
1.33153	0.793586	0.00559442
1.33584	0.686760	0.00615360
1.34015	0.613998	0.00731246
1.34446	0.581810	0.00259833
1.34877	0.580986	0.00758294
1.35307	0.586227	0.0131833
1.35737	0.598205	0.0132031
1.36167	0.623743	0.0102668
1.36597	0.637117	0.0101914
1.37027	0.643831	0.0170638
1.37456	0.610759	0.0178044
1.37886	0.615272	0.00250850
1.38314	0.668099	0.0109812
1.38743	0.670903	0.0220357
1.39171	0.662325	0.00693938
1.39599	0.607598	0.00320315
1.40027	0.581991	0.00842706
1.40454	0.570985	0.00737200
1.40881	0.581750	0.00628034
1.41308	0.560517	0.0116885
1.41734	0.552144	0.00897141
1.42160	0.532292	0.00944241
1.42586	0.526768	0.00350527
1.43011	0.524975	0.00673271
1.43435	0.526935	0.00446563
1.43860	0.524053	0.00670458
1.44284	0.530003	0.00300890
1.44707	0.543186	0.00481791
1.45130	0.560304	0.00581695
1.45553	0.568594	0.00510494
1.45975	0.578645	0.00164229
1.46397	0.575759	0.00342322
1.46818	0.572788	0.00402019
1.47238	0.582918	0.00427956
1.47659	0.601102	0.00203232
1.48078	0.599869	0.00421493
1.48498	0.607492	0.00373197
1.48916	0.620620	0.00549387
1.49334	0.622367	0.00247240
1.49752	0.640615	0.00308877
1.50169	0.650814	0.00217919
1.50586	0.669860	0.00168613
1.51002	0.680004	0.00229429
1.51417	0.690347	0.00203595
1.51832	0.709003	0.00370344
1.52247	0.722882	0.00235692
1.52661	0.737483	0.00441812
1.53074	0.755977	0.00298223
1.53487	0.772622	0.00491842
1.53899	0.783336	0.00500628
1.54310	0.795658	0.00410037
1.54721	0.823174	0.00505814
1.55131	0.836038	0.00187046
1.55541	0.846511	0.00186574
1.55950	0.852943	0.00256880
1.56359	0.863179	0.00468320
1.56767	0.866668	0.00195336
1.57174	0.890301	0.00342667
1.57581	0.903471	0.00317616
1.57987	0.897447	0.00192497
1.58392	0.870890	0.00144942
1.58797	0.864588	0.00460243
1.59201	0.885876	0.00292591
1.59605	0.903124	0.00249664
1.60007	0.917410	0.00314569
1.60410	0.915621	0.00235844
1.60811	0.899782	0.00353901
1.61212	0.893031	0.00487672
1.61613	0.909889	0.00347140
1.62012	0.917276	0.00232754
1.62411	0.912507	0.00315237
1.62810	0.909597	0.00422264
1.63208	0.911914	0.00403197
1.63605	0.918189	0.00511615
1.64001	0.940218	0.00476055
1.64397	0.962123	0.00151902
1.64792	0.990640	0.00182614
1.65186	0.992712	0.00350254
1.65580	0.986562	0.00592269
1.65973	0.985534	0.00385165
1.66366	0.980307	0.00382746
1.66758	0.985886	0.00220331
1.67149	0.987160	0.00451805
1.67539	0.990112	0.00640402
1.67929	1.00537	0.00580379
1.68319	1.01963	0.00741417
1.68707	1.02559	0.00728178
1.69095	1.00776	0.00587306
1.69482	0.997489	0.00456017
1.69869	0.999408	0.00529859
1.70255	0.995372	0.00928295
1.70640	0.986224	0.00921298
1.71025	0.976006	0.00686255
1.71409	0.948550	0.00522885
1.71792	0.925158	0.00351562
1.72175	0.902475	0.00598043
1.72557	0.878615	0.00393755
1.72938	0.861362	0.00412708
1.73319	0.847558	0.00567478
1.73699	0.832456	0.00556611
1.74079	0.831599	0.00300567
1.74457	0.810074	0.00313602
1.74836	0.793813	0.00600342
1.75213	0.763558	0.00511500
1.75590	0.744026	0.00425519
1.75966	0.733011	0.00709582
1.76342	0.720055	0.00530216
1.76717	0.700208	0.00563006
1.77092	0.675398	0.00387495
1.77465	0.659707	0.00502714
1.77839	0.649661	0.00644777
1.78211	0.643780	0.00381719
1.78583	0.626482	0.00334021
1.78954	0.617232	0.00363715
1.79325	0.627302	0.00500313
1.79695	0.624165	0.00828295
1.80065	0.621037	0.00776019
1.80434	0.615105	0.00284055
1.80802	0.616686	0.00677302
1.81170	0.635300	0.00591852
1.81537	0.635907	0.0103757
1.81903	0.661505	0.00707075
1.82269	0.656741	0.00525235
1.82634	0.660532	0.00790954
1.82999	0.665198	0.0128770
1.83363	0.637895	0.0153948
1.83727	0.645740	0.0134002
1.84090	0.646602	0.0139413
1.84452	0.617140	0.0112106
1.84814	0.613409	0.0104008
1.85175	0.607839	0.00881483
1.85536	0.581092	0.00961989
1.85896	0.566903	0.00811066
1.86256	0.566287	0.00498057
1.86615	0.553428	0.0221957
1.86973	0.542566	0.0236873
1.87331	0.569554	0.0179644
1.87689	0.617093	0.0253798
1.88045	0.610977	0.00444148
1.88402	0.615179	0.00367507
1.88757	0.596926	0.00387220
1.89113	0.616630	0.00382493
1.89467	0.607204	0.00862836
1.89822	0.625703	0.0167959
1.90175	0.630170	0.0105195
1.90528	0.687506	0.0102523
1.90881	0.677520	0.0127569
1.91233	0.688655	0.00934556
1.91584	0.674165	0.00618344
1.91935	0.681213	0.00595508
1.92286	0.657663	0.00593469
1.92636	0.650949	0.00809217
1.92985	0.643928	0.00496031
1.93334	0.623910	0.00810041
1.93683	0.591991	0.00565870
1.94031	0.571013	0.00443927
1.94378	0.569836	0.00295723
1.94725	0.577918	0.00249533
1.95072	0.576352	0.00712270
1.95417	0.564568	0.00772201
1.95763	0.557102	0.00469831
1.96108	0.555063	0.00653771
1.96452	0.548928	0.00565527
1.96796	0.549887	0.00414983
1.97140	0.534632	0.00586315
1.97483	0.524099	0.00499516
1.97826	0.507755	0.00557153
1.98168	0.506374	0.00749346
1.98509	0.503914	0.00590138
1.98851	0.505234	0.00618928
1.99191	0.513297	0.00473117
1.99531	0.526277	0.00850714
1.99871	0.529790	0.0166665
2.00210	0.544326	0.00997494
2.00549	0.559373	0.00439540
2.00888	0.561226	0.00969060
2.01225	0.556945	0.00731566
2.01563	0.561342	0.00540244
2.01900	0.584456	0.00525874
2.02236	0.572834	0.00333702
2.02572	0.564887	0.00472574
2.02908	0.560842	0.00334318
2.03243	0.561185	0.00634100
2.03578	0.572357	0.00599684
2.03912	0.569906	0.00825139
2.04246	0.582353	0.00752071
2.04579	0.593905	0.00558557
2.04912	0.593641	0.00566648
2.05244	0.601278	0.00740467
2.05576	0.625444	0.00594424
2.05908	0.622821	0.00504762
2.06239	0.623479	0.00831196
2.06569	0.626894	0.00648396
2.06899	0.635773	0.00552250
2.07229	0.642761	0.00473733
2.07558	0.641106	0.00465772
2.07887	0.640574	0.00453978
2.08215	0.648169	0.00600703
2.08543	0.650713	0.00649892
2.08871	0.660041	0.00555712
2.09198	0.667636	0.00464442
2.09524	0.672770	0.00892225
2.09850	0.670147	0.00581004
2.10176	0.679726	0.00980154
2.10501	0.679313	0.00396999
2.10826	0.695750	0.00789717
2.11150	0.697427	0.00822243
2.11474	0.700073	0.00973013
2.11797	0.702844	0.00851877
2.12120	0.709480	0.00412057
2.12442	0.711352	0.00909968
2.12764	0.715769	0.00803915
2.13086	0.718934	0.00555077
2.13407	0.726811	0.00576407
2.13728	0.721213	0.00497588
2.14048	0.732404	0.0103334
2.14367	0.737293	0.0108864
2.14686	0.740806	0.00739142
2.15005	0.734494	0.00892859
2.15323	0.730509	0.00801056
2.15641	0.727381	0.00739114
2.15959	0.728456	0.00883313
2.16275	0.732905	0.00948671
2.16592	0.752122	0.00559215
2.16908	0.753151	0.00336105
2.17223	0.753234	0.00800171
2.17538	0.742275	0.00675500
2.17852	0.738595	0.00579744
2.18166	0.741084	0.00811802
2.18480	0.730356	0.00474859
2.18793	0.739661	0.00578747
2.19105	0.736061	0.00852502
2.19417	0.730922	0.00702261
2.19729	0.731135	0.00819726
2.20040	0.735426	0.00839773
2.20351	0.735208	0.00867780
2.20661	0.726042	0.00500638
2.20970	0.730078	0.00624739
2.21279	0.727168	0.00795746
2.21588	0.724059	0.00594545
2.21896	0.719040	0.0100238
2.22203	0.719763	0.00477519
2.22511	0.722655	0.00601866
2.22817	0.729082	0.00605703
2.23123	0.723920	0.00512056
2.23429	0.716950	0.0105256
2.23734	0.706487	0.0104933
2.24038	0.707891	0.00952355
2.24342	0.707529	0.00780908
2.24646	0.711853	0.00712974
2.24949	0.706121	0.00692052
2.25251	0.708178	0.00662103
2.25553	0.712006	0.00382113
2.25855	0.707562	0.00548710
2.26156	0.698109	0.00700935
2.26456	0.698572	0.00812414
2.26756	0.686737	0.00512690
2.27055	0.697557	0.00286775
2.27354	0.685680	0.00712858
2.27653	0.682145	0.0107874
2.27950	0.683702	0.00546347
2.28248	0.687678	0.00596454
2.28545	0.691737	0.00525703
2.28841	0.684160	0.00851566
2.29137	0.651968	0.00639165
2.29432	0.590406	0.00491513
2.29727	0.552566	0.00543404
2.30021	0.540402	0.00446954
2.30314	0.552566	0.00352783
2.30608	0.561532	0.00576259
2.30900	0.560726	0.00421037
2.31192	0.563937	0.00401949
2.31484	0.560944	0.00869875
2.31775	0.563261	0.00752446
2.32066	0.547774	0.00224342
2.32356	0.526565	0.00310000
2.32645	0.511319	0.00441101
2.32934	0.513404	0.00586254
2.33223	0.517176	0.00316963
2.33511	0.526532	0.00357654
2.33799	0.523701	0.00392863
2.34086	0.524298	0.00376324
2.34372	0.530587	0.00561041
2.34659	0.542691	0.00479539
2.34944	0.540184	0.00424444
2.35230	0.520828	0.00668915
2.35514	0.499664	0.00426274
2.35799	0.493520	0.00508761
2.36082	0.495948	0.00697951
2.36366	0.500684	0.00409970
2.36649	0.502134	0.00552575
2.36931	0.501662	0.00650921
2.37213	0.512820	0.00709633
2.37495	0.515540	0.00439508
2.37776	0.509498	0.00392870
2.38057	0.504081	0.00469896
2.38337	0.489451	0.00665147
2.38617	0.477032	0.00375952
2.38897	0.485878	0.00307949
2.39176	0.483432	0.00354454
2.39455	0.493923	0.00331493
2.39734	0.480628	0.00400796
2.40012	0.478010	0.00562348
2.40290	0.477792	0.00350790
2.40567	0.462447	0.00535837
2.40844	0.465091	0.00426669
2.41121	0.451651	0.00608446
2.41398	0.446293	0.00516212
2.41674	0.438288	0.00606755
2.41951	0.445476	0.00344248
2.42226	0.439678	0.00258017
2.42502	0.432721	0.00359943
2.42778	0.432104	0.00332218
2.43053	0.428140	0.00583928
2.43328	0.408848	0.00608419
2.43603	0.415810	0.00601718
2.43878	0.416788	0.00522584
2.44152	0.417563	0.00303068
2.44427	0.392230	0.00539669
2.44701	0.391582	0.00356527
2.44976	0.381241	0.00612116
2.45250	0.381255	0.00225243
2.45525	0.389700	0.00522116
2.45799	0.382782	0.00369096
2.46073	0.381023	0.00438788
2.46348	0.378801	0.00747312
2.46622	0.377794	0.00372786
2.46897	0.362787	0.00451578
2.47172	0.347269	0.00397275
2.47447	0.359166	0.00744462
2.47722	0.352989	0.00541481
2.47997	0.341434	0.00460003
2.48272	0.352388	0.00541574
2.48548	0.364172	0.00631130
2.48824	0.356869	0.00458222
2.49101	0.342152	0.00296146
2.49378	0.347637	0.00615958
2.49655	0.347760	0.00475721
2.49932	0.349996	0.00665286
2.50210	0.343600	0.00768030
2.50489	0.342945	0.00605235
2.50768	0.341580	0.00561551
2.51048	0.349746	0.00721440
2.51328	0.323966	0.00700240
2.51609	0.320860	0.00832127
2.51891	0.341899	0.0137271
2.52173	0.345352	0.00784712
2.52456	0.347954	0.0124211
2.52740	0.338375	0.0125547
2.53025	0.339773	0.0105594
2.53311	0.353872	0.0198888
2.53598	0.376524	0.0171973
2.53886	0.366629	0.0145544
2.54174	0.363651	0.0166703
2.54464	0.318662	0.0215087
2.54755	0.324585	0.0479108
2.55048	0.271644	0.0469247
2.55341	0.288615	0.0419664
2.55636	0.348435	0.0242829
