#  ----------------------------------------------------------------------------------
# SpeX prism spectrum of 2MASSs J0850359+105716 (J08503593+1057156)
# Originally observed on 2005 Mar 24
# Average resolution = 120
# Originally published in K. Cruz (unpublished)
#
# PLEASE CITE THE ORIGINAL DATA REFERENCE WHEN PUBLISHING OR PRESENTING THESE DATA
#
# Optical spectral type: L6
# J magnitude = 16.465
# H magnitude = 15.221
# Ks magnitude = 14.473
#
#  Wavelength (micron)   F_lambda (normalized)  Noise (normalized as F_lambda)
#  ----------------------------------------------------------------------------------
0.650388	0.378831	0.448626
0.652606	-0.377651	0.277654
0.654813	0.720785	0.664154
0.657010	0.335344	0.254590
0.659198	0.649206	0.0685253
0.661377	-0.00768211	0.205347
0.663550	0.306932	0.109534
0.665716	0.340757	0.398379
0.667877	0.494771	0.428009
0.670034	0.333840	0.509911
0.672187	0.345317	0.252335
0.674337	0.182926	0.271379
0.676485	0.0503378	0.217829
0.678632	0.450277	0.271164
0.680779	-0.323201	0.244648
0.682926	0.341578	0.105360
0.685074	0.121720	0.323412
0.687225	0.514080	0.123843
0.689378	0.264064	0.259713
0.691534	0.229828	0.238599
0.693694	0.249534	0.262019
0.695859	0.0561170	0.252499
0.698029	0.140259	0.117542
0.700205	0.230864	0.178768
0.702387	0.464862	0.0653211
0.704576	0.133690	0.0930140
0.706774	0.284070	0.149502
0.708979	0.156824	0.235302
0.711193	0.312451	0.122437
0.713416	0.0939454	0.121164
0.715649	0.278486	0.155138
0.717893	-0.00298128	0.133927
0.720147	0.0689755	0.103139
0.722412	0.0563606	0.0859783
0.724689	0.240326	0.205018
0.726978	0.101378	0.0499834
0.729280	0.115632	0.106550
0.731594	-0.0156624	0.0269221
0.733922	-0.00256266	0.107842
0.736263	0.0783037	0.0962945
0.738618	0.0466649	0.0222869
0.740988	0.119423	0.0679605
0.743373	0.0159035	0.0535994
0.745772	0.163828	0.0601585
0.748187	0.247541	0.0872902
0.750617	-0.0188467	0.0372372
0.753064	0.108570	0.153814
0.755526	0.0321278	0.0347478
0.758006	0.00607722	0.0151002
0.760501	-0.0170881	0.0894616
0.763014	0.148469	0.113193
0.765544	-0.0135367	0.0480678
0.768091	0.0508456	0.0629068
0.770656	0.0492805	0.0887639
0.773239	0.00319619	0.0226498
0.775840	0.108247	0.0429007
0.778459	0.101124	0.0546169
0.781096	0.0599989	0.0159122
0.783752	0.0547199	0.0459990
0.786426	0.0622605	0.0362181
0.789119	0.0508197	0.0550185
0.791831	-0.00463285	0.0398160
0.794562	0.0332923	0.0525371
0.797312	-0.0175487	0.0538370
0.800081	0.0356078	0.0924713
0.802869	0.0236027	0.0738086
0.805677	0.0576062	0.0534120
0.808505	0.178084	0.0112813
0.811351	0.127876	0.0445299
0.814218	0.0958203	0.0269861
0.817104	0.159107	0.0129841
0.820009	0.0571170	0.0222972
0.822935	0.152565	0.0172950
0.825880	0.134026	0.0329078
0.828844	0.187000	0.0139898
0.831829	0.139113	0.0288646
0.834833	0.151067	0.0203667
0.837856	0.122315	0.0340540
0.840900	0.170286	0.0150416
0.843963	0.186548	0.0558314
0.847046	0.158484	0.0356525
0.850148	0.183028	0.0151351
0.853270	0.167628	0.0169756
0.856412	0.178046	0.0254053
0.859573	0.172958	0.0306513
0.862753	0.177108	0.0425712
0.865953	0.116323	0.0130666
0.869172	0.180738	0.00819455
0.872411	0.140707	0.0283366
0.875668	0.156687	0.0311359
0.878945	0.181292	0.0176636
0.882240	0.209158	0.00804386
0.885555	0.155980	0.0192883
0.888888	0.174136	0.0156446
0.892240	0.196375	0.0180130
0.895610	0.236318	0.0269312
0.898999	0.198827	0.0256305
0.902406	0.257870	0.0202903
0.905832	0.282067	0.0277683
0.909276	0.249664	0.00598502
0.912737	0.299951	0.0115407
0.916216	0.305540	0.0275284
0.919714	0.331230	0.0160324
0.923228	0.310093	0.0176082
0.926760	0.332826	0.0232923
0.930310	0.345277	0.0139953
0.933876	0.302980	0.0212911
0.937459	0.302880	0.0196556
0.941060	0.322183	0.0369331
0.944677	0.339633	0.0238142
0.948310	0.379078	0.0265743
0.951960	0.393102	0.0448569
0.955625	0.373542	0.0146658
0.959307	0.400155	0.0134301
0.963005	0.352323	0.00436363
0.966718	0.403084	0.00796665
0.970447	0.401531	0.0196845
0.974191	0.392566	0.0105221
0.977950	0.444407	0.0307701
0.981723	0.474718	0.00452139
0.985512	0.497082	0.0118961
0.989315	0.474256	0.00442329
0.993133	0.439957	0.00820863
0.996964	0.397620	0.0388785
1.00081	0.421623	0.0204846
1.00467	0.445548	0.00513449
1.00854	0.441528	0.0146100
1.01243	0.431490	0.0133428
1.01633	0.498413	0.0283956
1.02024	0.477982	0.0119873
1.02417	0.504870	0.00654516
1.02810	0.500498	0.0175401
1.03205	0.537187	0.0149773
1.03602	0.531268	0.0178041
1.03999	0.585238	0.0107070
1.04398	0.588942	0.0125394
1.04797	0.589295	0.00462385
1.05198	0.605204	0.0151897
1.05600	0.585818	0.00809437
1.06003	0.621258	0.0196790
1.06407	0.622192	0.00741860
1.06813	0.645849	0.0158376
1.07219	0.664467	0.0163354
1.07626	0.667846	0.00772566
1.08034	0.662852	0.0311419
1.08443	0.681962	0.0112584
1.08853	0.645145	0.0173723
1.09264	0.684235	0.0210282
1.09676	0.660823	0.00873122
1.10089	0.649157	0.00805764
1.10503	0.609723	0.0217510
1.10917	0.601938	0.0192780
1.11333	0.608761	0.0125171
1.11749	0.647929	0.00423614
1.12166	0.614368	0.0127105
1.12583	0.633744	0.0234671
1.13002	0.639130	0.00841310
1.13421	0.624653	0.00382614
1.13841	0.606443	0.0236262
1.14261	0.593111	0.0120651
1.14682	0.657205	0.0148755
1.15104	0.672362	0.0197847
1.15526	0.682945	0.0179521
1.15949	0.692332	0.0311735
1.16373	0.663745	0.0209066
1.16797	0.659096	0.0167526
1.17222	0.650405	0.00670153
1.17647	0.647334	0.00244442
1.18072	0.659525	0.00988068
1.18498	0.701712	0.00528010
1.18925	0.711296	0.00663106
1.19352	0.741657	0.00449039
1.19779	0.733559	0.0122670
1.20207	0.733520	0.0156382
1.20635	0.738921	0.00675372
1.21064	0.771346	0.0224501
1.21492	0.801362	0.0156354
1.21922	0.804491	0.0269578
1.22351	0.871916	0.00294892
1.22781	0.887379	0.0145845
1.23211	0.871981	0.0125168
1.23641	0.883386	0.00920007
1.24071	0.866903	0.0103488
1.24502	0.853044	0.0106429
1.24933	0.874096	0.00862474
1.25364	0.906454	0.00877999
1.25795	0.927981	0.0166905
1.26226	0.930985	0.0236571
1.26658	0.933101	0.0233279
1.27089	1.01468	0.0302605
1.27521	0.985987	0.0299803
1.27953	0.975555	0.00712640
1.28384	0.999472	0.00307576
1.28816	1.04511	0.0116997
1.29248	0.974228	0.0154681
1.29680	0.999230	0.0172490
1.30112	0.994968	0.0182954
1.30543	0.980557	0.0203700
1.30975	1.00009	0.0185143
1.31407	0.992968	0.0213573
1.31838	0.980601	0.00779392
1.32270	0.949038	0.0108470
1.32701	0.913267	0.0113732
1.33133	0.821474	0.00839110
1.33564	0.658691	0.0125491
1.33995	0.529125	0.0141321
1.34426	0.492134	0.00964573
1.34856	0.449801	0.00823342
1.35287	0.421359	0.0203468
1.35717	0.422576	0.0118689
1.36147	0.403022	0.0110509
1.36577	0.413950	0.00466409
1.37007	0.425567	0.0127602
1.37436	0.402171	0.0178724
1.37866	0.431459	0.0187156
1.38294	0.453855	0.0300884
1.38723	0.476194	0.0326420
1.39151	0.429275	0.0219292
1.39579	0.439916	0.0175464
1.40007	0.404031	0.0124667
1.40434	0.435590	0.0159961
1.40861	0.379081	0.00796729
1.41288	0.368845	0.0139913
1.41714	0.346499	0.0178359
1.42140	0.376213	0.0214141
1.42566	0.389805	0.00653830
1.42991	0.390749	0.0119797
1.43416	0.410775	0.0132808
1.43840	0.433781	0.00670641
1.44264	0.410613	0.0103334
1.44687	0.436363	0.00741310
1.45110	0.454802	0.00683109
1.45533	0.459161	0.0103772
1.45955	0.531125	0.0160576
1.46377	0.528154	0.00624347
1.46798	0.493242	0.0273492
1.47219	0.521560	0.0109372
1.47639	0.526821	0.00632265
1.48059	0.504374	0.0228246
1.48478	0.568334	0.00900077
1.48897	0.576195	0.0393512
1.49315	0.600905	0.00282614
1.49733	0.557023	0.0247629
1.50150	0.582238	0.00819666
1.50566	0.620517	0.00757358
1.50983	0.636813	0.0237204
1.51398	0.650598	0.0130281
1.51813	0.688247	0.00709099
1.52227	0.671624	0.00995475
1.52641	0.702659	0.0176612
1.53055	0.715474	0.0139433
1.53467	0.736354	0.0221668
1.53879	0.761782	0.00709205
1.54291	0.769846	0.0179005
1.54702	0.802991	0.00237342
1.55112	0.813151	0.00826262
1.55522	0.824866	0.0176617
1.55931	0.843780	0.00789269
1.56340	0.819083	0.0221874
1.56748	0.853407	0.00931692
1.57155	0.873853	0.0127236
1.57562	0.900726	0.0146089
1.57968	0.888799	0.0149964
1.58373	0.868340	0.0203418
1.58778	0.916782	0.0111062
1.59182	0.926063	0.0225479
1.59586	0.920501	0.0115083
1.59989	0.922538	0.00301871
1.60391	0.947213	0.0153849
1.60793	0.911706	0.0218121
1.61194	0.943956	0.0133504
1.61594	0.981538	0.0224464
1.61994	0.996435	0.00651213
1.62393	0.973652	0.0176576
1.62791	0.965280	0.0116919
1.63189	0.957948	0.0163724
1.63586	0.953631	0.00651034
1.63983	0.962127	0.00397479
1.64378	0.969561	0.0160502
1.64774	0.982552	0.0146059
1.65168	1.00292	0.00863947
1.65562	0.976068	0.0140653
1.65955	0.996362	0.0241931
1.66348	1.00239	0.0170395
1.66739	0.987584	0.0101342
1.67131	1.02837	0.0237389
1.67521	0.970798	0.0118660
1.67911	0.973494	0.0149290
1.68300	1.02165	0.00542004
1.68689	1.00153	0.0173892
1.69077	1.02603	0.00713912
1.69464	1.00765	0.0181446
1.69851	0.984139	0.0103985
1.70237	0.985422	0.0238853
1.70622	0.975070	0.00648445
1.71007	0.975207	0.0154066
1.71391	0.917207	0.0125649
1.71774	0.903896	0.0221568
1.72157	0.863914	0.0142473
1.72539	0.873582	0.00540243
1.72920	0.862070	0.0122214
1.73301	0.827595	0.00961254
1.73681	0.813067	0.0154776
1.74061	0.799646	0.00852815
1.74440	0.761916	0.00396238
1.74818	0.778845	0.0220385
1.75196	0.751364	0.0211794
1.75573	0.718960	0.00714773
1.75949	0.685910	0.00740351
1.76325	0.683846	0.0110610
1.76700	0.653492	0.00462210
1.77074	0.657948	0.00280500
1.77448	0.633783	0.00940476
1.77821	0.598349	0.00902180
1.78194	0.572140	0.0169931
1.78566	0.561701	0.0153413
1.78937	0.569791	0.0145800
1.79308	0.544433	0.0218273
1.79678	0.545134	0.0170304
1.80047	0.560631	0.00759979
1.80416	0.518489	0.00336159
1.80785	0.510743	0.0133522
1.81152	0.494260	0.00895303
1.81519	0.509805	0.0152732
1.81886	0.524758	0.0140891
1.82252	0.534561	0.00894599
1.82617	0.509759	0.0129545
1.82982	0.542816	0.0156233
1.83346	0.494303	0.0143224
1.83710	0.487184	0.0201466
1.84073	0.516273	0.0130676
1.84435	0.428844	0.0303853
1.84797	0.460934	0.0162663
1.85158	0.485333	0.0272579
1.85519	0.468985	0.0253868
1.85879	0.421757	0.0132003
1.86239	0.423957	0.0156823
1.86598	0.410249	0.0162878
1.86957	0.419140	0.0180546
1.87315	0.445316	0.0392136
1.87672	0.478846	0.0319042
1.88029	0.503080	0.0197854
1.88385	0.463910	0.0267259
1.88741	0.479513	0.0144211
1.89096	0.487472	0.0137984
1.89451	0.519707	0.0157407
1.89805	0.496963	0.0201369
1.90159	0.527933	0.0198680
1.90512	0.539293	0.0294023
1.90864	0.526620	0.0136084
1.91216	0.552021	0.0107677
1.91568	0.540033	0.0233032
1.91919	0.548187	0.0138873
1.92269	0.564504	0.0255890
1.92619	0.537917	0.0146198
1.92969	0.575476	0.00508411
1.93318	0.484837	0.0103259
1.93666	0.467217	0.00742878
1.94014	0.469434	0.00497572
1.94362	0.471137	0.00874898
1.94709	0.470848	0.0117049
1.95055	0.471851	0.0146238
1.95401	0.488400	0.00427448
1.95747	0.463245	0.00781689
1.96092	0.452490	0.0164652
1.96436	0.466548	0.00508296
1.96780	0.464359	0.00517107
1.97124	0.491057	0.0118264
1.97467	0.488756	0.00558792
1.97810	0.480542	0.0138662
1.98152	0.481426	0.0141027
1.98493	0.492635	0.0128536
1.98835	0.490504	0.00419407
1.99175	0.490647	0.00814645
1.99516	0.494715	0.00767178
1.99855	0.506881	0.0246773
2.00195	0.506435	0.0116058
2.00533	0.486611	0.0162481
2.00872	0.487602	0.0118258
2.01210	0.535903	0.00756173
2.01547	0.515510	0.0194907
2.01884	0.515705	0.0203468
2.02221	0.539708	0.0166008
2.02557	0.548171	0.00857304
2.02892	0.560715	0.00679266
2.03227	0.548688	0.00488579
2.03562	0.578458	0.00629866
2.03896	0.570150	0.0101818
2.04230	0.563293	0.0175628
2.04563	0.593902	0.00993786
2.04896	0.599079	0.00826795
2.05229	0.601588	0.00650226
2.05561	0.613022	0.00853573
2.05892	0.620141	0.00365090
2.06223	0.643029	0.0157036
2.06554	0.623457	0.00824085
2.06884	0.615348	0.00541457
2.07214	0.629169	0.0154403
2.07543	0.633539	0.0120517
2.07872	0.636243	0.00655433
2.08200	0.646778	0.00408531
2.08528	0.659184	0.00949016
2.08855	0.662261	0.00756525
2.09182	0.667056	0.0123667
2.09509	0.658484	0.0138805
2.09835	0.686363	0.00278443
2.10161	0.679980	0.00619937
2.10486	0.696355	0.0108155
2.10811	0.677303	0.0106826
2.11135	0.677016	0.00966585
2.11459	0.693376	0.00511271
2.11782	0.688123	0.00420243
2.12105	0.682542	0.00482111
2.12427	0.686777	0.00281855
2.12749	0.702714	0.00586731
2.13071	0.689206	0.00627406
2.13392	0.705374	0.00973137
2.13713	0.710317	0.0108723
2.14033	0.717010	0.00673224
2.14352	0.708551	0.00411682
2.14672	0.704501	0.00869297
2.14990	0.691709	0.00376272
2.15309	0.700276	0.00449772
2.15626	0.689258	0.0133147
2.15944	0.680412	0.0148286
2.16261	0.667824	0.00895761
2.16577	0.675224	0.00768740
2.16893	0.690997	0.00780768
2.17208	0.688733	0.00664361
2.17523	0.683383	0.00728498
2.17838	0.670399	0.0143122
2.18152	0.687047	0.0130114
2.18465	0.691400	0.00370754
2.18778	0.680424	0.00182833
2.19091	0.691374	0.00640965
2.19403	0.688617	0.00370835
2.19714	0.667154	0.00398428
2.20025	0.671708	0.00651432
2.20336	0.693038	0.00676760
2.20646	0.667725	0.00908246
2.20956	0.673052	0.00822712
2.21265	0.668210	0.00988393
2.21573	0.647485	0.00937219
2.21882	0.649465	0.0117649
2.22189	0.654109	0.00420476
2.22496	0.643768	0.00503569
2.22803	0.672134	0.00724479
2.23109	0.681979	0.00484091
2.23414	0.659737	0.0106148
2.23720	0.644401	0.00732230
2.24024	0.646042	0.00302959
2.24328	0.631855	0.00745810
2.24632	0.655110	0.00486119
2.24935	0.652304	0.00900011
2.25237	0.641048	0.00695934
2.25539	0.641225	0.00812008
2.25841	0.614610	0.00383598
2.26142	0.649004	0.00671999
2.26442	0.631868	0.00743194
2.26742	0.610713	0.00289318
2.27041	0.617137	0.00830611
2.27340	0.611540	0.00256923
2.27639	0.624497	0.00903757
2.27937	0.617334	0.00509567
2.28234	0.619459	0.0112760
2.28531	0.610513	0.00788998
2.28827	0.625788	0.00617620
2.29123	0.616886	0.0115028
2.29418	0.590434	0.0155419
2.29713	0.538244	0.0103566
2.30007	0.516067	0.00513037
2.30301	0.529429	0.0136939
2.30594	0.520693	0.00934894
2.30887	0.535071	0.00862732
2.31179	0.517312	0.00560727
2.31470	0.524219	0.00429754
2.31761	0.519925	0.00658564
2.32052	0.510932	0.0186295
2.32342	0.516288	0.0119169
2.32632	0.506500	0.00340954
2.32921	0.498678	0.00336591
2.33210	0.491515	0.00527164
2.33498	0.492711	0.00348045
2.33785	0.503645	0.00781461
2.34072	0.499082	0.0161277
2.34359	0.506536	0.0124511
2.34645	0.514419	0.00855711
2.34931	0.510068	0.00650843
2.35216	0.534657	0.00866710
2.35501	0.487734	0.0126439
2.35785	0.485729	0.0152134
2.36069	0.485887	0.00837189
2.36353	0.473887	0.0116100
2.36635	0.488913	0.00321004
2.36918	0.481791	0.00900987
2.37200	0.495667	0.0107167
2.37482	0.468126	0.00671698
2.37763	0.489773	0.00689969
2.38044	0.497129	0.0128747
2.38324	0.466023	0.0114168
2.38604	0.474471	0.00735704
2.38884	0.439160	0.00819883
2.39163	0.486226	0.0188956
2.39442	0.496237	0.0206099
2.39721	0.474393	0.00797105
2.39999	0.471368	0.0106081
2.40277	0.476085	0.0155284
2.40554	0.478378	0.0147256
2.40832	0.443049	0.00871314
2.41108	0.466303	0.0210150
2.41385	0.453490	0.0136447
2.41662	0.477704	0.0169037
2.41938	0.438035	0.0107837
2.42214	0.418504	0.00891174
2.42489	0.449604	0.0222806
2.42765	0.435458	0.0208715
2.43040	0.435406	0.0242570
2.43315	0.412398	0.0240449
2.43590	0.440486	0.0259879
2.43865	0.402250	0.0220413
2.44140	0.452664	0.0178969
2.44414	0.420146	0.0268023
2.44689	0.436680	0.0227139
2.44963	0.396772	0.0168986
2.45237	0.390781	0.0159598
2.45512	0.353412	0.0160351
2.45786	0.394118	0.00977344
2.46061	0.404853	0.0197963
2.46335	0.389237	0.0197056
2.46610	0.402425	0.0195791
2.46884	0.350363	0.0121089
2.47159	0.366390	0.00923261
2.47434	0.373214	0.0115222
2.47709	0.364446	0.0212665
2.47984	0.360334	0.0103319
2.48260	0.359527	0.0168464
2.48535	0.334151	0.0367297
2.48811	0.426986	0.0298832
2.49088	0.290534	0.0139510
2.49365	0.309804	0.00990327
2.49642	0.311214	0.0111447
2.49919	0.324675	0.0295637
2.50197	0.383293	0.0140230
2.50476	0.314363	0.0249432
2.50755	0.323613	0.0405810
2.51035	0.309032	0.00701403
2.51315	0.321395	0.0423760
2.51596	0.293831	0.0382231
2.51878	0.348576	0.0269991
2.52160	0.392066	0.0365433
2.52443	0.303838	0.0572022
2.52727	0.319357	0.0174566
2.53012	0.262350	0.0314089
2.53298	0.392537	0.0980852
2.53584	0.276925	0.0894170
2.53872	0.174308	0.0943262
2.54161	0.304511	0.0549064
2.54451	0.298597	0.126048
2.54742	0.264064	0.152137
2.55034	0.537890	0.129384
2.55328	0.328521	0.204594
2.55623	0.240429	0.240004
2.55919	0.186206	0.175357
