#  ----------------------------------------------------------------------------------
# SpeX prism spectrum of 2MASS J1431+1436 (J14313029+1436599)
# Originally observed on 2008 Jun 18
# Average resolution = 120
# Originally published in Sheppard & Cushing (2009), AJ, 137, 340
#
# PLEASE CITE THE ORIGINAL DATA REFERENCE WHEN PUBLISHING OR PRESENTING THESE DATA
#
# Near infrared spectral type: L2
#
#  Wavelength (micron)   F_lambda (normalized)  Noise (normalized as F_lambda)
#  ----------------------------------------------------------------------------------
0.634718	0.562785	0.231601
0.637042	0.362999	0.214748
0.639347	0.381202	0.209195
0.641634	0.151521	0.206460
0.643906	0.205259	0.197402
0.646162	0.237600	0.195291
0.648404	0.247092	0.202973
0.650633	0.336738	0.206560
0.652849	0.594802	0.198717
0.655055	0.0981730	0.158545
0.657251	0.0132797	0.143002
0.659438	0.145120	0.138897
0.661617	0.119396	0.145064
0.663789	0.427270	0.151985
0.665954	0.257162	0.137284
0.668115	0.453970	0.130640
0.670271	0.564678	0.129844
0.672424	0.213500	0.118963
0.674573	0.313530	0.112243
0.676722	0.402475	0.108507
0.678869	0.314232	0.105587
0.681015	0.263174	0.104750
0.683163	0.264440	0.103822
0.685311	0.112506	0.100561
0.687462	0.221721	0.104656
0.689615	0.0861053	0.0926972
0.691771	0.186406	0.0888238
0.693932	0.185000	0.0808416
0.696097	0.246640	0.0770073
0.698268	0.203580	0.0753215
0.700445	0.165154	0.0737757
0.702628	0.226992	0.0677432
0.704818	0.171726	0.0684208
0.707016	0.103832	0.0639692
0.709222	0.0912417	0.0618922
0.711437	0.192644	0.0601639
0.713662	0.0848143	0.0579327
0.715896	0.0652855	0.0563658
0.718141	0.146130	0.0587727
0.720396	0.183791	0.0554854
0.722662	0.130503	0.0535631
0.724941	0.164811	0.0509345
0.727231	0.207005	0.0502672
0.729534	-0.0118479	0.0476912
0.731850	0.00998457	0.0465165
0.734179	0.0302540	0.0407682
0.736522	0.0586338	0.0425992
0.738879	0.140300	0.0379360
0.741250	-0.000855930	0.0398260
0.743636	0.0886097	0.0352766
0.746037	0.107945	0.0355474
0.748454	0.0863254	0.0342046
0.750886	0.0420790	0.0344778
0.753334	0.117456	0.0324265
0.755799	0.0194392	0.0334424
0.758280	0.0222713	0.0364215
0.760777	0.108742	0.0449075
0.763292	-0.0426971	0.0467404
0.765824	0.0724057	0.0387563
0.768373	-0.0205613	0.0297539
0.770940	0.0410784	0.0293738
0.773525	0.0697058	0.0284412
0.776127	0.0892347	0.0283820
0.778748	0.143949	0.0263768
0.781388	0.0660906	0.0265692
0.784045	0.107346	0.0257039
0.786722	0.0861406	0.0253954
0.789417	0.147958	0.0252308
0.792131	0.0991166	0.0251386
0.794864	0.0938108	0.0242923
0.797616	0.134452	0.0241268
0.800387	0.182676	0.0239237
0.803178	0.210372	0.0237270
0.805988	0.174443	0.0222905
0.808817	0.204814	0.0245375
0.811666	0.219302	0.0237480
0.814535	0.305836	0.0241937
0.817423	0.251810	0.0211855
0.820331	0.285493	0.0212913
0.823258	0.292460	0.0207908
0.826205	0.313206	0.0214088
0.829172	0.301358	0.0205122
0.832159	0.262568	0.0202303
0.835165	0.295965	0.0193127
0.838191	0.283265	0.0207104
0.841236	0.263663	0.0204710
0.844302	0.256803	0.0201662
0.847387	0.224202	0.0176330
0.850491	0.248356	0.0174794
0.853615	0.235952	0.0168689
0.856759	0.265180	0.0165619
0.859922	0.241648	0.0161284
0.863105	0.195869	0.0168340
0.866307	0.230361	0.0154748
0.869528	0.206677	0.0151683
0.872769	0.212184	0.0150916
0.876028	0.261845	0.0157029
0.879307	0.288806	0.0153747
0.882604	0.323439	0.0157823
0.885921	0.310729	0.0157045
0.889256	0.276220	0.0150834
0.892610	0.308357	0.0150765
0.895983	0.340538	0.0154518
0.899374	0.382967	0.0148013
0.902783	0.408186	0.0144145
0.906210	0.421812	0.0146020
0.909656	0.475999	0.0155865
0.913120	0.535958	0.0155399
0.916601	0.566550	0.0153995
0.920100	0.580165	0.0139723
0.923616	0.535918	0.0131826
0.927150	0.525369	0.0138213
0.930702	0.512647	0.0162046
0.934270	0.547540	0.0176071
0.937855	0.521656	0.0167077
0.941457	0.554948	0.0163323
0.945076	0.594178	0.0168416
0.948711	0.634303	0.0152225
0.952363	0.635661	0.0145030
0.956030	0.636486	0.0130784
0.959714	0.619357	0.0129541
0.963413	0.641948	0.0127596
0.967128	0.657142	0.0127186
0.970858	0.702036	0.0115178
0.974604	0.673357	0.0112014
0.978365	0.703908	0.0109292
0.982140	0.748150	0.0107355
0.985930	0.671685	0.0103599
0.989735	0.532546	0.0105928
0.993554	0.462391	0.0107723
0.997387	0.512108	0.0106683
1.00123	0.559136	0.0102539
1.00510	0.560102	0.00997724
1.00897	0.605841	0.00980141
1.01286	0.645698	0.0101523
1.01676	0.644566	0.0103205
1.02067	0.629601	0.0102772
1.02460	0.631314	0.0100141
1.02854	0.658366	0.0100636
1.03249	0.706644	0.00972039
1.03645	0.733219	0.00952529
1.04043	0.778253	0.00978724
1.04442	0.777755	0.00948283
1.04841	0.756454	0.00867921
1.05242	0.724480	0.00818783
1.05644	0.707396	0.00778059
1.06048	0.722400	0.00764587
1.06452	0.744095	0.00758861
1.06857	0.787187	0.00832477
1.07264	0.847857	0.00886123
1.07671	0.891263	0.00878562
1.08079	0.903858	0.00914781
1.08488	0.963042	0.00933693
1.08899	0.971071	0.00924431
1.09310	0.969741	0.00930409
1.09722	0.933231	0.00904055
1.10135	0.893417	0.00856943
1.10549	0.847949	0.00796396
1.10963	0.828035	0.00782620
1.11379	0.824265	0.00810371
1.11795	0.826826	0.00850011
1.12212	0.866857	0.00891267
1.12630	0.898619	0.00967955
1.13048	0.863997	0.0105092
1.13467	0.774439	0.00957558
1.13887	0.734304	0.00899256
1.14308	0.793763	0.00958756
1.14729	0.861211	0.00936359
1.15151	0.872544	0.00861173
1.15573	0.870030	0.00867771
1.15996	0.863050	0.00808705
1.16420	0.836261	0.00744962
1.16844	0.775487	0.00684224
1.17268	0.739677	0.00625143
1.17694	0.730025	0.00594795
1.18119	0.770486	0.00577935
1.18545	0.829346	0.00577331
1.18972	0.824830	0.00564008
1.19399	0.776980	0.00603879
1.19826	0.737644	0.00699494
1.20254	0.773600	0.00690593
1.20682	0.814543	0.00680670
1.21111	0.836663	0.00731806
1.21540	0.879525	0.00687628
1.21969	0.906650	0.00666761
1.22398	0.916277	0.00706623
1.22828	0.930382	0.00693058
1.23258	0.926423	0.00654960
1.23688	0.863922	0.00612114
1.24119	0.817198	0.00573580
1.24549	0.830137	0.00549332
1.24980	0.835720	0.00533778
1.25411	0.874451	0.00548246
1.25843	0.953153	0.00614981
1.26274	0.975880	0.00733203
1.26705	1.00241	0.00868448
1.27137	1.00828	0.00900745
1.27569	1.01635	0.00890667
1.28000	1.03227	0.00791771
1.28432	1.01782	0.00669293
1.28864	1.00175	0.00697340
1.29296	0.983801	0.00688637
1.29727	0.993927	0.00627818
1.30159	0.988363	0.00672223
1.30591	0.979149	0.00678884
1.31023	0.963608	0.00661308
1.31454	0.958133	0.00606352
1.31886	0.948328	0.00591800
1.32317	0.930447	0.00580234
1.32749	0.829346	0.00545390
1.33180	0.662641	0.00501420
1.33611	0.537991	0.00502876
1.34042	0.483731	0.00482771
1.34473	0.459004	0.00534969
1.34904	0.418551	0.00719814
1.35334	0.414386	0.0115720
1.35765	0.366645	0.0212693
1.36195	0.383254	0.0314876
1.36625	0.408284	0.0355638
1.37054	0.415827	0.0253843
1.37484	0.410384	0.0182107
1.37913	0.410675	0.0195754
1.38342	0.436048	0.0223185
1.38770	0.424321	0.0155649
1.39198	0.393891	0.0143779
1.39626	0.374408	0.0165881
1.40054	0.391926	0.0170716
1.40481	0.415826	0.0154052
1.40908	0.387629	0.0137707
1.41335	0.360519	0.0127885
1.41761	0.344553	0.0110613
1.42187	0.337488	0.00827841
1.42613	0.341025	0.00698125
1.43038	0.342910	0.00762588
1.43462	0.337016	0.00835767
1.43887	0.347465	0.00707140
1.44311	0.355660	0.00579153
1.44734	0.379017	0.00718207
1.45157	0.387376	0.00815383
1.45580	0.370849	0.00753693
1.46002	0.392913	0.00708774
1.46423	0.379808	0.00695030
1.46844	0.378309	0.00705626
1.47265	0.387562	0.00694849
1.47685	0.387205	0.00708324
1.48105	0.404578	0.00764247
1.48524	0.393897	0.00760902
1.48943	0.394647	0.00687402
1.49361	0.405442	0.00551584
1.49779	0.416988	0.00485439
1.50196	0.415297	0.00728896
1.50612	0.421130	0.00884241
1.51028	0.450308	0.00678139
1.51444	0.450399	0.00489633
1.51859	0.464125	0.00550787
1.52273	0.464120	0.00679045
1.52687	0.473206	0.00703160
1.53100	0.497191	0.00701016
1.53513	0.491611	0.00676575
1.53925	0.501157	0.00628725
1.54336	0.494654	0.00606748
1.54747	0.520589	0.00555573
1.55157	0.528654	0.00563468
1.55567	0.536493	0.00606379
1.55976	0.539200	0.00602852
1.56385	0.553153	0.00636397
1.56793	0.553503	0.00575047
1.57200	0.565447	0.00472889
1.57606	0.594510	0.00469764
1.58012	0.575953	0.00726556
1.58418	0.576350	0.00832514
1.58823	0.572599	0.00644056
1.59227	0.577077	0.00460001
1.59630	0.593086	0.00528911
1.60033	0.598091	0.00646121
1.60435	0.603180	0.00701044
1.60837	0.612037	0.00669718
1.61238	0.588434	0.00687516
1.61638	0.590092	0.00629142
1.62038	0.607307	0.00614722
1.62437	0.607752	0.00610901
1.62835	0.606494	0.00519999
1.63233	0.613460	0.00536137
1.63630	0.621473	0.00564887
1.64026	0.624840	0.00545009
1.64422	0.646548	0.00587540
1.64817	0.644898	0.00637899
1.65211	0.652542	0.00553867
1.65605	0.653109	0.00452494
1.65998	0.650798	0.00406247
1.66391	0.659548	0.00490280
1.66783	0.653879	0.00748859
1.67174	0.659136	0.00767610
1.67564	0.644135	0.00511862
1.67954	0.658689	0.00405708
1.68343	0.651348	0.00446904
1.68732	0.659595	0.00588795
1.69120	0.652112	0.00650021
1.69507	0.643326	0.00600175
1.69893	0.635301	0.00638329
1.70279	0.623942	0.00613976
1.70665	0.624207	0.00540862
1.71049	0.598617	0.00586422
1.71433	0.577568	0.00539008
1.71816	0.558793	0.00456331
1.72199	0.544805	0.00506169
1.72581	0.524359	0.00507357
1.72962	0.526064	0.00471570
1.73343	0.501874	0.00493747
1.73723	0.482336	0.00544549
1.74103	0.472299	0.00566184
1.74481	0.468615	0.00535295
1.74860	0.454694	0.00467201
1.75237	0.441652	0.00409600
1.75614	0.415895	0.00358492
1.75990	0.417078	0.00443628
1.76366	0.405680	0.00705921
1.76741	0.377778	0.00726896
1.77115	0.371516	0.00487170
1.77489	0.364146	0.00368030
1.77862	0.357364	0.00385684
1.78235	0.347140	0.00466597
1.78607	0.332151	0.00621399
1.78978	0.327025	0.00599865
1.79349	0.328936	0.00495455
1.79719	0.312611	0.00736319
1.80088	0.320918	0.00877804
1.80457	0.308724	0.00725835
1.80825	0.297310	0.00801948
1.81193	0.324191	0.00917244
1.81560	0.310699	0.00829920
1.81926	0.302301	0.00804081
1.82292	0.327981	0.00925333
1.82658	0.347998	0.0112986
1.83022	0.297921	0.0150059
1.83386	0.321222	0.0211102
1.83750	0.277668	0.0344267
1.84113	0.285049	0.0247194
1.84475	0.262708	0.0218187
1.84837	0.269924	0.0234288
1.85198	0.225646	0.0238087
1.85559	0.220160	0.0242143
1.85919	0.216176	0.0184448
1.86279	0.240519	0.0137785
1.86638	0.225728	0.0190040
1.86996	0.198953	0.0500446
1.87354	0.253592	0.0513559
1.87711	0.231578	0.0178490
1.88068	0.248864	0.0115290
1.88424	0.261810	0.00962571
1.88780	0.261584	0.0101409
1.89135	0.265696	0.0110806
1.89490	0.271811	0.0113102
1.89844	0.259055	0.0162536
1.90198	0.257233	0.0246760
1.90551	0.287310	0.0174578
1.90903	0.294189	0.0156514
1.91255	0.291489	0.0151288
1.91607	0.307759	0.0110196
1.91958	0.284440	0.0100326
1.92308	0.294379	0.0112966
1.92658	0.270899	0.0108759
1.93007	0.255897	0.00854822
1.93356	0.271442	0.00746345
1.93705	0.261687	0.00685939
1.94053	0.262781	0.00551199
1.94400	0.260728	0.00499188
1.94747	0.255024	0.00509886
1.95094	0.257493	0.00594514
1.95439	0.255384	0.00697169
1.95785	0.253745	0.00639327
1.96130	0.250888	0.00596104
1.96474	0.264396	0.00567873
1.96818	0.260218	0.00542182
1.97162	0.259705	0.00519850
1.97505	0.248042	0.00513924
1.97847	0.241860	0.00451489
1.98189	0.244831	0.00362570
1.98531	0.241719	0.00338639
1.98872	0.242135	0.00324817
1.99213	0.245730	0.00326232
1.99553	0.243869	0.00442521
1.99893	0.250959	0.00839655
2.00232	0.241775	0.0109251
2.00571	0.243593	0.00728258
2.00909	0.234441	0.00550692
2.01247	0.245696	0.00547165
2.01584	0.256294	0.00540094
2.01921	0.251238	0.00467476
2.02258	0.252602	0.00441528
2.02594	0.252031	0.00516882
2.02929	0.259301	0.00482049
2.03264	0.258111	0.00418991
2.03599	0.258846	0.00423295
2.03933	0.262138	0.00506033
2.04267	0.258623	0.00484685
2.04600	0.261407	0.00375256
2.04933	0.266866	0.00414700
2.05265	0.266298	0.00535966
2.05597	0.277458	0.00583793
2.05929	0.279573	0.00448041
2.06260	0.273665	0.00341928
2.06590	0.280116	0.00349166
2.06920	0.286481	0.00413216
2.07250	0.272759	0.00449361
2.07579	0.290468	0.00363762
2.07908	0.291166	0.00308342
2.08236	0.281748	0.00324892
2.08564	0.294894	0.00351473
2.08892	0.303540	0.00367372
2.09218	0.305907	0.00339335
2.09545	0.300097	0.00291621
2.09871	0.304617	0.00292701
2.10197	0.308342	0.00317236
2.10522	0.313398	0.00352708
2.10846	0.316321	0.00378342
2.11171	0.319215	0.00372027
2.11494	0.317304	0.00371802
2.11818	0.319746	0.00375134
2.12141	0.325554	0.00371789
2.12463	0.326518	0.00385491
2.12785	0.320621	0.00351265
2.13106	0.331231	0.00334009
2.13427	0.335992	0.00323263
2.13748	0.330384	0.00299111
2.14068	0.330880	0.00291062
2.14388	0.335386	0.00297932
2.14707	0.342787	0.00371202
2.15025	0.332031	0.00492397
2.15344	0.335156	0.00480710
2.15661	0.344324	0.00384050
2.15979	0.334406	0.00326983
2.16295	0.343166	0.00313608
2.16612	0.344240	0.00318680
2.16928	0.349529	0.00341356
2.17243	0.339750	0.00339840
2.17558	0.339498	0.00339799
2.17872	0.344686	0.00418485
2.18186	0.343735	0.00428061
2.18500	0.346340	0.00375755
2.18813	0.342911	0.00370299
2.19125	0.355643	0.00364287
2.19437	0.350446	0.00437992
2.19749	0.340899	0.00451448
2.20060	0.350702	0.00383031
2.20370	0.335274	0.00378971
2.20680	0.332913	0.00378693
2.20990	0.348152	0.00391323
2.21299	0.342410	0.00434387
2.21607	0.342301	0.00380154
2.21915	0.341053	0.00328316
2.22223	0.338838	0.00338938
2.22530	0.348037	0.00360485
2.22837	0.343799	0.00379793
2.23143	0.339545	0.00411824
2.23448	0.337056	0.00386071
2.23753	0.333952	0.00338406
2.24058	0.337273	0.00335630
2.24362	0.341415	0.00347480
2.24665	0.333903	0.00356255
2.24968	0.339048	0.00369175
2.25271	0.330571	0.00375807
2.25572	0.337449	0.00357202
2.25874	0.337596	0.00343354
2.26175	0.338857	0.00353002
2.26475	0.330351	0.00353500
2.26775	0.330433	0.00362759
2.27074	0.331223	0.00370290
2.27373	0.332158	0.00372078
2.27672	0.330827	0.00368520
2.27969	0.324534	0.00352268
2.28267	0.320109	0.00353952
2.28563	0.321986	0.00359769
2.28860	0.328834	0.00360425
2.29155	0.308088	0.00367339
2.29451	0.276005	0.00373982
2.29745	0.263837	0.00383191
2.30039	0.271220	0.00406738
2.30333	0.275947	0.00375686
2.30626	0.280018	0.00367532
2.30919	0.281185	0.00366544
2.31211	0.281041	0.00359800
2.31502	0.273955	0.00378262
2.31794	0.281307	0.00404407
2.32084	0.275050	0.00400046
2.32374	0.248533	0.00388625
2.32664	0.247554	0.00381111
2.32953	0.246705	0.00378695
2.33241	0.252499	0.00387438
2.33529	0.260579	0.00388337
2.33817	0.251780	0.00402923
2.34104	0.258825	0.00416063
2.34391	0.252232	0.00415673
2.34677	0.254981	0.00436031
2.34962	0.254166	0.00468581
2.35248	0.231189	0.00466784
2.35532	0.234701	0.00445129
2.35817	0.239297	0.00431844
2.36100	0.231234	0.00426528
2.36384	0.235290	0.00474067
2.36667	0.231544	0.00578626
2.36949	0.230824	0.00572032
2.37231	0.240468	0.00526959
2.37513	0.234649	0.00490151
2.37794	0.246407	0.00504720
2.38075	0.235087	0.00517456
2.38355	0.225165	0.00537325
2.38635	0.215975	0.00545081
2.38915	0.216923	0.00518240
2.39194	0.227722	0.00506262
2.39473	0.228496	0.00505628
2.39751	0.221080	0.00502330
2.40029	0.215705	0.00498923
2.40307	0.209392	0.00538739
2.40585	0.202332	0.00582857
2.40862	0.200581	0.00579713
2.41139	0.202242	0.00590789
2.41416	0.189983	0.00693841
2.41692	0.188497	0.00771150
2.41968	0.193170	0.00726704
2.42244	0.190281	0.00591260
2.42520	0.186971	0.00569738
2.42795	0.186861	0.00525177
2.43070	0.184789	0.00601538
2.43345	0.178363	0.00868426
2.43620	0.185276	0.00849029
2.43895	0.171555	0.00581752
2.44170	0.168356	0.00634543
2.44444	0.149422	0.00946965
2.44719	0.150815	0.0110702
2.44993	0.161965	0.0102871
2.45268	0.161930	0.00845233
2.45542	0.174990	0.00648729
2.45816	0.168539	0.00611932
2.46091	0.160039	0.00769381
2.46365	0.171124	0.00782526
2.46640	0.173177	0.00736099
2.46914	0.153719	0.00972070
2.47189	0.142130	0.0115410
2.47464	0.148800	0.00912345
2.47739	0.143992	0.00957322
2.48014	0.134672	0.0128856
2.48290	0.163721	0.0147746
2.48566	0.168104	0.0165729
2.48842	0.134500	0.0166827
2.49118	0.147165	0.0177518
2.49395	0.143548	0.0185301
2.49672	0.143815	0.0134787
2.49950	0.156929	0.0119342
2.50228	0.161136	0.0160331
2.50507	0.106751	0.0189225
2.50786	0.154179	0.0176916
2.51066	0.155565	0.0223156
2.51346	0.201662	0.0299070
2.51627	0.170943	0.0440659
2.51909	0.157661	0.0335795
2.52191	0.0730904	0.0259068
2.52474	0.130445	0.0370454
2.52758	0.0718900	0.0572216
2.53043	0.206336	0.0927856
2.53329	0.139875	0.134294
2.53616	0.223053	0.125206
2.53904	0.154702	0.101783
2.54193	0.0883017	0.0946682
