#  ----------------------------------------------------------------------------------
# SpeX prism spectrum of SDSS J202820.32+005226.5 (J20282035+0052265)
# Originally observed on 2003 May 23
# Average resolution = 120
# Originally published in Burgasser et al. (2004) AJ, 127, 2856
#
# PLEASE CITE THE ORIGINAL DATA REFERENCE WHEN PUBLISHING OR PRESENTING THESE DATA
#
# Optical spectral type: L3
# J magnitude = 14.298
# H magnitude = 13.377
# Ks magnitude = 12.793
#
#  Wavelength (micron)   F_lambda (normalized)  Noise (normalized as F_lambda)
#  ----------------------------------------------------------------------------------
0.657586	-0.00700184	0.00000
0.659771	0.0407748	0.0270691
0.661949	-0.00862680	0.00000
0.664120	-0.0362043	0.00000
0.666285	0.0207894	0.0234307
0.668445	-0.0305320	0.00000
0.670600	-0.0141761	0.00000
0.672752	0.0381623	0.0197018
0.674902	0.0566049	0.0338228
0.677050	0.0292461	0.0202797
0.679197	0.0787082	0.0503394
0.681343	0.0176891	0.0555337
0.683491	0.0638069	0.0191425
0.685640	0.00847422	0.0699857
0.687790	0.00926639	0.0164742
0.689944	0.0277227	0.0260056
0.692101	-0.0364757	0.00000
0.694263	0.0112223	0.0132952
0.696429	0.0488832	0.0399536
0.698600	0.0915189	0.0309620
0.700778	0.0258766	0.0401409
0.702962	0.0767968	0.0248129
0.705153	0.0636232	0.0140441
0.707353	0.0738350	0.0266419
0.709560	0.0291813	0.0135014
0.711777	0.0742781	0.0104501
0.714002	0.0564265	0.0496158
0.716238	0.0794980	0.0151504
0.718484	0.0631155	0.0172161
0.720741	0.0283493	0.0355865
0.723010	0.0660824	0.0258134
0.725290	0.0778812	0.0207654
0.727582	0.0672346	0.0127466
0.729887	0.0762337	0.0159653
0.732205	0.0765447	0.0132027
0.734536	0.0936864	0.0225434
0.736881	0.0886860	0.0173605
0.739240	0.0727187	0.0127417
0.741614	0.0798272	0.0134290
0.744002	0.0631360	0.0120854
0.746406	0.0760554	0.00809240
0.748824	0.0755678	0.0107408
0.751259	0.0768725	0.00791059
0.753710	0.0623415	0.00521551
0.756177	0.0982298	0.00924498
0.758660	0.0721091	0.0142368
0.761160	0.0572191	0.0164777
0.763678	0.0454894	0.0127594
0.766212	0.0168669	0.0214224
0.768764	0.0284074	0.00357076
0.771334	0.0393351	0.0141880
0.773921	0.0454234	0.0131304
0.776527	0.0521787	0.0103610
0.779150	0.0780729	0.0149153
0.781792	0.0781189	0.00359351
0.784453	0.0826264	0.00727332
0.787132	0.0884743	0.0190229
0.789830	0.0906380	0.00453367
0.792547	0.111236	0.0143446
0.795283	0.103903	0.0127662
0.798038	0.117006	0.00372228
0.800812	0.123964	0.00935921
0.803606	0.147164	0.00811954
0.806419	0.153493	0.00699421
0.809251	0.176339	0.00383551
0.812103	0.179027	0.00149726
0.814975	0.197374	0.00552912
0.817866	0.198341	0.00734805
0.820776	0.204477	0.00469682
0.823707	0.218089	0.0144346
0.826657	0.216871	0.00532472
0.829627	0.230686	0.0114318
0.832616	0.219843	0.00671337
0.835626	0.220807	0.00401470
0.838655	0.247123	0.00399740
0.841703	0.236772	0.00406928
0.844772	0.218125	0.00686676
0.847860	0.203200	0.00241216
0.850967	0.215010	0.00724129
0.854094	0.229851	0.00233566
0.857241	0.205027	0.00393519
0.860407	0.214960	0.00378985
0.863593	0.197215	0.00431765
0.866798	0.176128	0.00479153
0.870022	0.164321	0.00419077
0.873265	0.178924	0.00630514
0.876528	0.188606	0.00403513
0.879809	0.212329	0.00618347
0.883110	0.215009	0.00657134
0.886429	0.231644	0.00708375
0.889767	0.233552	0.00329830
0.893124	0.256286	0.00566724
0.896499	0.278175	0.00694154
0.899893	0.291665	0.00859328
0.903305	0.311781	0.00179134
0.906735	0.316569	0.00741453
0.910184	0.345054	0.00666760
0.913650	0.373120	0.00531420
0.917134	0.392466	0.00400475
0.920636	0.403159	0.00624278
0.924155	0.402680	0.00484553
0.927692	0.390808	0.00458233
0.931246	0.406355	0.0101154
0.934816	0.412361	0.00226241
0.938404	0.436826	0.00887652
0.942009	0.469093	0.00696042
0.945630	0.488457	0.00487390
0.949268	0.518668	0.00301929
0.952922	0.517364	0.00515652
0.956592	0.519083	0.00292862
0.960278	0.517687	0.00507740
0.963979	0.507716	0.00480937
0.967697	0.533728	0.00708323
0.971429	0.557305	0.00267847
0.975177	0.583757	0.00148112
0.978940	0.596102	0.00479949
0.982718	0.604503	0.0120232
0.986511	0.530075	0.0203841
0.990317	0.463570	0.00522025
0.994139	0.402659	0.00777474
0.997974	0.398068	0.00712263
1.00182	0.414941	0.00690206
1.00569	0.459870	0.00241464
1.00956	0.485409	0.00100651
1.01345	0.505087	0.00432927
1.01736	0.518473	0.00411389
1.02127	0.509237	0.00296819
1.02520	0.510470	0.00319685
1.02914	0.537521	0.00291503
1.03309	0.553754	0.00483945
1.03706	0.595472	0.00300375
1.04104	0.611514	0.00292415
1.04502	0.630058	0.00466109
1.04903	0.626858	0.00364528
1.05304	0.619744	0.00807485
1.05706	0.608868	0.00334583
1.06109	0.620806	0.00532008
1.06514	0.640794	0.00173920
1.06919	0.669075	0.00235432
1.07326	0.692698	0.00217734
1.07733	0.726407	0.00854240
1.08142	0.760404	0.00539872
1.08551	0.797846	0.00165380
1.08961	0.809177	0.00561398
1.09373	0.817257	0.00400310
1.09785	0.827518	0.00281926
1.10198	0.827200	0.00195641
1.10612	0.820702	0.00287760
1.11027	0.817482	0.00543528
1.11442	0.811926	0.00177826
1.11858	0.825298	0.00351427
1.12276	0.840410	0.00519721
1.12693	0.854823	0.00177267
1.13112	0.810632	0.00601730
1.13531	0.778088	0.00977433
1.13951	0.761217	0.00738601
1.14372	0.801465	0.00843666
1.14793	0.850888	0.00937250
1.15215	0.880630	0.00340199
1.15638	0.891446	0.00780369
1.16061	0.864918	0.00559054
1.16484	0.838144	0.00286847
1.16909	0.810595	0.00269699
1.17333	0.763291	0.00547861
1.17759	0.786200	0.00663841
1.18184	0.797436	0.00386181
1.18610	0.835374	0.00467622
1.19037	0.811482	0.00558980
1.19464	0.763011	0.00385351
1.19892	0.741972	0.00220857
1.20319	0.748463	0.00175909
1.20748	0.778622	0.00642385
1.21176	0.815384	0.00307239
1.21605	0.847464	0.00295704
1.22034	0.889303	0.00176503
1.22464	0.919152	0.00242578
1.22894	0.925808	0.00163637
1.23324	0.892005	0.00584205
1.23754	0.850186	0.00458695
1.24185	0.810822	0.00384569
1.24615	0.809661	0.00370941
1.25046	0.833583	0.00422191
1.25477	0.883277	0.00403211
1.25908	0.930917	0.00481398
1.26340	0.974504	0.00413059
1.26771	0.994523	0.00369606
1.27203	1.01326	0.00308220
1.27634	1.01811	0.00356105
1.28066	0.985232	0.000557892
1.28498	0.990644	0.00613828
1.28930	1.00130	0.00298193
1.29361	0.997490	0.00245120
1.29793	1.00776	0.00277348
1.30225	0.996370	0.00596343
1.30657	0.984908	0.00385845
1.31089	1.00006	0.00262206
1.31520	1.00487	0.00348031
1.31952	1.00513	0.00169161
1.32383	1.00647	0.00524054
1.32815	0.906398	0.00638201
1.33246	0.784202	0.00782644
1.33677	0.677634	0.00724859
1.34108	0.621983	0.00647527
1.34539	0.595291	0.00790755
1.34970	0.570869	0.0106769
1.35400	0.549442	0.00763245
1.35830	0.528475	0.00617332
1.36260	0.543830	0.00513590
1.36690	0.544959	0.00707494
1.37120	0.547737	0.00390126
1.37549	0.540443	0.00238037
1.37978	0.535321	0.00595505
1.38407	0.562463	0.00625347
1.38836	0.571354	0.00398851
1.39264	0.561487	0.00337546
1.39692	0.533003	0.00754458
1.40119	0.507957	0.00115999
1.40547	0.506177	0.00391030
1.40974	0.511401	0.00318204
1.41400	0.495048	0.00632691
1.41826	0.494005	0.00151191
1.42252	0.488334	0.00566763
1.42678	0.494880	0.00154514
1.43103	0.487043	0.00156984
1.43527	0.487244	0.00359913
1.43951	0.498827	0.00284792
1.44375	0.504613	0.00307010
1.44799	0.510423	0.00101650
1.45222	0.529667	0.00332898
1.45644	0.541532	0.00285654
1.46066	0.545712	0.00659789
1.46488	0.540736	0.00327094
1.46909	0.550522	0.00536848
1.47329	0.550415	0.00300237
1.47749	0.552493	0.00140307
1.48169	0.555680	0.00346754
1.48588	0.562950	0.00197567
1.49007	0.575496	0.00442441
1.49425	0.589156	0.00133392
1.49842	0.601525	0.00209043
1.50259	0.607265	0.00239024
1.50676	0.626449	0.00712799
1.51092	0.640450	0.00203827
1.51507	0.639710	0.00164805
1.51922	0.657520	0.00211066
1.52336	0.669620	0.00350156
1.52750	0.679401	0.00256902
1.53163	0.692620	0.00305791
1.53576	0.702590	0.00203214
1.53988	0.716594	0.00119133
1.54399	0.721016	0.00178986
1.54810	0.728707	0.000724627
1.55220	0.751502	0.00446996
1.55630	0.750343	0.00231231
1.56039	0.758064	0.00238510
1.56447	0.760296	0.00693353
1.56855	0.769183	0.00105912
1.57262	0.765605	0.00192992
1.57668	0.778402	0.00246189
1.58074	0.763258	0.00375407
1.58480	0.746301	0.00136336
1.58884	0.739477	0.00371136
1.59288	0.758043	0.00273438
1.59692	0.776342	0.00416738
1.60094	0.778944	0.00337281
1.60497	0.775229	0.00524257
1.60898	0.764785	0.00278612
1.61299	0.758015	0.00137595
1.61699	0.770751	0.00241178
1.62099	0.752195	0.00452228
1.62498	0.765204	0.00501803
1.62896	0.760970	0.00347437
1.63293	0.762075	0.00120842
1.63690	0.772461	0.000768289
1.64087	0.780825	0.00312803
1.64482	0.810641	0.00323159
1.64877	0.809405	0.00148599
1.65272	0.816630	0.00292665
1.65665	0.813591	0.00226530
1.66058	0.808440	0.00211931
1.66451	0.807333	0.00237290
1.66842	0.815020	0.00170396
1.67233	0.804860	0.00463472
1.67624	0.798600	0.00183409
1.68014	0.806231	0.00106909
1.68403	0.818545	0.00377946
1.68791	0.816061	0.00237449
1.69179	0.814259	0.00292613
1.69566	0.824413	0.00181988
1.69952	0.816136	0.00291511
1.70338	0.809701	0.00252013
1.70723	0.798598	0.00205513
1.71108	0.785505	0.00467440
1.71492	0.765065	0.00642010
1.71875	0.762613	0.00354768
1.72257	0.743171	0.00374254
1.72639	0.722957	0.00623351
1.73021	0.698159	0.00337239
1.73401	0.687648	0.00307477
1.73781	0.673004	0.00267413
1.74161	0.661785	0.00483732
1.74539	0.648924	0.00235521
1.74917	0.630702	0.00534289
1.75295	0.624775	0.00297977
1.75672	0.600432	0.00788455
1.76048	0.602498	0.00147813
1.76423	0.590899	0.00395944
1.76798	0.565366	0.00578788
1.77172	0.556220	0.00242053
1.77546	0.540558	0.00324542
1.77919	0.529726	0.00200632
1.78292	0.517768	0.00541001
1.78663	0.528434	0.00789643
1.79035	0.500077	0.00466411
1.79405	0.495906	0.00138662
1.79775	0.485140	0.00459835
1.80144	0.474355	0.00291355
1.80513	0.471745	0.00419792
1.80881	0.464450	0.00223897
1.81249	0.462508	0.00356763
1.81616	0.457735	0.00588032
1.81982	0.461880	0.00550313
1.82348	0.466577	0.00430656
1.82713	0.476483	0.00791391
1.83078	0.458939	0.00982070
1.83442	0.444676	0.00475090
1.83805	0.424978	0.00144152
1.84168	0.433128	0.00280115
1.84530	0.417024	0.00369018
1.84892	0.417339	0.00381878
1.85253	0.409989	0.00179531
1.85614	0.396455	0.00457248
1.85974	0.388231	0.00274089
1.86333	0.391214	0.00405369
1.86692	0.407243	0.00560876
1.87051	0.399020	0.00879105
1.87409	0.382154	0.00407660
1.87766	0.418517	0.00901701
1.88123	0.418224	0.00353012
1.88479	0.430653	0.00343989
1.88834	0.423904	0.00273736
1.89189	0.439979	0.000435205
1.89544	0.426966	0.00302613
1.89898	0.442247	0.00206183
1.90251	0.434709	0.00153340
1.90604	0.447562	0.00285122
1.90957	0.449460	0.00397369
1.91309	0.456574	0.00306477
1.91660	0.451744	0.00219449
1.92011	0.459445	0.00253711
1.92362	0.461446	0.00798588
1.92711	0.436849	0.00167962
1.93061	0.421440	0.00250435
1.93410	0.416682	0.00486657
1.93758	0.405520	0.00288372
1.94106	0.397533	0.00237135
1.94453	0.395947	0.00239412
1.94800	0.398425	0.00215984
1.95146	0.391894	0.00199004
1.95492	0.402308	0.00165220
1.95838	0.403999	0.00474751
1.96182	0.406277	0.00265445
1.96527	0.407759	0.00123109
1.96871	0.398870	0.00332428
1.97214	0.388708	0.00314339
1.97557	0.377714	0.000861262
1.97900	0.370828	0.00206018
1.98242	0.372554	0.00383205
1.98583	0.374106	0.00128266
1.98924	0.387866	0.00382296
1.99265	0.388296	0.00204142
1.99605	0.394974	0.00444258
1.99945	0.399336	0.00540817
2.00284	0.390520	0.00316303
2.00622	0.384122	0.00405441
2.00961	0.389098	0.00622184
2.01298	0.391217	0.00198698
2.01636	0.395971	0.00784013
2.01973	0.398161	0.00193350
2.02309	0.403035	0.00298348
2.02645	0.400755	0.00183902
2.02980	0.406732	0.00236251
2.03315	0.405465	0.00133897
2.03650	0.412922	0.00143118
2.03984	0.425694	0.00148646
2.04318	0.428299	0.00352098
2.04651	0.429113	0.00180337
2.04984	0.428753	0.00196598
2.05316	0.430112	0.00221078
2.05648	0.434340	0.00345185
2.05979	0.441496	0.00174752
2.06310	0.436144	0.00261017
2.06641	0.439994	0.000975117
2.06971	0.446023	0.00379611
2.07300	0.445222	0.00571275
2.07629	0.449819	0.00293729
2.07958	0.457570	0.00110419
2.08286	0.454958	0.00300408
2.08614	0.462539	0.00133339
2.08941	0.471386	0.00143043
2.09268	0.474081	0.00239967
2.09595	0.472454	0.00121704
2.09921	0.475278	0.00137458
2.10246	0.477510	0.00208037
2.10571	0.483125	0.00275444
2.10896	0.487098	0.00221199
2.11220	0.489869	0.00226273
2.11544	0.487456	0.00224495
2.11867	0.503385	0.00196540
2.12190	0.504288	0.000334213
2.12512	0.502570	0.00105401
2.12834	0.498012	0.00225491
2.13155	0.505866	0.00254264
2.13476	0.507480	0.000671681
2.13797	0.505388	0.00273209
2.14117	0.515117	0.00250285
2.14436	0.512269	0.00289610
2.14755	0.521289	0.00328709
2.15074	0.520148	0.00237389
2.15392	0.515369	0.00292733
2.15710	0.507350	0.00296086
2.16027	0.513710	0.00134056
2.16344	0.519068	0.000699775
2.16660	0.510084	0.00226444
2.16976	0.516098	0.00284769
2.17291	0.505257	0.00246842
2.17606	0.509558	0.00253632
2.17920	0.512577	0.00208666
2.18234	0.516370	0.00352175
2.18548	0.515728	0.00268966
2.18860	0.512698	0.00206697
2.19173	0.505146	0.00163221
2.19485	0.517605	0.00123621
2.19796	0.512521	0.00584090
2.20107	0.513415	0.00184703
2.20418	0.501705	0.00145857
2.20728	0.503327	0.00210612
2.21037	0.501167	0.00292755
2.21346	0.505666	0.00208535
2.21654	0.503870	0.00428935
2.21962	0.497773	0.00137868
2.22270	0.494844	0.00252229
2.22577	0.504344	0.00173298
2.22883	0.502570	0.00155576
2.23189	0.490491	0.000923829
2.23495	0.492276	0.00176097
2.23800	0.488759	0.00264090
2.24104	0.487446	0.00116421
2.24408	0.485829	0.00239544
2.24711	0.487350	0.00384152
2.25014	0.485155	0.00317647
2.25317	0.488099	0.00203881
2.25619	0.485389	0.000606983
2.25920	0.483438	0.00257643
2.26221	0.481772	0.00204135
2.26521	0.479003	0.00332519
2.26821	0.465409	0.00166929
2.27120	0.469989	0.00337400
2.27419	0.469917	0.00227397
2.27717	0.470089	0.00264208
2.28015	0.466613	0.00298281
2.28312	0.465951	0.00171521
2.28609	0.464458	0.00188757
2.28905	0.455680	0.00252077
2.29200	0.440699	0.00408202
2.29496	0.400662	0.00211453
2.29790	0.375009	0.00244572
2.30084	0.374084	0.00297314
2.30378	0.384581	0.00101871
2.30671	0.392657	0.00476529
2.30963	0.390749	0.00220031
2.31255	0.389964	0.00267629
2.31547	0.379467	0.00155483
2.31838	0.384059	0.00246768
2.32128	0.372344	0.00276965
2.32418	0.354778	0.000948342
2.32708	0.346088	0.00168780
2.32997	0.351281	0.00315963
2.33285	0.355309	0.00233194
2.33573	0.360082	0.00274555
2.33861	0.353866	0.00430588
2.34148	0.358281	0.00177752
2.34434	0.357618	0.000852936
2.34720	0.358189	0.00338189
2.35006	0.361361	0.00398427
2.35291	0.343309	0.00331312
2.35576	0.333981	0.00284275
2.35860	0.331654	0.00190868
2.36144	0.337379	0.00139367
2.36427	0.333881	0.00294662
2.36710	0.336916	0.00136382
2.36992	0.333730	0.00120319
2.37274	0.345407	0.00355045
2.37556	0.361000	0.00244163
2.37837	0.340691	0.00666922
2.38118	0.336900	0.00480971
2.38398	0.323901	0.00400823
2.38678	0.322241	0.00333599
2.38957	0.326946	0.00152635
2.39236	0.327852	0.00108665
2.39515	0.330987	0.00120627
2.39794	0.323441	0.00180608
2.40072	0.315578	0.00108561
2.40350	0.315954	0.00158201
2.40627	0.306909	0.00258541
2.40904	0.297211	0.000339200
2.41181	0.300944	0.00389877
2.41458	0.297401	0.00212831
2.41734	0.294652	0.00326907
2.42010	0.298958	0.00294772
2.42286	0.286343	0.00128917
2.42562	0.283368	0.00184281
2.42837	0.285790	0.00157837
2.43112	0.284125	0.00382006
2.43387	0.269335	0.00228411
2.43662	0.271099	0.00244128
2.43937	0.265657	0.00396245
2.44212	0.271060	0.000851578
2.44486	0.252758	0.00162426
2.44761	0.265734	0.00432578
2.45035	0.253306	0.00245105
2.45310	0.246823	0.00252489
2.45584	0.251473	0.00337127
2.45858	0.244711	0.00280917
2.46133	0.252357	0.00186057
2.46407	0.253045	0.00492026
2.46682	0.234937	0.00208954
2.46956	0.227660	0.00161586
2.47231	0.218210	0.00447458
2.47506	0.226012	0.00150476
2.47781	0.231415	0.00298853
2.48056	0.226061	0.00690637
2.48332	0.221499	0.00340575
2.48608	0.232716	0.00593505
2.48884	0.210035	0.00547468
2.49161	0.212639	0.00308293
2.49437	0.225548	0.00202376
2.49715	0.224674	0.00613623
2.49992	0.213836	0.00194297
2.50271	0.214210	0.00376787
2.50549	0.203560	0.00375671
2.50828	0.212225	0.00372993
2.51108	0.204048	0.00592481
2.51389	0.208847	0.00256491
2.51670	0.195586	0.00727845
2.51952	0.189559	0.00419762
2.52234	0.198904	0.00192282
2.52518	0.198363	0.00862376
2.52802	0.182218	0.0104627
2.53087	0.210890	0.0108820
2.53373	0.194315	0.00639492
2.53660	0.199419	0.0156843
2.53948	0.224974	0.00201159
2.54237	0.214532	0.0173252
2.54527	0.215797	0.0270347
2.54819	0.154673	0.0204951
2.55111	0.135492	0.0221184
2.55405	0.266512	0.0244262
2.55700	0.205197	0.0294139
2.55997	0.192958	0.00665952
