#  ----------------------------------------------------------------------------------
# SpeX prism spectrum of 2MASSW J0205034+125142 (J02050344+1251422)
# Originally observed on 2006 Aug 20
# Average resolution = 120
# Originally published in Reid et al. (2006) ApJ, 639, 1114
#
# PLEASE CITE THE ORIGINAL DATA REFERENCE WHEN PUBLISHING OR PRESENTING THESE DATA
#
# Optical spectral type: L5
# J magnitude = 15.679
# H magnitude = 14.449
# Ks magnitude = 13.671
#
#  Wavelength (micron)   F_lambda (normalized)  Noise (normalized as F_lambda)
#  ----------------------------------------------------------------------------------
0.650647	0.436762	0.217181
0.652864	0.460341	0.173867
0.655069	0.514505	0.161266
0.657265	0.116149	0.139598
0.659452	0.0747597	0.132443
0.661631	0.431083	0.128394
0.663803	0.626988	0.125842
0.665968	0.282364	0.127626
0.668129	0.500151	0.123347
0.670285	-0.249972	0.115940
0.672437	0.335551	0.114527
0.674587	0.214795	0.109246
0.676735	0.495721	0.106718
0.678882	0.419498	0.0977304
0.681029	0.241176	0.0920015
0.683176	0.307765	0.0913092
0.685325	0.131074	0.0909288
0.687475	0.259794	0.0802601
0.689629	0.222053	0.0785999
0.691785	0.303523	0.0727447
0.693946	0.348412	0.0675814
0.696111	0.0674089	0.0627329
0.698282	0.306099	0.0586612
0.700459	0.145738	0.0493869
0.702642	0.211138	0.0433331
0.704832	0.152720	0.0328145
0.707030	0.125097	0.0200298
0.709236	0.0508516	0.00714773
0.711452	-0.0367090	0.00638779
0.713676	-0.0536743	0.0194778
0.715910	-0.0619455	0.0299214
0.718155	-0.139412	0.0347299
0.720410	-0.136659	0.0422797
0.722677	-0.0273916	0.0405533
0.724955	0.0187992	0.0428288
0.727246	0.0301315	0.0433172
0.729549	0.0415960	0.0414473
0.731865	0.00760408	0.0392101
0.734194	0.0611724	0.0395276
0.736537	0.0861586	0.0345223
0.738894	0.0870599	0.0344815
0.741265	0.124536	0.0357817
0.743651	0.0114864	0.0355064
0.746053	0.0393920	0.0331735
0.748469	0.0101354	0.0337790
0.750902	0.0102128	0.0299346
0.753350	-0.0120340	0.0322963
0.755814	0.0192141	0.0299446
0.758296	0.0360861	0.0352846
0.760793	-0.0122760	0.0356939
0.763308	0.0405317	0.0361796
0.765840	-0.0460228	0.0310151
0.768389	-0.0285024	0.0281494
0.770956	-0.00553478	0.0255498
0.773541	-0.0374095	0.0258754
0.776144	-0.0167124	0.0241943
0.778765	0.0132764	0.0245428
0.781404	0.0572918	0.0251118
0.784062	0.115008	0.0244689
0.786739	0.0224639	0.0235014
0.789434	0.0538332	0.0227306
0.792148	0.0381016	0.0218340
0.794881	0.0688944	0.0222514
0.797633	0.0812877	0.0204642
0.800405	0.114184	0.0211327
0.803196	0.113629	0.0204737
0.806006	0.0971797	0.0201148
0.808835	0.186426	0.0195060
0.811684	0.0765301	0.0194523
0.814553	0.119612	0.0188024
0.817441	0.136607	0.0190883
0.820349	0.0915509	0.0182408
0.823277	0.124985	0.0187288
0.826224	0.181440	0.0180840
0.829191	0.118716	0.0177301
0.832178	0.145987	0.0171627
0.835184	0.123277	0.0170730
0.838210	0.124300	0.0164927
0.841256	0.193745	0.0165381
0.844321	0.138362	0.0159210
0.847406	0.121657	0.0156385
0.850511	0.192039	0.0149576
0.853635	0.181036	0.0151508
0.856779	0.152240	0.0149271
0.859942	0.141361	0.0147859
0.863125	0.161553	0.0146448
0.866327	0.135769	0.0148701
0.869549	0.151523	0.0145187
0.872789	0.142179	0.0142182
0.876049	0.138789	0.0145961
0.879328	0.174576	0.0147180
0.882625	0.155278	0.0143109
0.885942	0.152273	0.0147624
0.889278	0.166025	0.0137352
0.892632	0.178533	0.0137870
0.896004	0.149100	0.0139577
0.899395	0.180997	0.0139753
0.902805	0.206828	0.0132493
0.906232	0.210188	0.0130799
0.909678	0.191860	0.0128366
0.913142	0.224850	0.0130503
0.916623	0.244407	0.0128383
0.920122	0.268318	0.0126413
0.923639	0.283089	0.0129950
0.927173	0.253864	0.0129928
0.930724	0.272676	0.0138688
0.934293	0.319927	0.0147311
0.937878	0.297823	0.0150641
0.941480	0.341588	0.0147616
0.945099	0.364747	0.0141067
0.948734	0.361591	0.0137422
0.952386	0.371417	0.0129889
0.956053	0.359503	0.0123915
0.959737	0.387803	0.0123754
0.963437	0.364823	0.0113227
0.967152	0.394885	0.0112755
0.970882	0.414760	0.0109564
0.974628	0.430562	0.0106931
0.978389	0.437325	0.0112068
0.982164	0.449097	0.0104202
0.985955	0.438091	0.0111187
0.989759	0.393430	0.0100535
0.993578	0.319503	0.00978876
0.997412	0.352360	0.00989373
1.00126	0.309898	0.00925310
1.00512	0.356589	0.00920829
1.00899	0.386319	0.00901036
1.01288	0.368866	0.00902577
1.01678	0.395330	0.00924585
1.02070	0.425477	0.00926394
1.02462	0.413679	0.00911255
1.02856	0.438413	0.00906642
1.03251	0.423743	0.00910443
1.03648	0.483131	0.00896992
1.04045	0.478360	0.00887230
1.04444	0.505814	0.00858430
1.04844	0.516767	0.00845714
1.05245	0.522787	0.00826184
1.05647	0.524891	0.00787502
1.06050	0.544305	0.00768006
1.06454	0.548692	0.00770590
1.06860	0.567855	0.00810595
1.07266	0.580514	0.00811331
1.07673	0.618859	0.00833381
1.08082	0.603118	0.00825316
1.08491	0.663556	0.00849338
1.08901	0.645751	0.00837145
1.09312	0.660714	0.00796284
1.09724	0.630555	0.00784520
1.10137	0.691856	0.00793059
1.10551	0.651613	0.00764385
1.10966	0.652390	0.00776106
1.11381	0.638866	0.00777347
1.11797	0.653048	0.00827448
1.12214	0.682348	0.00869031
1.12632	0.669741	0.00891295
1.13051	0.658178	0.00898793
1.13470	0.668194	0.00872312
1.13890	0.633830	0.00881823
1.14310	0.683286	0.00852331
1.14731	0.689715	0.00851887
1.15153	0.754582	0.00848444
1.15576	0.748711	0.00806957
1.15999	0.743842	0.00790418
1.16422	0.710371	0.00717795
1.16846	0.714475	0.00689549
1.17271	0.660847	0.00634229
1.17696	0.695437	0.00670575
1.18122	0.690866	0.00607630
1.18548	0.744995	0.00631882
1.18975	0.734245	0.00614469
1.19402	0.710803	0.00656872
1.19829	0.700409	0.00660240
1.20257	0.714126	0.00672153
1.20685	0.709055	0.00684798
1.21114	0.768839	0.00683698
1.21542	0.784808	0.00691419
1.21972	0.853990	0.00698593
1.22401	0.845789	0.00675285
1.22831	0.874837	0.00700648
1.23261	0.845555	0.00652920
1.23691	0.831980	0.00638113
1.24122	0.792133	0.00611514
1.24552	0.817396	0.00596392
1.24983	0.806025	0.00581601
1.25414	0.870360	0.00620517
1.25845	0.890293	0.00653858
1.26277	0.953376	0.00753382
1.26708	0.946215	0.00804153
1.27140	1.01792	0.00913039
1.27571	0.987375	0.00817691
1.28003	1.00111	0.00764761
1.28435	0.984063	0.00711353
1.28866	0.999096	0.00687079
1.29298	0.985544	0.00681258
1.29730	0.998522	0.00685254
1.30162	0.985468	0.00661678
1.30594	0.993432	0.00683483
1.31025	0.986964	0.00656649
1.31457	1.01624	0.00647753
1.31889	1.00315	0.00627060
1.32320	0.986054	0.00628191
1.32752	0.893242	0.00596525
1.33183	0.789289	0.00576309
1.33614	0.663601	0.00544258
1.34045	0.581031	0.00539746
1.34476	0.551572	0.00575791
1.34907	0.560457	0.00682810
1.35337	0.521063	0.00903634
1.35767	0.513541	0.0128662
1.36198	0.499013	0.0185159
1.36627	0.512859	0.0210847
1.37057	0.545022	0.0174295
1.37486	0.544710	0.0149985
1.37916	0.557128	0.0148957
1.38344	0.599885	0.0146705
1.38773	0.620337	0.0144488
1.39201	0.553667	0.0126298
1.39629	0.565549	0.0129676
1.40057	0.570991	0.0130067
1.40484	0.515255	0.0126948
1.40911	0.537510	0.0115617
1.41338	0.499650	0.0112844
1.41764	0.520031	0.00952791
1.42190	0.514872	0.00842708
1.42615	0.503462	0.00737817
1.43040	0.507385	0.00732846
1.43465	0.510878	0.00707678
1.43889	0.516350	0.00680920
1.44313	0.494403	0.00659656
1.44737	0.521759	0.00696413
1.45160	0.529909	0.00709332
1.45582	0.563290	0.00706078
1.46004	0.574072	0.00664143
1.46426	0.571820	0.00677519
1.46847	0.568438	0.00647368
1.47268	0.584710	0.00657136
1.47688	0.592527	0.00664852
1.48108	0.587008	0.00672783
1.48527	0.599629	0.00670120
1.48945	0.613059	0.00630476
1.49364	0.639774	0.00576377
1.49781	0.633270	0.00588850
1.50198	0.649667	0.00682340
1.50615	0.671147	0.00691801
1.51031	0.683983	0.00678443
1.51446	0.691822	0.00583450
1.51861	0.706949	0.00590525
1.52276	0.729215	0.00629020
1.52689	0.746607	0.00675193
1.53103	0.752164	0.00656874
1.53515	0.776371	0.00651834
1.53927	0.792428	0.00635429
1.54339	0.822931	0.00598923
1.54750	0.814750	0.00590065
1.55160	0.834792	0.00586596
1.55570	0.851266	0.00602465
1.55979	0.868975	0.00624696
1.56387	0.881991	0.00615053
1.56795	0.900244	0.00604079
1.57202	0.901567	0.00563946
1.57609	0.909692	0.00613446
1.58015	0.919584	0.00691618
1.58420	0.895507	0.00709224
1.58825	0.870497	0.00672694
1.59229	0.897906	0.00583178
1.59633	0.929935	0.00579372
1.60036	0.932687	0.00640364
1.60438	0.933550	0.00662167
1.60839	0.931383	0.00698118
1.61240	0.907732	0.00647409
1.61641	0.916365	0.00654989
1.62040	0.910709	0.00644035
1.62439	0.934461	0.00628257
1.62838	0.916091	0.00609377
1.63235	0.938654	0.00586583
1.63632	0.939032	0.00583807
1.64029	0.953031	0.00603037
1.64424	0.957238	0.00607587
1.64820	0.986052	0.00625494
1.65214	0.994379	0.00602520
1.65608	0.999944	0.00562235
1.66001	0.993750	0.00528964
1.66393	0.992894	0.00626965
1.66785	0.997605	0.00682191
1.67176	0.996823	0.00689003
1.67567	0.995788	0.00657880
1.67957	1.00349	0.00545331
1.68346	1.00447	0.00556579
1.68734	1.00713	0.00614439
1.69122	0.996571	0.00631637
1.69509	1.00363	0.00665144
1.69896	1.00235	0.00644934
1.70282	0.999246	0.00627734
1.70667	0.984017	0.00634711
1.71052	0.985444	0.00598097
1.71436	0.954786	0.00586639
1.71819	0.934077	0.00586171
1.72202	0.912007	0.00561852
1.72584	0.895885	0.00557760
1.72965	0.873744	0.00560065
1.73346	0.848329	0.00564104
1.73726	0.818847	0.00570749
1.74105	0.808668	0.00581229
1.74484	0.790728	0.00563868
1.74862	0.785897	0.00539630
1.75240	0.760106	0.00492202
1.75616	0.736927	0.00483410
1.75993	0.727580	0.00564956
1.76368	0.717271	0.00635453
1.76743	0.699071	0.00650162
1.77118	0.683851	0.00607688
1.77491	0.656366	0.00491858
1.77865	0.655087	0.00492964
1.78237	0.637707	0.00557902
1.78609	0.616195	0.00588042
1.78980	0.603081	0.00583330
1.79351	0.617032	0.00633401
1.79721	0.605507	0.00656405
1.80090	0.618320	0.00714765
1.80459	0.576464	0.00760994
1.80828	0.588025	0.00761410
1.81195	0.601370	0.00788476
1.81562	0.598186	0.00830341
1.81929	0.610290	0.00835749
1.82295	0.604073	0.00897283
1.82660	0.584754	0.00999302
1.83025	0.599628	0.0116017
1.83389	0.538307	0.0152577
1.83752	0.550207	0.0191384
1.84115	0.512713	0.0200612
1.84477	0.497573	0.0182240
1.84839	0.519663	0.0174107
1.85201	0.497138	0.0182097
1.85561	0.511061	0.0176600
1.85921	0.478043	0.0152916
1.86281	0.457116	0.0136395
1.86640	0.490750	0.0153920
1.86998	0.510285	0.0245832
1.87356	0.532981	0.0302197
1.87714	0.522617	0.0180910
1.88070	0.528128	0.0118837
1.88427	0.522923	0.00974859
1.88782	0.533089	0.00978144
1.89137	0.522170	0.00993072
1.89492	0.521580	0.0111303
1.89846	0.532217	0.0129694
1.90200	0.542432	0.0165094
1.90553	0.577698	0.0161544
1.90905	0.580593	0.0147668
1.91257	0.584899	0.0133036
1.91609	0.615800	0.0122321
1.91960	0.606762	0.0112128
1.92310	0.606315	0.0104892
1.92660	0.616262	0.0100600
1.93010	0.601682	0.00926448
1.93359	0.561952	0.00823746
1.93707	0.545067	0.00745328
1.94055	0.551211	0.00695102
1.94402	0.537570	0.00635688
1.94749	0.552138	0.00641150
1.95096	0.533016	0.00671534
1.95442	0.534008	0.00725963
1.95787	0.533516	0.00743104
1.96132	0.532364	0.00696378
1.96477	0.520356	0.00652752
1.96820	0.513241	0.00620381
1.97164	0.516520	0.00595023
1.97507	0.509776	0.00558008
1.97850	0.495966	0.00517996
1.98192	0.501732	0.00474628
1.98533	0.496748	0.00441646
1.98874	0.503713	0.00440844
1.99215	0.497753	0.00444183
1.99555	0.501079	0.00550068
1.99895	0.507127	0.00725844
2.00234	0.519960	0.00911805
2.00573	0.503021	0.00928797
2.00911	0.499991	0.00767905
2.01249	0.519732	0.00710598
2.01586	0.514735	0.00680016
2.01923	0.525924	0.00618875
2.02260	0.537279	0.00602167
2.02596	0.535301	0.00561062
2.02931	0.545560	0.00544952
2.03266	0.554928	0.00518080
2.03601	0.571633	0.00526572
2.03935	0.565524	0.00535916
2.04269	0.570684	0.00524579
2.04602	0.575121	0.00530214
2.04935	0.572588	0.00528929
2.05267	0.589409	0.00607512
2.05599	0.580092	0.00625217
2.05931	0.587432	0.00595529
2.06262	0.593570	0.00533151
2.06592	0.613800	0.00519843
2.06922	0.601272	0.00546202
2.07252	0.626413	0.00531422
2.07581	0.630383	0.00510859
2.07910	0.637178	0.00473284
2.08238	0.638150	0.00470236
2.08566	0.654164	0.00481250
2.08894	0.653805	0.00482067
2.09221	0.660639	0.00471099
2.09547	0.663875	0.00458091
2.09873	0.667966	0.00450774
2.10199	0.667222	0.00465931
2.10524	0.684694	0.00486909
2.10848	0.688902	0.00500139
2.11173	0.689651	0.00500338
2.11496	0.691238	0.00499787
2.11820	0.696332	0.00498397
2.12143	0.704409	0.00508972
2.12465	0.703951	0.00497022
2.12787	0.716409	0.00498593
2.13108	0.701306	0.00481392
2.13429	0.713610	0.00474227
2.13750	0.724419	0.00472115
2.14070	0.722981	0.00461650
2.14390	0.724671	0.00465012
2.14709	0.725397	0.00523046
2.15027	0.730919	0.00556764
2.15346	0.720136	0.00564150
2.15663	0.732865	0.00538889
2.15981	0.732205	0.00496054
2.16297	0.733824	0.00485862
2.16614	0.735337	0.00493820
2.16930	0.742760	0.00497067
2.17245	0.725352	0.00490187
2.17560	0.717465	0.00508370
2.17874	0.722743	0.00525414
2.18188	0.737009	0.00534832
2.18502	0.719232	0.00536993
2.18815	0.721229	0.00513134
2.19127	0.720329	0.00528173
2.19439	0.727827	0.00546807
2.19751	0.730562	0.00546586
2.20062	0.724917	0.00554081
2.20372	0.706401	0.00528816
2.20682	0.719128	0.00529758
2.20992	0.715896	0.00545006
2.21301	0.727523	0.00544646
2.21609	0.710812	0.00536917
2.21917	0.704182	0.00516969
2.22225	0.705087	0.00514338
2.22532	0.705245	0.00517037
2.22838	0.720480	0.00538865
2.23145	0.713415	0.00541747
2.23450	0.697608	0.00541769
2.23755	0.695882	0.00525037
2.24060	0.698366	0.00513918
2.24364	0.701206	0.00519417
2.24667	0.687095	0.00524901
2.24970	0.690119	0.00539142
2.25272	0.684951	0.00540264
2.25574	0.685196	0.00535371
2.25876	0.691237	0.00535222
2.26177	0.680125	0.00538886
2.26477	0.665938	0.00540914
2.26777	0.673357	0.00545931
2.27076	0.672491	0.00549048
2.27375	0.669674	0.00556727
2.27673	0.669798	0.00551089
2.27971	0.657950	0.00548890
2.28269	0.659757	0.00545467
2.28565	0.661749	0.00549098
2.28861	0.666880	0.00556152
2.29157	0.637404	0.00561673
2.29452	0.579815	0.00557832
2.29747	0.524351	0.00557288
2.30041	0.514999	0.00554072
2.30335	0.545583	0.00561451
2.30628	0.543698	0.00560808
2.30921	0.552312	0.00550915
2.31213	0.535012	0.00543738
2.31504	0.533598	0.00566168
2.31795	0.538359	0.00594738
2.32086	0.532409	0.00661870
2.32376	0.507983	0.00589924
2.32666	0.494419	0.00572056
2.32955	0.493327	0.00567170
2.33243	0.508834	0.00571847
2.33531	0.505737	0.00581319
2.33819	0.522514	0.00603460
2.34106	0.508269	0.00612469
2.34392	0.510153	0.00629119
2.34679	0.521893	0.00644962
2.34964	0.518742	0.00668043
2.35249	0.500231	0.00679069
2.35534	0.489480	0.00670048
2.35818	0.480247	0.00649866
2.36102	0.488243	0.00629746
2.36386	0.478832	0.00625159
2.36668	0.481093	0.00667784
2.36951	0.485755	0.00722252
2.37233	0.479511	0.00755479
2.37514	0.484140	0.00751570
2.37796	0.492750	0.00723134
2.38076	0.478206	0.00783364
2.38357	0.479831	0.00896207
2.38637	0.471162	0.00869258
2.38916	0.470447	0.00781756
2.39196	0.483103	0.00750918
2.39475	0.464886	0.00739176
2.39753	0.462604	0.00726439
2.40031	0.470994	0.00736557
2.40309	0.464011	0.00767870
2.40587	0.465616	0.00808533
2.40864	0.446844	0.00829586
2.41141	0.463327	0.00858334
2.41417	0.451740	0.00938892
2.41694	0.433111	0.0100647
2.41970	0.428098	0.00979140
2.42246	0.418666	0.00895089
2.42521	0.424590	0.00805499
2.42797	0.413062	0.00788051
2.43072	0.417393	0.00869848
2.43347	0.418366	0.0104612
2.43622	0.410299	0.0109124
2.43897	0.399834	0.0107122
2.44172	0.394501	0.00898155
2.44446	0.381824	0.0105858
2.44721	0.403114	0.0125664
2.44995	0.368010	0.0132513
2.45269	0.362083	0.0119109
2.45544	0.372324	0.0105651
2.45818	0.383892	0.00929562
2.46093	0.371454	0.0102232
2.46367	0.363312	0.0128102
2.46642	0.358314	0.0120323
2.46916	0.342995	0.0128685
2.47191	0.330034	0.0135527
2.47466	0.329919	0.0137817
2.47741	0.338955	0.0132325
2.48016	0.334607	0.0148801
2.48292	0.352337	0.0178622
2.48568	0.371453	0.0201528
2.48844	0.348296	0.0207049
2.49120	0.332523	0.0222568
2.49397	0.307393	0.0216382
2.49674	0.283476	0.0190734
2.49952	0.331258	0.0170109
2.50230	0.330323	0.0185297
2.50508	0.324280	0.0211880
2.50788	0.323510	0.0238068
2.51067	0.288353	0.0257195
2.51348	0.304473	0.0327066
2.51629	0.349645	0.0426359
2.51910	0.224179	0.0410061
2.52193	0.343676	0.0363179
2.52476	0.247327	0.0372723
2.52760	0.323548	0.0508106
2.53045	0.233080	0.0768713
2.53331	0.362501	0.104693
2.53618	0.0982217	0.123311
2.53906	0.244883	0.103281
2.54195	0.284979	0.0975996
2.54485	0.278761	0.127393
2.54776	0.457967	0.220152
2.55068	-0.0653768	0.319517
2.55362	0.396380	0.305835
2.55657	0.440847	0.196013
2.55953	0.228372	0.117526
2.56251	0.180935	0.116859
