#  ----------------------------------------------------------------------------------
# SpeX prism spectrum of 2MASSs J0850359+105716 (J08503593+1057156)
# Originally observed on 2006 Apr 08
# Average resolution = 120
# Originally published in A. Burgasser (unpublished)
#
# PLEASE CITE THE ORIGINAL DATA REFERENCE WHEN PUBLISHING OR PRESENTING THESE DATA
#
# Optical spectral type: L6
# J magnitude = 16.465
# H magnitude = 15.221
# Ks magnitude = 14.473
#
#  Wavelength (micron)   F_lambda (normalized)  Noise (normalized as F_lambda)
#  ----------------------------------------------------------------------------------
0.650312	0.677645	0.468802
0.652531	-0.451294	0.384081
0.654738	-0.375641	0.365511
0.656936	-0.245663	0.308102
0.659124	-0.401944	0.298237
0.661304	0.156811	0.282566
0.663476	-0.463669	0.288022
0.665643	-0.167037	0.286413
0.667804	-0.367141	0.283392
0.669961	0.0341143	0.256892
0.672114	-0.127896	0.268565
0.674264	-0.310888	0.260430
0.676412	-0.408931	0.250886
0.678559	-0.408946	0.251582
0.680706	-0.964194	0.237036
0.682853	-0.745358	0.228691
0.685002	-0.227200	0.229570
0.687152	-0.116652	0.217262
0.689305	-0.464421	0.217394
0.691461	0.161729	0.197736
0.693621	0.273231	0.191205
0.695785	0.109706	0.183989
0.697955	0.0615367	0.182532
0.700131	0.360589	0.169819
0.702313	0.484201	0.178592
0.704502	-0.0521195	0.160243
0.706699	0.0272642	0.159159
0.708904	0.0470381	0.151530
0.711118	-0.00543360	0.143943
0.713341	0.148875	0.141396
0.715574	0.194842	0.141297
0.717817	0.319027	0.132847
0.720070	0.661420	0.135820
0.722335	0.0900720	0.127538
0.724612	0.0584766	0.128565
0.726900	0.319969	0.125379
0.729201	0.0360386	0.123070
0.731515	-0.337762	0.118218
0.733843	-0.121589	0.119203
0.736184	0.226563	0.113146
0.738538	0.0514874	0.110727
0.740908	0.0127853	0.106090
0.743292	-0.0487423	0.104898
0.745691	0.0311423	0.100612
0.748105	-0.0737261	0.100740
0.750535	0.278057	0.0939724
0.752981	-0.0741470	0.0968125
0.755443	0.219565	0.0918929
0.757921	0.116022	0.102932
0.760417	0.0996274	0.114982
0.762929	0.145616	0.121158
0.765458	-0.0106378	0.111875
0.768005	0.119703	0.0999608
0.770569	-0.0448635	0.0857725
0.773151	-0.221662	0.0844860
0.775751	-0.143816	0.0808859
0.778370	-0.0225304	0.0780727
0.781006	-0.0597843	0.0779433
0.783661	-0.107726	0.0776997
0.786335	0.0177710	0.0744398
0.789027	0.140503	0.0743892
0.791739	0.0482703	0.0743729
0.794469	-0.0392399	0.0768219
0.797218	0.152210	0.0758536
0.799987	0.0265797	0.0759227
0.802775	0.0710376	0.0730746
0.805582	0.0591324	0.0719006
0.808409	0.118126	0.0713613
0.811255	0.0899364	0.0717219
0.814120	0.0525311	0.0680293
0.817006	0.228272	0.0651898
0.819911	0.0707714	0.0616962
0.822835	0.0762259	0.0648896
0.825779	0.302323	0.0647149
0.828743	0.105899	0.0644836
0.831727	0.161624	0.0613458
0.834731	0.0813608	0.0619466
0.837754	0.155898	0.0633342
0.840796	0.296310	0.0625897
0.843859	0.0996757	0.0604104
0.846941	0.0239914	0.0599716
0.850043	0.255412	0.0536119
0.853164	0.267492	0.0520691
0.856305	0.223803	0.0498495
0.859465	0.240277	0.0495886
0.862645	0.201873	0.0507532
0.865844	0.203886	0.0486942
0.869063	0.157037	0.0477644
0.872301	0.137756	0.0482463
0.875557	0.183599	0.0487810
0.878833	0.175261	0.0505604
0.882128	0.209031	0.0492597
0.885442	0.211679	0.0503081
0.888775	0.277634	0.0485393
0.892126	0.333425	0.0477735
0.895496	0.215503	0.0468725
0.898884	0.0443711	0.0457906
0.902291	0.270662	0.0429748
0.905716	0.246185	0.0451561
0.909159	0.238439	0.0433721
0.912620	0.190826	0.0436409
0.916098	0.261496	0.0430433
0.919595	0.271528	0.0419792
0.923109	0.361614	0.0404231
0.926640	0.204911	0.0420094
0.930189	0.319335	0.0417496
0.933755	0.329796	0.0434538
0.937338	0.287608	0.0444838
0.940937	0.319110	0.0442020
0.944554	0.280354	0.0426583
0.948187	0.315330	0.0421996
0.951836	0.350553	0.0399223
0.955501	0.300275	0.0374479
0.959182	0.368836	0.0371044
0.962879	0.351386	0.0370481
0.966592	0.355226	0.0376039
0.970320	0.410375	0.0386183
0.974063	0.430058	0.0352571
0.977822	0.435307	0.0353207
0.981595	0.444347	0.0351654
0.985384	0.406217	0.0357543
0.989186	0.438595	0.0353979
0.993003	0.365576	0.0357768
0.996834	0.369918	0.0358591
1.00068	0.379296	0.0346252
1.00454	0.390166	0.0322520
1.00841	0.527815	0.0336678
1.01230	0.449406	0.0324786
1.01620	0.431984	0.0341650
1.02011	0.499748	0.0338236
1.02403	0.478773	0.0348332
1.02797	0.485865	0.0337827
1.03192	0.600001	0.0341256
1.03588	0.535538	0.0341821
1.03985	0.535396	0.0328310
1.04384	0.542045	0.0332770
1.04784	0.564347	0.0304210
1.05185	0.555964	0.0276262
1.05586	0.592174	0.0275341
1.05990	0.662613	0.0257356
1.06394	0.609178	0.0260651
1.06799	0.598323	0.0287561
1.07205	0.587955	0.0302227
1.07612	0.617586	0.0317843
1.08020	0.649340	0.0330131
1.08429	0.724589	0.0299870
1.08840	0.652931	0.0312878
1.09251	0.673886	0.0296647
1.09662	0.575192	0.0292293
1.10075	0.625724	0.0285098
1.10489	0.602525	0.0264624
1.10903	0.584802	0.0240868
1.11319	0.573169	0.0226246
1.11735	0.559965	0.0218675
1.12152	0.628754	0.0218819
1.12569	0.575963	0.0236092
1.12988	0.591774	0.0256815
1.13407	0.576965	0.0260167
1.13827	0.519397	0.0284563
1.14247	0.627872	0.0277839
1.14668	0.626410	0.0271731
1.15090	0.567312	0.0282587
1.15512	0.623668	0.0268408
1.15935	0.656965	0.0272013
1.16359	0.643876	0.0248231
1.16783	0.641978	0.0229135
1.17207	0.605869	0.0206656
1.17632	0.609270	0.0190027
1.18058	0.638024	0.0177802
1.18484	0.679905	0.0174247
1.18910	0.729758	0.0174022
1.19337	0.710091	0.0200137
1.19765	0.656669	0.0217999
1.20192	0.711383	0.0224805
1.20621	0.753099	0.0243126
1.21049	0.728215	0.0238420
1.21478	0.773295	0.0239009
1.21907	0.813308	0.0246403
1.22336	0.790327	0.0236114
1.22766	0.812263	0.0242529
1.23196	0.849011	0.0229133
1.23626	0.829538	0.0214751
1.24057	0.794307	0.0202632
1.24487	0.818843	0.0186856
1.24918	0.847356	0.0188934
1.25349	0.883537	0.0242506
1.25780	0.887250	0.0254175
1.26212	0.926693	0.0343230
1.26643	0.908939	0.0407878
1.27075	0.945873	0.0456083
1.27506	0.981810	0.0443594
1.27938	1.00108	0.0364469
1.28370	0.970629	0.0312589
1.28802	1.00377	0.0270042
1.29233	0.974321	0.0241594
1.29665	0.932179	0.0239950
1.30097	0.913767	0.0225010
1.30529	0.980715	0.0228880
1.30960	0.935276	0.0228149
1.31392	0.949402	0.0214175
1.31824	0.932069	0.0199687
1.32255	0.897664	0.0187209
1.32687	0.883575	0.0174385
1.33118	0.752632	0.0163403
1.33549	0.615626	0.0150576
1.33980	0.525374	0.0145488
1.34411	0.430670	0.0143813
1.34842	0.457847	0.0149403
1.35272	0.377800	0.0162821
1.35703	0.384750	0.0180144
1.36133	0.358041	0.0221118
1.36563	0.372188	0.0280968
1.36992	0.398007	0.0261769
1.37422	0.429922	0.0251528
1.37851	0.436385	0.0259664
1.38280	0.404399	0.0254618
1.38709	0.426668	0.0262503
1.39137	0.420666	0.0241848
1.39565	0.402455	0.0247259
1.39993	0.472744	0.0265564
1.40420	0.389940	0.0284234
1.40847	0.431936	0.0299244
1.41274	0.396495	0.0306846
1.41700	0.410591	0.0288983
1.42126	0.392614	0.0255194
1.42551	0.321264	0.0223614
1.42976	0.378341	0.0221875
1.43401	0.371737	0.0234570
1.43826	0.379751	0.0229617
1.44250	0.386844	0.0225774
1.44673	0.437393	0.0243210
1.45096	0.499225	0.0263893
1.45519	0.485276	0.0291617
1.45941	0.494172	0.0286487
1.46363	0.503017	0.0277455
1.46784	0.487480	0.0262654
1.47205	0.487397	0.0245699
1.47625	0.513555	0.0261894
1.48045	0.527894	0.0263606
1.48464	0.533124	0.0279628
1.48883	0.546067	0.0264508
1.49301	0.552444	0.0235041
1.49719	0.568876	0.0221358
1.50136	0.596601	0.0293893
1.50552	0.624682	0.0315009
1.50968	0.550875	0.0317363
1.51384	0.590092	0.0278772
1.51799	0.669787	0.0240061
1.52213	0.680670	0.0271441
1.52627	0.691202	0.0300824
1.53041	0.720072	0.0314850
1.53453	0.758482	0.0292569
1.53865	0.761254	0.0291164
1.54277	0.788993	0.0256849
1.54688	0.801582	0.0248736
1.55098	0.800448	0.0247710
1.55508	0.857083	0.0246009
1.55917	0.871645	0.0264791
1.56326	0.843334	0.0265299
1.56734	0.848586	0.0250866
1.57141	0.845352	0.0226016
1.57548	0.866685	0.0225385
1.57954	0.912809	0.0305154
1.58359	0.890017	0.0329342
1.58764	0.901272	0.0316139
1.59169	0.886108	0.0265101
1.59572	0.973179	0.0210273
1.59975	0.937023	0.0256232
1.60377	1.02563	0.0278006
1.60779	1.00065	0.0309447
1.61180	0.936989	0.0292721
1.61580	0.925521	0.0281156
1.61980	0.886200	0.0283285
1.62379	0.979417	0.0260447
1.62778	0.987733	0.0240607
1.63175	0.953992	0.0230329
1.63573	0.989015	0.0217768
1.63969	1.00228	0.0232301
1.64365	0.959793	0.0238260
1.64760	1.02309	0.0244430
1.65155	1.05028	0.0236047
1.65549	0.988512	0.0207375
1.65942	0.955829	0.0167015
1.66334	1.01726	0.0209961
1.66726	0.981785	0.0278198
1.67117	0.989242	0.0291564
1.67508	0.989695	0.0281590
1.67898	0.992072	0.0201633
1.68287	1.00201	0.0174511
1.68676	1.00604	0.0227385
1.69064	1.02726	0.0247550
1.69451	1.01975	0.0265405
1.69838	0.960904	0.0270285
1.70224	0.943616	0.0247955
1.70609	0.982969	0.0250707
1.70994	0.973534	0.0232156
1.71378	0.936577	0.0217394
1.71761	0.914257	0.0211729
1.72144	0.903291	0.0195402
1.72526	0.863295	0.0192451
1.72908	0.852115	0.0195411
1.73288	0.813763	0.0197640
1.73669	0.788529	0.0204256
1.74048	0.766649	0.0220604
1.74427	0.732210	0.0212834
1.74805	0.772427	0.0193293
1.75183	0.742990	0.0166319
1.75560	0.721627	0.0141487
1.75936	0.729838	0.0178402
1.76312	0.714239	0.0245922
1.76687	0.652618	0.0261898
1.77061	0.605180	0.0250974
1.77435	0.635923	0.0182772
1.77808	0.596202	0.0152331
1.78181	0.589465	0.0174588
1.78553	0.602733	0.0218114
1.78924	0.542112	0.0211439
1.79295	0.572484	0.0223782
1.79665	0.555552	0.0229055
1.80035	0.540324	0.0230259
1.80404	0.508211	0.0245987
1.80772	0.444382	0.0239303
1.81140	0.514895	0.0231329
1.81507	0.519301	0.0223940
1.81874	0.488512	0.0212907
1.82240	0.506222	0.0209365
1.82605	0.513358	0.0226454
1.82970	0.562710	0.0218723
1.83334	0.525320	0.0204068
1.83698	0.498555	0.0210953
1.84061	0.475795	0.0254306
1.84423	0.484818	0.0279716
1.84785	0.530789	0.0292395
1.85146	0.495949	0.0299407
1.85507	0.442824	0.0274353
1.85867	0.471633	0.0234342
1.86227	0.399587	0.0189553
1.86586	0.442571	0.0185928
1.86944	0.505800	0.0300228
1.87302	0.437493	0.0420966
1.87660	0.518208	0.0384324
1.88017	0.431399	0.0289360
1.88373	0.478279	0.0186388
1.88729	0.479402	0.0171632
1.89084	0.497383	0.0167276
1.89439	0.511180	0.0169279
1.89793	0.523849	0.0171334
1.90147	0.488839	0.0201872
1.90500	0.514175	0.0218448
1.90852	0.548962	0.0211638
1.91204	0.511732	0.0185950
1.91556	0.560725	0.0193095
1.91907	0.551111	0.0219830
1.92258	0.574350	0.0246557
1.92608	0.503563	0.0230302
1.92957	0.523946	0.0209699
1.93306	0.482011	0.0173916
1.93655	0.486170	0.0171183
1.94003	0.474443	0.0163392
1.94350	0.488798	0.0147668
1.94697	0.478366	0.0140003
1.95044	0.490422	0.0154615
1.95390	0.475974	0.0181662
1.95735	0.486190	0.0198905
1.96080	0.437394	0.0200183
1.96425	0.482059	0.0196135
1.96769	0.504446	0.0200116
1.97112	0.477542	0.0197145
1.97455	0.460819	0.0191449
1.97798	0.487282	0.0170146
1.98140	0.472536	0.0152139
1.98482	0.481030	0.0123124
1.98823	0.501184	0.0116098
1.99164	0.503309	0.0112318
1.99504	0.494026	0.0152830
1.99844	0.507105	0.0238947
2.00183	0.596641	0.0319777
2.00522	0.517295	0.0358699
2.00860	0.478889	0.0271883
2.01198	0.537744	0.0201575
2.01536	0.509018	0.0195477
2.01873	0.526478	0.0180457
2.02209	0.544176	0.0188284
2.02545	0.561105	0.0196194
2.02881	0.544175	0.0190798
2.03216	0.512727	0.0185279
2.03551	0.576802	0.0171456
2.03885	0.595241	0.0194510
2.04219	0.614931	0.0183708
2.04552	0.584861	0.0185713
2.04885	0.617032	0.0159006
2.05218	0.611877	0.0191666
2.05549	0.592477	0.0227352
2.05881	0.591491	0.0200212
2.06212	0.667313	0.0166810
2.06543	0.649487	0.0128541
2.06873	0.648934	0.0151520
2.07203	0.656333	0.0159642
2.07532	0.656488	0.0151210
2.07861	0.650706	0.0133498
2.08189	0.635998	0.0118207
2.08517	0.689485	0.0129149
2.08844	0.646209	0.0132392
2.09171	0.679778	0.0127728
2.09498	0.672739	0.0118293
2.09824	0.699851	0.0107143
2.10150	0.699654	0.0111025
2.10475	0.673083	0.0123719
2.10800	0.679575	0.0136510
2.11124	0.690112	0.0140888
2.11448	0.702419	0.0143591
2.11771	0.694590	0.0139477
2.12094	0.702486	0.0144399
2.12417	0.718465	0.0142423
2.12739	0.690303	0.0136347
2.13060	0.712574	0.0130677
2.13381	0.702291	0.0117753
2.13702	0.726112	0.0113557
2.14022	0.701087	0.0105013
2.14342	0.724065	0.0104024
2.14661	0.721100	0.0135362
2.14980	0.728344	0.0169971
2.15298	0.680916	0.0180727
2.15616	0.732305	0.0173343
2.15933	0.714532	0.0138061
2.16250	0.706466	0.0116541
2.16566	0.710413	0.0111969
2.16882	0.719865	0.0119188
2.17198	0.702210	0.0119761
2.17513	0.700410	0.0128912
2.17827	0.698987	0.0149365
2.18141	0.662530	0.0151742
2.18455	0.717154	0.0155899
2.18768	0.693202	0.0138348
2.19080	0.678326	0.0138011
2.19392	0.663208	0.0159711
2.19704	0.703615	0.0159023
2.20015	0.676563	0.0160887
2.20326	0.700817	0.0145761
2.20636	0.689393	0.0137113
2.20945	0.686172	0.0152527
2.21254	0.681480	0.0156134
2.21563	0.647640	0.0151339
2.21871	0.663046	0.0141867
2.22179	0.652556	0.0126990
2.22486	0.660996	0.0130121
2.22792	0.654871	0.0140929
2.23099	0.656211	0.0149419
2.23404	0.661374	0.0146573
2.23709	0.683776	0.0140723
2.24014	0.652622	0.0125143
2.24318	0.641737	0.0125184
2.24621	0.626776	0.0127722
2.24924	0.626310	0.0135784
2.25227	0.638692	0.0137665
2.25529	0.642014	0.0134050
2.25831	0.643880	0.0130268
2.26131	0.643846	0.0126946
2.26432	0.621053	0.0126686
2.26732	0.631077	0.0130525
2.27031	0.635569	0.0131708
2.27330	0.642847	0.0135252
2.27629	0.648777	0.0141567
2.27926	0.602761	0.0132230
2.28224	0.609343	0.0128429
2.28521	0.614833	0.0127902
2.28817	0.607810	0.0129206
2.29113	0.593230	0.0130831
2.29408	0.592905	0.0133690
2.29703	0.532310	0.0136876
2.29997	0.498012	0.0136399
2.30291	0.521451	0.0137923
2.30584	0.521242	0.0135646
2.30877	0.509455	0.0132998
2.31169	0.511319	0.0131251
2.31460	0.528474	0.0134549
2.31752	0.500311	0.0139959
2.32042	0.515055	0.0149334
2.32332	0.497645	0.0144129
2.32622	0.501077	0.0138636
2.32911	0.477831	0.0138125
2.33200	0.491750	0.0139353
2.33488	0.497891	0.0140181
2.33776	0.481308	0.0142936
2.34063	0.506420	0.0145661
2.34349	0.516588	0.0148755
2.34636	0.492995	0.0152227
2.34921	0.501881	0.0156063
2.35207	0.509042	0.0158617
2.35491	0.517808	0.0160693
2.35776	0.470832	0.0156884
2.36060	0.514108	0.0153796
2.36343	0.502745	0.0151496
2.36626	0.463687	0.0155252
2.36908	0.500101	0.0169020
2.37191	0.510347	0.0175996
2.37472	0.488342	0.0175357
2.37753	0.518467	0.0166564
2.38034	0.486198	0.0162921
2.38315	0.468997	0.0172507
2.38595	0.471646	0.0193060
2.38874	0.472059	0.0191418
2.39154	0.485898	0.0176672
2.39433	0.472847	0.0167841
2.39711	0.497465	0.0165199
2.39989	0.479815	0.0165055
2.40267	0.486715	0.0165655
2.40545	0.498214	0.0168668
2.40822	0.451520	0.0168552
2.41099	0.450697	0.0170722
2.41376	0.448297	0.0176191
2.41652	0.438619	0.0183288
2.41928	0.454199	0.0185223
2.42204	0.454466	0.0181861
2.42480	0.441488	0.0175378
2.42755	0.460022	0.0173627
2.43031	0.426345	0.0178780
2.43306	0.423739	0.0194337
2.43581	0.430319	0.0200719
2.43856	0.454846	0.0204758
2.44130	0.433881	0.0188718
2.44405	0.433823	0.0196599
2.44679	0.432881	0.0209972
2.44954	0.388833	0.0220567
2.45228	0.384791	0.0214163
2.45503	0.381890	0.0209285
2.45777	0.397961	0.0195345
2.46051	0.398623	0.0202666
2.46326	0.373219	0.0217460
2.46600	0.409625	0.0234801
2.46875	0.294264	0.0203422
2.47150	0.365685	0.0244752
2.47424	0.341920	0.0239561
2.47699	0.384606	0.0230966
2.47975	0.394575	0.0235819
2.48250	0.380866	0.0259610
2.48526	0.396413	0.0283336
2.48802	0.340204	0.0288265
2.49078	0.295715	0.0291859
2.49355	0.331518	0.0295577
2.49632	0.293524	0.0280004
2.49910	0.352381	0.0271058
2.50188	0.306051	0.0272978
2.50466	0.375655	0.0295215
2.50746	0.310936	0.0316909
2.51025	0.351440	0.0330533
2.51305	0.311233	0.0359940
2.51586	0.282914	0.0426762
2.51868	0.379574	0.0425745
2.52150	0.352166	0.0422468
2.52433	0.297392	0.0410211
2.52717	0.377928	0.0455638
2.53002	0.300118	0.0568278
2.53288	0.316662	0.0671894
2.53575	0.316566	0.0748685
2.53862	0.212960	0.0708602
2.54151	0.297205	0.0674559
2.54441	0.317949	0.0777048
2.54732	0.367823	0.0965556
2.55024	0.416113	0.118441
2.55318	0.516642	0.116380
2.55613	0.0480185	0.100859
2.55909	0.242612	0.0785052
2.56206	0.403512	0.0839051
