#  ----------------------------------------------------------------------------------
# SpeX prism spectrum of 2MASS J13313310+3407583 (J13313310+3407583)
# Originally observed on 2007 Jul 04
# Average resolution = 120
# Originally published in Kirkpatrick et al. (2010) ApJS, 190, 100
#
# PLEASE CITE THE ORIGINAL DATA REFERENCE WHEN PUBLISHING OR PRESENTING THESE DATA
#
# Optical spectral type: L0
# Near infrared spectral type: L1pec
# J magnitude = 14.168
# H magnitude = 13.333
# Ks magnitude = 12.868
#
#  Wavelength (micron)   F_lambda (normalized)  Noise (normalized as F_lambda)
#  ----------------------------------------------------------------------------------
0.650996	0.139878	0.242328
0.653211	0.201517	0.232188
0.655415	0.0837603	0.203290
0.657609	0.0504691	0.188190
0.659795	0.00543455	0.173424
0.661972	0.422120	0.180263
0.664143	0.0192065	0.171838
0.666308	-0.184690	0.175702
0.668467	-0.163855	0.165871
0.670623	0.0313242	0.168058
0.672775	0.356280	0.157218
0.674925	0.0646351	0.155322
0.677072	0.00825974	0.151618
0.679219	0.255462	0.145154
0.681366	0.0853899	0.139934
0.683514	0.0265712	0.140408
0.685662	0.238254	0.139072
0.687813	0.245817	0.137990
0.689967	0.166335	0.132903
0.692124	-0.0829545	0.126987
0.694286	0.329617	0.113389
0.696452	0.111835	0.108225
0.698623	0.103090	0.0998306
0.700801	-0.00940081	0.0946077
0.702985	-0.0662879	0.0777360
0.705177	0.000465940	0.00547633
0.707376	-0.000412702	0.0241566
0.709584	0.00904791	0.00479370
0.711800	-0.000730308	0.000625830
0.714026	0.00831569	0.0300412
0.716262	-0.00710853	0.0455151
0.718508	0.107492	0.0558670
0.720765	-0.0163017	0.0569188
0.723034	0.0191634	0.0529553
0.725314	0.0765396	0.0601719
0.727606	0.104513	0.0588728
0.729911	0.0772717	0.0575140
0.732229	0.0371334	0.0573661
0.734561	-0.0239033	0.0546656
0.736906	0.0145111	0.0556145
0.739265	0.0798133	0.0550453
0.741639	0.0814359	0.0553626
0.744027	-0.00297502	0.0531391
0.746431	0.116291	0.0538028
0.748850	0.119728	0.0490144
0.751285	0.138858	0.0497571
0.753736	0.138312	0.0466845
0.756203	0.0981250	0.0512984
0.758687	0.0647005	0.0545159
0.761187	0.158893	0.0613699
0.763704	0.159857	0.0580903
0.766239	0.0416243	0.0529740
0.768791	0.0224377	0.0453191
0.771361	-0.0383094	0.0436881
0.773949	0.0847613	0.0387876
0.776554	0.0534476	0.0407821
0.779178	0.134328	0.0386668
0.781820	0.117061	0.0390554
0.784481	0.0660046	0.0369562
0.787161	0.122694	0.0377678
0.789859	0.0713396	0.0358560
0.792576	0.101690	0.0364984
0.795312	0.0922071	0.0345611
0.798067	0.172842	0.0348453
0.800842	0.0962500	0.0340320
0.803636	0.120998	0.0342088
0.806449	0.146987	0.0327004
0.809281	0.130503	0.0319575
0.812133	0.238012	0.0312773
0.815005	0.189333	0.0325120
0.817896	0.242562	0.0307078
0.820807	0.206814	0.0322505
0.823738	0.278529	0.0300714
0.826688	0.271556	0.0303506
0.829658	0.208435	0.0296668
0.832648	0.237547	0.0298992
0.835658	0.264582	0.0295026
0.838687	0.267722	0.0303183
0.841736	0.229092	0.0274625
0.844804	0.165714	0.0275522
0.847892	0.234006	0.0262234
0.851000	0.181543	0.0261591
0.854128	0.172351	0.0245297
0.857274	0.171995	0.0251823
0.860441	0.232596	0.0235985
0.863627	0.176721	0.0247120
0.866832	0.198178	0.0231671
0.870056	0.191569	0.0235121
0.873300	0.237436	0.0230708
0.876562	0.217523	0.0232587
0.879844	0.198737	0.0233397
0.883145	0.254734	0.0236879
0.886464	0.293033	0.0230199
0.889803	0.272016	0.0218788
0.893160	0.288335	0.0208952
0.896535	0.301017	0.0216255
0.899929	0.330698	0.0201066
0.903342	0.366497	0.0204627
0.906772	0.331699	0.0210844
0.910221	0.416649	0.0235714
0.913687	0.423565	0.0213358
0.917171	0.456355	0.0211365
0.920673	0.453226	0.0196600
0.924192	0.436975	0.0195892
0.927729	0.483977	0.0210393
0.931283	0.473488	0.0231215
0.934854	0.488051	0.0244401
0.938442	0.493197	0.0244497
0.942047	0.531731	0.0226099
0.945669	0.550687	0.0230675
0.949306	0.561932	0.0215689
0.952961	0.564693	0.0210896
0.956631	0.578870	0.0191442
0.960317	0.552887	0.0187707
0.964019	0.554368	0.0178964
0.967736	0.586581	0.0177599
0.971469	0.576512	0.0170687
0.975217	0.630154	0.0172427
0.978980	0.630715	0.0165179
0.982758	0.652460	0.0166006
0.986551	0.621474	0.0164124
0.990358	0.544729	0.0161594
0.994179	0.511021	0.0158916
0.998015	0.483162	0.0159045
1.00186	0.503353	0.0152138
1.00573	0.514549	0.0150606
1.00960	0.606300	0.0143354
1.01349	0.581405	0.0149829
1.01740	0.604225	0.0149733
1.02131	0.598750	0.0146763
1.02524	0.604637	0.0150963
1.02918	0.593394	0.0149414
1.03314	0.641672	0.0149443
1.03710	0.666348	0.0151268
1.04108	0.681278	0.0144888
1.04507	0.689750	0.0143724
1.04907	0.686080	0.0137778
1.05308	0.670408	0.0126247
1.05710	0.663550	0.0117945
1.06114	0.656410	0.0116057
1.06518	0.686234	0.0116649
1.06924	0.713520	0.0123561
1.07330	0.738500	0.0124946
1.07738	0.762121	0.0134689
1.08146	0.814685	0.0135185
1.08555	0.864629	0.0134404
1.08966	0.856564	0.0134990
1.09377	0.878078	0.0131060
1.09789	0.883425	0.0129435
1.10202	0.893817	0.0129504
1.10616	0.896536	0.0123214
1.11031	0.907832	0.0121956
1.11446	0.903802	0.0120545
1.11863	0.910234	0.0128719
1.12280	0.908008	0.0128438
1.12698	0.949754	0.0136078
1.13116	0.914442	0.0136873
1.13536	0.855734	0.0133372
1.13956	0.819172	0.0140283
1.14376	0.827785	0.0132972
1.14798	0.897738	0.0134659
1.15220	0.967666	0.0132988
1.15642	0.968659	0.0124628
1.16065	0.954615	0.0120749
1.16489	0.912951	0.0111149
1.16913	0.893053	0.0102488
1.17338	0.849518	0.00946511
1.17763	0.844987	0.00904650
1.18189	0.848223	0.00856567
1.18615	0.850996	0.00834578
1.19042	0.849933	0.00830321
1.19469	0.806328	0.00904472
1.19896	0.788216	0.00980462
1.20324	0.780113	0.0101863
1.20752	0.817910	0.0107275
1.21181	0.861524	0.0105379
1.21610	0.890622	0.0108809
1.22039	0.905844	0.0112340
1.22468	0.957447	0.0105195
1.22898	0.956837	0.0105637
1.23328	0.934318	0.0101610
1.23759	0.898643	0.00954731
1.24189	0.853834	0.00890720
1.24620	0.832648	0.00853721
1.25051	0.840346	0.00835200
1.25482	0.894035	0.00870419
1.25913	0.911344	0.00943541
1.26344	0.972937	0.0119681
1.26776	0.998958	0.0132056
1.27207	1.02482	0.0144680
1.27639	0.986751	0.0142197
1.28071	0.976285	0.0122450
1.28502	0.960301	0.0117342
1.28934	0.971068	0.0118951
1.29366	0.977701	0.0104859
1.29798	1.01019	0.0105551
1.30230	1.00894	0.0101495
1.30661	1.01163	0.0103670
1.31093	1.02639	0.0102990
1.31525	1.00772	0.00983908
1.31956	1.03500	0.00946433
1.32388	1.01478	0.00893335
1.32819	0.975175	0.00857162
1.33251	0.918792	0.00803130
1.33682	0.821351	0.00771847
1.34113	0.773322	0.00775604
1.34544	0.783219	0.00833039
1.34974	0.774128	0.0101274
1.35405	0.802774	0.0130909
1.35835	0.815051	0.0192743
1.36265	0.774024	0.0257748
1.36695	0.771465	0.0289968
1.37124	0.721955	0.0241010
1.37554	0.699004	0.0223368
1.37983	0.732464	0.0217097
1.38412	0.772289	0.0210718
1.38840	0.766345	0.0210251
1.39268	0.759908	0.0189598
1.39696	0.723347	0.0194462
1.40124	0.710496	0.0204948
1.40551	0.648538	0.0197181
1.40978	0.644528	0.0185638
1.41405	0.676898	0.0173068
1.41831	0.629889	0.0152556
1.42257	0.651585	0.0131649
1.42682	0.645648	0.0115069
1.43107	0.646221	0.0114289
1.43532	0.633781	0.0114862
1.43956	0.640311	0.0107657
1.44380	0.629416	0.0102122
1.44803	0.608182	0.0112928
1.45226	0.624909	0.0118270
1.45649	0.638375	0.0121979
1.46071	0.641522	0.0116291
1.46492	0.656363	0.0115396
1.46913	0.631399	0.0110410
1.47334	0.645126	0.0107359
1.47754	0.644297	0.0110836
1.48173	0.629767	0.0108751
1.48593	0.638035	0.0113656
1.49011	0.659411	0.0104933
1.49429	0.645167	0.00925069
1.49847	0.659325	0.00912017
1.50264	0.695277	0.0116481
1.50680	0.683126	0.0122756
1.51096	0.690453	0.0120380
1.51512	0.689251	0.0101148
1.51926	0.715968	0.0115588
1.52341	0.685005	0.0103681
1.52754	0.710704	0.0113272
1.53168	0.737849	0.0116148
1.53580	0.729574	0.0109176
1.53992	0.746909	0.0110042
1.54403	0.751177	0.00975827
1.54814	0.748577	0.00951782
1.55224	0.758321	0.00944412
1.55634	0.763659	0.00952978
1.56043	0.767255	0.0100877
1.56451	0.777033	0.0100955
1.56859	0.759089	0.00952023
1.57266	0.770206	0.00885515
1.57673	0.781453	0.00916442
1.58079	0.772051	0.0117961
1.58484	0.763898	0.0121890
1.58889	0.712436	0.0118850
1.59293	0.745616	0.00985737
1.59696	0.769307	0.00861084
1.60099	0.782814	0.0102094
1.60501	0.777160	0.0109620
1.60902	0.734368	0.0118776
1.61303	0.736892	0.0110246
1.61703	0.749043	0.0107953
1.62103	0.735987	0.0107433
1.62502	0.750947	0.00951432
1.62900	0.751859	0.00945192
1.63298	0.756575	0.00899171
1.63695	0.734460	0.00860996
1.64091	0.729492	0.00897301
1.64487	0.749966	0.00930714
1.64881	0.751700	0.00960970
1.65276	0.793848	0.00928057
1.65669	0.785116	0.00820959
1.66062	0.788028	0.00707034
1.66455	0.786744	0.00967445
1.66847	0.792099	0.0110953
1.67238	0.767755	0.0113408
1.67628	0.782335	0.0105835
1.68018	0.762658	0.00783604
1.68407	0.752542	0.00738230
1.68795	0.766216	0.00910940
1.69183	0.774841	0.00976706
1.69570	0.772484	0.0104630
1.69957	0.781271	0.0104501
1.70342	0.767436	0.0101958
1.70727	0.780680	0.0100459
1.71112	0.777454	0.00923923
1.71496	0.769646	0.00887294
1.71879	0.753257	0.00863458
1.72262	0.720733	0.00809932
1.72643	0.723045	0.00803741
1.73025	0.709892	0.00817280
1.73405	0.696866	0.00820825
1.73785	0.681322	0.00847510
1.74165	0.655652	0.00901091
1.74543	0.681199	0.00883848
1.74921	0.669411	0.00813786
1.75299	0.646702	0.00734333
1.75676	0.628481	0.00639422
1.76052	0.626517	0.00816662
1.76427	0.624316	0.0103400
1.76802	0.608942	0.0107164
1.77176	0.598517	0.0103217
1.77550	0.580818	0.00768778
1.77923	0.589996	0.00676905
1.78295	0.566334	0.00807727
1.78667	0.571971	0.00934561
1.79038	0.565629	0.0102742
1.79409	0.560056	0.0102853
1.79779	0.562078	0.0107080
1.80148	0.558322	0.0116526
1.80517	0.543412	0.0128776
1.80885	0.533606	0.0125419
1.81253	0.551919	0.0126786
1.81620	0.577363	0.0132546
1.81986	0.527772	0.0126682
1.82352	0.551429	0.0136279
1.82717	0.556546	0.0154801
1.83082	0.633177	0.0181865
1.83446	0.598740	0.0268246
1.83809	0.565912	0.0254693
1.84172	0.550401	0.0292572
1.84534	0.489862	0.0272006
1.84896	0.481681	0.0260556
1.85257	0.480746	0.0285915
1.85618	0.445335	0.0250944
1.85978	0.448461	0.0211875
1.86337	0.481260	0.0192417
1.86696	0.487349	0.0223625
1.87055	0.535354	0.0337463
1.87412	0.434058	0.0383072
1.87770	0.407459	0.0255192
1.88126	0.446889	0.0176731
1.88482	0.490475	0.0135723
1.88838	0.533999	0.0140319
1.89193	0.501309	0.0133747
1.89548	0.550265	0.0158134
1.89902	0.519401	0.0176622
1.90255	0.541532	0.0212892
1.90608	0.505301	0.0210336
1.90961	0.497840	0.0200624
1.91313	0.525400	0.0164624
1.91664	0.497545	0.0158066
1.92015	0.509028	0.0154246
1.92365	0.520052	0.0159019
1.92715	0.485097	0.0149422
1.93064	0.502648	0.0134040
1.93413	0.467864	0.0111112
1.93762	0.465591	0.0101419
1.94109	0.464650	0.00921914
1.94457	0.432186	0.00822207
1.94804	0.420054	0.00840074
1.95150	0.429564	0.00991232
1.95496	0.456052	0.0109700
1.95841	0.460958	0.0112868
1.96186	0.460746	0.0106414
1.96531	0.472763	0.0101270
1.96874	0.435011	0.00950574
1.97218	0.427252	0.00953436
1.97561	0.412109	0.00880267
1.97903	0.417030	0.00781941
1.98245	0.390372	0.00701847
1.98587	0.401142	0.00602184
1.98928	0.404794	0.00580337
1.99268	0.410536	0.00596177
1.99609	0.432305	0.00845975
1.99948	0.455501	0.0126340
2.00287	0.496118	0.0170880
2.00626	0.435063	0.0179380
2.00964	0.402376	0.0134772
2.01302	0.430720	0.0109679
2.01639	0.416525	0.0102914
2.01976	0.416861	0.00895398
2.02313	0.403357	0.00890276
2.02649	0.412856	0.00871507
2.02984	0.419123	0.00843758
2.03319	0.420417	0.00803112
2.03654	0.403514	0.00777764
2.03988	0.433736	0.00840503
2.04321	0.427810	0.00816049
2.04655	0.425902	0.00831404
2.04987	0.442321	0.00758613
2.05320	0.435223	0.00937737
2.05651	0.449794	0.00972688
2.05983	0.432704	0.00917728
2.06314	0.431844	0.00777771
2.06644	0.441774	0.00672794
2.06974	0.434092	0.00756387
2.07304	0.440866	0.00758491
2.07633	0.436932	0.00708596
2.07962	0.441379	0.00634443
2.08290	0.440926	0.00591090
2.08618	0.435428	0.00667219
2.08945	0.444523	0.00645466
2.09272	0.454886	0.00615557
2.09598	0.445185	0.00572906
2.09924	0.453896	0.00543370
2.10250	0.455289	0.00564608
2.10575	0.462686	0.00616697
2.10899	0.455353	0.00679090
2.11224	0.461086	0.00669089
2.11547	0.460599	0.00680063
2.11870	0.462335	0.00657864
2.12193	0.463491	0.00683612
2.12516	0.461633	0.00664803
2.12837	0.460717	0.00649105
2.13159	0.478765	0.00628224
2.13480	0.468526	0.00588646
2.13800	0.476321	0.00572900
2.14120	0.479008	0.00545019
2.14440	0.472464	0.00546002
2.14759	0.477720	0.00665056
2.15077	0.487419	0.00789484
2.15396	0.485974	0.00832212
2.15713	0.489392	0.00787578
2.16030	0.486851	0.00660882
2.16347	0.488904	0.00608796
2.16663	0.487007	0.00601640
2.16979	0.488692	0.00621007
2.17294	0.483929	0.00615911
2.17609	0.480270	0.00655770
2.17924	0.480012	0.00710667
2.18238	0.491538	0.00730139
2.18551	0.484139	0.00742356
2.18864	0.483256	0.00669460
2.19176	0.486971	0.00696202
2.19488	0.498355	0.00748143
2.19800	0.475137	0.00762204
2.20110	0.485375	0.00775205
2.20421	0.461167	0.00707743
2.20731	0.455775	0.00676204
2.21040	0.455467	0.00730900
2.21349	0.473447	0.00731066
2.21658	0.463538	0.00718656
2.21966	0.475882	0.00675650
2.22273	0.475356	0.00636016
2.22580	0.468918	0.00651223
2.22887	0.476470	0.00701442
2.23193	0.477120	0.00739334
2.23498	0.473536	0.00730206
2.23803	0.477352	0.00693253
2.24107	0.479425	0.00646849
2.24411	0.475789	0.00655306
2.24715	0.473869	0.00667560
2.25017	0.476499	0.00695657
2.25320	0.472018	0.00699556
2.25622	0.479636	0.00703174
2.25923	0.475531	0.00691627
2.26224	0.461481	0.00673758
2.26524	0.460996	0.00685019
2.26824	0.459776	0.00695163
2.27123	0.454635	0.00702094
2.27422	0.447026	0.00718663
2.27720	0.466515	0.00712746
2.28018	0.444189	0.00700493
2.28315	0.454160	0.00696078
2.28612	0.445834	0.00694753
2.28908	0.466866	0.00707824
2.29204	0.436142	0.00710297
2.29499	0.404428	0.00726111
2.29793	0.377461	0.00738055
2.30087	0.379076	0.00739575
2.30381	0.377123	0.00735324
2.30674	0.388298	0.00722863
2.30966	0.388482	0.00715039
2.31259	0.384779	0.00704280
2.31550	0.392612	0.00740854
2.31841	0.379267	0.00773736
2.32132	0.370553	0.00793776
2.32421	0.361457	0.00759680
2.32711	0.339786	0.00744099
2.33000	0.351075	0.00740671
2.33288	0.338416	0.00742877
2.33576	0.350047	0.00765599
2.33864	0.368062	0.00814522
2.34151	0.359620	0.00868720
2.34437	0.364488	0.00885579
2.34723	0.345304	0.00897872
2.35009	0.357440	0.00930519
2.35294	0.332304	0.00937150
2.35579	0.329219	0.00901453
2.35863	0.331823	0.00856356
2.36147	0.336895	0.00830908
2.36430	0.341840	0.00891713
2.36713	0.337676	0.00882865
2.36995	0.345621	0.00977976
2.37277	0.319500	0.0100440
2.37559	0.325873	0.0100030
2.37840	0.330650	0.00943467
2.38120	0.325417	0.00956644
2.38401	0.317642	0.00962709
2.38681	0.319566	0.00988536
2.38960	0.306444	0.00991107
2.39239	0.307435	0.00962955
2.39518	0.293904	0.00951644
2.39797	0.312336	0.00952823
2.40075	0.305077	0.00953377
2.40353	0.300580	0.00984720
2.40630	0.294861	0.0101112
2.40907	0.308086	0.0103455
2.41184	0.303571	0.0107344
2.41461	0.264586	0.0115878
2.41737	0.299365	0.0123882
2.42013	0.289169	0.0124740
2.42289	0.273151	0.0118147
2.42565	0.274922	0.0112770
2.42840	0.279061	0.0107650
2.43115	0.278617	0.0118288
2.43390	0.263871	0.0136499
2.43665	0.240446	0.0135663
2.43940	0.274610	0.0126098
2.44215	0.254314	0.0115140
2.44489	0.253284	0.0132050
2.44764	0.266747	0.0152892
2.45038	0.256923	0.0160910
2.45312	0.232896	0.0145826
2.45587	0.249019	0.0127750
2.45861	0.242446	0.0118049
2.46136	0.252153	0.0123245
2.46410	0.226644	0.0143752
2.46685	0.245852	0.0137815
2.46959	0.235883	0.0153624
2.47234	0.227225	0.0170993
2.47509	0.222488	0.0168425
2.47784	0.254758	0.0166838
2.48059	0.204406	0.0180970
2.48335	0.205574	0.0215682
2.48611	0.260344	0.0244310
2.48887	0.187014	0.0246236
2.49163	0.196135	0.0266624
2.49440	0.242138	0.0252933
2.49718	0.206998	0.0228975
2.49995	0.241855	0.0211120
2.50274	0.228596	0.0228824
2.50552	0.229869	0.0256183
2.50831	0.237148	0.0292429
2.51111	0.254766	0.0310192
2.51392	0.309724	0.0398427
2.51673	0.266949	0.0474995
2.51955	0.237404	0.0466134
2.52237	0.200919	0.0429089
2.52521	0.188875	0.0452228
2.52805	0.203529	0.0586397
2.53090	0.260946	0.0872244
2.53376	0.103017	0.112476
2.53663	0.342734	0.129506
2.53951	0.277454	0.108432
2.54240	0.344607	0.121080
2.54530	0.263485	0.153253
2.54822	0.0802340	0.257005
2.55114	0.457163	0.325003
2.55408	0.184946	0.319165
2.55703	0.00999447	0.190686
2.56000	0.147374	0.136421
