#  ----------------------------------------------------------------------------------
# SpeX prism spectrum of 2MASS J02271036-1624479 (J02271036-1624479)
# Originally observed on 2007 Sep 16
# Average resolution = 120
# Originally published in Burgasser et al. (2008) ApJ, 681, 579
#
# PLEASE CITE THE ORIGINAL DATA REFERENCE WHEN PUBLISHING OR PRESENTING THESE DATA
#
# Optical spectral type: L1
# J magnitude = 13.573
# H magnitude = 12.63
# Ks magnitude = 12.143
#
#  Wavelength (micron)   F_lambda (normalized)  Noise (normalized as F_lambda)
#  ----------------------------------------------------------------------------------
0.647559	0.0555067	0.0629102
0.649793	0.0879335	0.0585578
0.652014	0.130833	0.0573003
0.654224	-0.157840	0.0586384
0.656424	-0.0726464	0.0551456
0.658614	0.152686	0.0541384
0.660796	0.0371028	0.0488297
0.662970	0.0592112	0.0474615
0.665138	0.148033	0.0426872
0.667300	0.0796673	0.0455047
0.669458	-0.0216105	0.0416355
0.671612	0.0620205	0.0395540
0.673762	0.0578292	0.0407437
0.675911	0.0136622	0.0374063
0.678058	0.0618701	0.0373711
0.680205	0.127031	0.0356756
0.682352	0.0524126	0.0348261
0.684500	-0.00574451	0.0331694
0.686650	0.0764219	0.0326188
0.688802	0.0799901	0.0317252
0.690957	0.0676627	0.0304076
0.693116	0.0954428	0.0279220
0.695280	0.0575259	0.0263060
0.697448	0.0765909	0.0267063
0.699623	0.0520995	0.0235838
0.701803	0.0608031	0.0210107
0.703991	0.0841586	0.0182469
0.706186	0.0921507	0.0169736
0.708389	0.0860966	0.0173522
0.710600	0.0810806	0.0223334
0.712821	0.0307944	0.0232670
0.715052	0.0633968	0.0237189
0.717292	0.0452036	0.0222059
0.719543	0.0421977	0.0221160
0.721806	0.110535	0.0208152
0.724079	0.0229658	0.0198515
0.726365	0.0577957	0.0192547
0.728663	0.0854294	0.0190442
0.730974	0.105983	0.0181592
0.733298	0.0701611	0.0175175
0.735636	0.0929046	0.0165057
0.737988	0.0687880	0.0163299
0.740353	0.0797172	0.0159129
0.742734	0.107160	0.0148392
0.745129	0.107558	0.0139193
0.747540	0.0702546	0.0140449
0.749966	0.103561	0.0135209
0.752409	0.0777737	0.0135809
0.754867	0.0650019	0.0135715
0.757341	0.0850884	0.0146769
0.759833	0.0822467	0.0145109
0.762341	0.0317099	0.0143285
0.764866	0.0729251	0.0140192
0.767409	0.0452637	0.0135054
0.769969	0.0645827	0.0123212
0.772547	0.0497304	0.0115444
0.775143	0.0669824	0.0107088
0.777757	0.0895937	0.0111152
0.780389	0.0850867	0.0105200
0.783040	0.102398	0.0104950
0.785709	0.0904475	0.0103316
0.788397	0.0936591	0.0104997
0.791104	0.118003	0.0103432
0.793830	0.0957490	0.0112115
0.796575	0.121465	0.0101192
0.799339	0.120428	0.00992759
0.802122	0.118738	0.00972710
0.804925	0.150607	0.00962525
0.807747	0.162444	0.00927116
0.810589	0.186344	0.00955556
0.813450	0.183888	0.00931149
0.816330	0.210156	0.00951826
0.819231	0.237958	0.00942334
0.822151	0.216662	0.00935017
0.825090	0.228101	0.00933437
0.828050	0.247241	0.00923153
0.831029	0.228703	0.00912936
0.834028	0.256319	0.00911758
0.837046	0.260377	0.00895794
0.840084	0.224498	0.00884468
0.843142	0.239101	0.00851860
0.846220	0.210518	0.00832801
0.849317	0.217136	0.00799745
0.852434	0.215167	0.00783534
0.855570	0.194283	0.00772302
0.858726	0.201881	0.00769629
0.861901	0.184523	0.00740267
0.865096	0.171396	0.00740849
0.868310	0.191599	0.00739735
0.871543	0.195164	0.00744490
0.874796	0.214432	0.00746270
0.878067	0.226888	0.00753388
0.881358	0.261000	0.00747752
0.884667	0.245136	0.00755477
0.887995	0.248193	0.00754437
0.891342	0.272478	0.00759627
0.894708	0.298748	0.00730301
0.898092	0.300192	0.00718018
0.901494	0.332099	0.00711464
0.904915	0.338949	0.00699992
0.908353	0.361650	0.00682489
0.911810	0.382452	0.00681364
0.915285	0.401518	0.00672543
0.918777	0.402039	0.00666458
0.922287	0.431484	0.00692819
0.925815	0.428382	0.00739138
0.929359	0.417945	0.00856206
0.932921	0.435390	0.00797415
0.936500	0.466181	0.00800059
0.940096	0.451188	0.00813399
0.943708	0.495708	0.00792136
0.947337	0.490522	0.00761154
0.950983	0.520596	0.00728605
0.954644	0.521339	0.00712706
0.958322	0.514949	0.00673854
0.962015	0.545405	0.00659754
0.965724	0.543752	0.00634321
0.969449	0.539114	0.00622941
0.973188	0.578155	0.00626241
0.976943	0.590972	0.00605983
0.980713	0.578348	0.00596952
0.984498	0.556662	0.00601911
0.988297	0.545214	0.00605480
0.992111	0.527639	0.00608598
0.995939	0.517878	0.00599757
0.999781	0.502993	0.00595906
1.00364	0.509887	0.00592053
1.00751	0.532135	0.00596426
1.01139	0.565986	0.00601100
1.01528	0.567402	0.00591795
1.01919	0.600182	0.00605526
1.02312	0.597043	0.00600000
1.02705	0.611916	0.00593845
1.03100	0.620345	0.00590584
1.03496	0.636856	0.00591349
1.03893	0.644866	0.00571927
1.04291	0.660543	0.00553185
1.04690	0.657553	0.00529418
1.05091	0.655187	0.00508543
1.05493	0.645007	0.00481727
1.05895	0.641597	0.00475490
1.06299	0.647369	0.00483209
1.06704	0.671606	0.00493242
1.07110	0.693427	0.00509259
1.07517	0.738573	0.00539962
1.07925	0.760860	0.00547861
1.08334	0.804428	0.00563260
1.08744	0.817431	0.00553217
1.09155	0.844543	0.00558979
1.09566	0.848891	0.00556298
1.09979	0.866509	0.00541072
1.10392	0.871359	0.00538047
1.10807	0.856761	0.00526204
1.11222	0.846281	0.00504436
1.11638	0.842604	0.00503129
1.12054	0.860179	0.00521757
1.12472	0.843622	0.00546214
1.12890	0.822441	0.00546250
1.13309	0.826142	0.00580965
1.13728	0.811976	0.00575982
1.14149	0.841506	0.00582134
1.14570	0.836540	0.00568346
1.14991	0.860192	0.00567124
1.15414	0.905684	0.00562397
1.15836	0.908044	0.00532011
1.16260	0.890885	0.00504882
1.16684	0.865187	0.00483469
1.17108	0.858982	0.00451139
1.17533	0.843546	0.00428046
1.17959	0.815709	0.00405549
1.18384	0.832899	0.00411141
1.18811	0.820039	0.00412706
1.19238	0.821264	0.00433082
1.19665	0.810351	0.00437278
1.20093	0.790230	0.00519101
1.20521	0.801975	0.00476270
1.20949	0.827540	0.00484651
1.21378	0.861424	0.00484958
1.21807	0.897997	0.00489385
1.22236	0.921312	0.00492792
1.22666	0.925879	0.00475168
1.23096	0.921599	0.00464539
1.23526	0.900103	0.00453824
1.23956	0.885252	0.00432474
1.24387	0.866420	0.00418067
1.24818	0.862737	0.00403473
1.25249	0.872175	0.00412055
1.25680	0.901909	0.00438567
1.26111	0.921875	0.00483800
1.26542	0.953554	0.00533077
1.26974	0.985521	0.00571057
1.27406	0.967904	0.00565832
1.27837	0.973770	0.00571294
1.28269	0.968157	0.00551421
1.28701	0.984952	0.00532473
1.29133	1.00372	0.00507091
1.29564	1.01278	0.00498719
1.29996	0.995617	0.00494603
1.30428	1.01019	0.00486471
1.30860	1.01817	0.00471219
1.31291	1.01718	0.00477963
1.31723	1.00855	0.00456671
1.32155	1.00693	0.00442239
1.32586	0.969565	0.00411502
1.33017	0.922766	0.00396547
1.33449	0.857231	0.00381788
1.33880	0.802785	0.00372008
1.34311	0.741205	0.00381295
1.34741	0.715050	0.00406754
1.35172	0.685872	0.00460437
1.35602	0.669797	0.00558760
1.36032	0.626407	0.00660348
1.36462	0.595254	0.00769741
1.36892	0.594059	0.00787362
1.37322	0.565892	0.00808037
1.37751	0.594637	0.00776512
1.38180	0.609506	0.00737290
1.38609	0.622512	0.00721637
1.39037	0.608449	0.00818658
1.39465	0.588161	0.00777609
1.39893	0.593453	0.00746791
1.40320	0.575438	0.00729918
1.40747	0.586055	0.00729890
1.41174	0.576187	0.00667306
1.41600	0.582500	0.00595442
1.42026	0.583290	0.00547958
1.42452	0.595563	0.00518211
1.42877	0.585572	0.00480038
1.43302	0.596165	0.00442686
1.43727	0.586967	0.00435746
1.44151	0.604257	0.00443920
1.44574	0.605217	0.00441867
1.44997	0.631177	0.00449661
1.45420	0.625000	0.00442868
1.45842	0.630149	0.00455840
1.46264	0.616602	0.00453692
1.46686	0.645100	0.00456647
1.47106	0.621440	0.00459195
1.47527	0.630956	0.00460947
1.47947	0.625489	0.00469478
1.48366	0.636190	0.00455867
1.48785	0.638496	0.00428279
1.49203	0.651320	0.00423293
1.49621	0.667401	0.00454765
1.50038	0.676766	0.00458349
1.50455	0.681728	0.00433068
1.50871	0.696823	0.00437285
1.51287	0.705949	0.00451656
1.51702	0.714575	0.00467479
1.52117	0.732539	0.00428961
1.52531	0.735681	0.00443084
1.52944	0.743428	0.00454891
1.53357	0.750842	0.00470781
1.53769	0.755442	0.00457271
1.54181	0.763692	0.00452010
1.54592	0.770473	0.00442375
1.55003	0.774669	0.00442802
1.55413	0.785539	0.00446782
1.55822	0.793622	0.00444924
1.56231	0.784765	0.00437754
1.56639	0.784598	0.00428315
1.57046	0.792613	0.00419505
1.57453	0.797483	0.00472158
1.57859	0.780039	0.00470937
1.58265	0.790442	0.00461668
1.58670	0.780658	0.00452041
1.59074	0.765992	0.00469003
1.59478	0.777234	0.00473607
1.59881	0.809163	0.00441734
1.60284	0.798601	0.00453646
1.60685	0.777246	0.00470020
1.61087	0.782448	0.00475626
1.61487	0.782045	0.00495468
1.61887	0.775173	0.00464834
1.62286	0.780443	0.00459978
1.62685	0.787634	0.00440281
1.63083	0.787795	0.00443416
1.63480	0.781225	0.00436288
1.63877	0.798031	0.00441216
1.64273	0.804879	0.00454187
1.64668	0.808170	0.00450591
1.65063	0.812679	0.00428114
1.65457	0.826282	0.00438883
1.65850	0.826062	0.00439929
1.66243	0.827577	0.00461345
1.66635	0.820734	0.00535919
1.67026	0.825089	0.00451492
1.67417	0.811189	0.00450044
1.67807	0.823489	0.00466003
1.68196	0.821408	0.00448387
1.68585	0.824954	0.00420504
1.68973	0.820594	0.00429551
1.69361	0.829023	0.00466418
1.69748	0.819899	0.00469303
1.70134	0.820604	0.00474485
1.70519	0.814924	0.00465172
1.70904	0.809242	0.00454977
1.71288	0.803383	0.00432441
1.71672	0.797895	0.00428966
1.72055	0.771369	0.00423333
1.72437	0.776191	0.00413122
1.72819	0.752185	0.00410292
1.73200	0.748083	0.00427485
1.73580	0.735693	0.00430595
1.73960	0.721166	0.00428048
1.74339	0.708748	0.00423193
1.74717	0.711567	0.00407083
1.75095	0.687456	0.00371485
1.75472	0.680755	0.00385243
1.75848	0.661683	0.00425225
1.76224	0.647402	0.00433322
1.76599	0.642745	0.00427107
1.76974	0.639413	0.00434413
1.77348	0.619177	0.00437286
1.77721	0.614643	0.00430994
1.78094	0.602830	0.00388873
1.78466	0.585403	0.00385367
1.78838	0.579264	0.00405641
1.79209	0.575989	0.00500965
1.79579	0.542832	0.00475073
1.79949	0.554002	0.00484273
1.80318	0.543408	0.00510331
1.80686	0.543452	0.00554952
1.81054	0.513872	0.00542339
1.81421	0.528758	0.00529585
1.81788	0.523710	0.00577909
1.82154	0.517259	0.00649922
1.82520	0.503079	0.00639901
1.82885	0.496461	0.00722301
1.83249	0.487975	0.00758960
1.83613	0.483588	0.00802721
1.83976	0.441075	0.00842369
1.84338	0.439187	0.00932288
1.84701	0.434351	0.00925797
1.85062	0.433787	0.00910734
1.85423	0.416709	0.00863880
1.85783	0.415062	0.00790132
1.86143	0.413354	0.00776150
1.86502	0.395222	0.00833119
1.86861	0.376128	0.00897600
1.87219	0.394602	0.00904150
1.87576	0.416817	0.00870380
1.87933	0.410752	0.00746955
1.88290	0.421136	0.00637111
1.88646	0.434382	0.00550678
1.89001	0.450280	0.00525410
1.89356	0.441070	0.00550098
1.89710	0.443341	0.00607399
1.90064	0.440632	0.00648011
1.90417	0.445203	0.00676692
1.90770	0.455708	0.00699774
1.91122	0.447876	0.00671366
1.91474	0.469980	0.00673791
1.91825	0.491826	0.00684028
1.92176	0.467625	0.00638065
1.92526	0.467175	0.00598215
1.92876	0.458824	0.00576533
1.93225	0.449312	0.00533962
1.93573	0.449941	0.00462813
1.93921	0.438452	0.00407610
1.94269	0.442811	0.00406194
1.94616	0.436972	0.00403197
1.94963	0.429121	0.00414154
1.95309	0.431689	0.00428636
1.95655	0.431614	0.00454951
1.96000	0.438684	0.00469659
1.96344	0.448310	0.00463231
1.96689	0.437931	0.00447031
1.97032	0.447045	0.00438835
1.97375	0.432234	0.00399030
1.97718	0.436000	0.00376610
1.98060	0.421852	0.00343394
1.98402	0.420881	0.00326680
1.98743	0.425322	0.00298200
1.99084	0.429522	0.00315362
1.99425	0.434138	0.00385212
1.99765	0.435173	0.00441288
2.00104	0.419353	0.00494175
2.00443	0.421049	0.00553176
2.00781	0.403311	0.00577725
2.01119	0.391799	0.00515870
2.01457	0.410074	0.00421810
2.01794	0.420154	0.00412754
2.02131	0.417126	0.00416170
2.02467	0.429735	0.00402718
2.02803	0.433118	0.00382105
2.03138	0.441956	0.00382835
2.03473	0.445025	0.00399517
2.03807	0.448206	0.00378989
2.04141	0.446626	0.00369514
2.04474	0.445207	0.00372435
2.04807	0.460924	0.00418857
2.05140	0.450357	0.00412719
2.05472	0.441851	0.00386047
2.05804	0.446358	0.00394140
2.06135	0.444893	0.00380843
2.06466	0.454937	0.00386055
2.06796	0.459758	0.00348086
2.07126	0.458177	0.00332946
2.07455	0.457194	0.00329199
2.07784	0.460210	0.00330961
2.08112	0.465899	0.00322597
2.08440	0.476034	0.00313524
2.08768	0.478703	0.00301921
2.09095	0.477928	0.00300929
2.09422	0.477454	0.00299007
2.09748	0.485828	0.00298251
2.10074	0.483206	0.00299663
2.10399	0.487656	0.00309752
2.10724	0.493006	0.00315928
2.11048	0.493854	0.00331607
2.11372	0.494496	0.00335045
2.11696	0.494267	0.00339717
2.12019	0.500683	0.00336890
2.12341	0.502041	0.00327831
2.12663	0.503598	0.00326426
2.12985	0.501727	0.00317418
2.13306	0.503545	0.00306709
2.13627	0.507953	0.00292920
2.13947	0.511351	0.00287387
2.14267	0.514837	0.00308312
2.14586	0.517467	0.00337257
2.14905	0.515360	0.00352128
2.15224	0.513496	0.00356301
2.15542	0.509841	0.00358252
2.15859	0.502049	0.00351409
2.16176	0.508177	0.00329971
2.16492	0.515185	0.00310093
2.16808	0.514604	0.00305756
2.17124	0.511428	0.00308548
2.17439	0.513952	0.00329760
2.17754	0.509409	0.00333567
2.18068	0.505120	0.00341456
2.18381	0.506172	0.00339723
2.18695	0.503128	0.00349019
2.19007	0.515121	0.00356533
2.19319	0.509503	0.00352056
2.19631	0.506975	0.00352962
2.19942	0.494555	0.00355973
2.20253	0.497014	0.00357852
2.20563	0.493160	0.00357453
2.20873	0.489649	0.00347297
2.21182	0.492018	0.00347877
2.21491	0.496075	0.00343261
2.21799	0.501882	0.00339630
2.22107	0.504913	0.00340029
2.22414	0.502521	0.00329471
2.22721	0.508392	0.00339168
2.23027	0.501868	0.00347973
2.23333	0.503433	0.00343661
2.23638	0.505371	0.00340773
2.23943	0.499007	0.00339268
2.24247	0.497498	0.00347767
2.24551	0.496988	0.00329941
2.24854	0.499073	0.00335020
2.25156	0.489336	0.00336094
2.25459	0.491570	0.00337401
2.25760	0.491205	0.00335506
2.26061	0.487689	0.00335284
2.26362	0.483916	0.00332751
2.26662	0.486101	0.00336050
2.26961	0.480164	0.00340354
2.27261	0.475325	0.00341783
2.27559	0.478442	0.00343594
2.27857	0.471116	0.00343313
2.28154	0.476687	0.00340245
2.28451	0.478240	0.00340269
2.28748	0.466941	0.00339141
2.29044	0.451384	0.00344209
2.29339	0.435918	0.00346852
2.29634	0.418218	0.00370043
2.29928	0.390107	0.00342836
2.30222	0.388076	0.00345695
2.30516	0.391586	0.00343652
2.30808	0.394858	0.00342359
2.31101	0.397766	0.00342671
2.31392	0.394548	0.00349764
2.31684	0.400407	0.00353796
2.31974	0.384843	0.00355868
2.32265	0.375062	0.00358161
2.32554	0.358187	0.00357890
2.32844	0.354768	0.00351419
2.33132	0.357048	0.00354086
2.33421	0.356446	0.00354033
2.33709	0.357210	0.00360871
2.33996	0.362798	0.00365869
2.34283	0.363197	0.00375410
2.34569	0.358559	0.00387789
2.34855	0.360766	0.00424659
2.35140	0.358695	0.00396983
2.35425	0.336138	0.00397492
2.35709	0.338483	0.00394218
2.35993	0.333548	0.00392876
2.36277	0.325943	0.00401136
2.36560	0.340167	0.00406207
2.36843	0.349181	0.00415293
2.37125	0.343286	0.00428892
2.37406	0.335765	0.00435266
2.37688	0.330103	0.00440121
2.37969	0.331005	0.00443516
2.38249	0.327892	0.00452008
2.38529	0.324052	0.00476707
2.38809	0.317024	0.00480653
2.39089	0.322385	0.00473630
2.39368	0.312833	0.00449987
2.39646	0.316681	0.00441974
2.39925	0.316747	0.00446685
2.40202	0.322705	0.00453474
2.40480	0.313190	0.00460320
2.40757	0.296391	0.00470472
2.41034	0.303197	0.00498645
2.41311	0.302601	0.00521246
2.41588	0.289006	0.00527312
2.41864	0.286306	0.00526964
2.42140	0.281774	0.00526908
2.42416	0.282612	0.00505644
2.42691	0.287827	0.00504960
2.42966	0.286887	0.00531639
2.43242	0.269995	0.00542009
2.43517	0.284182	0.00549537
2.43791	0.279733	0.00571885
2.44066	0.274160	0.00597790
2.44341	0.263898	0.00609864
2.44615	0.262255	0.00619616
2.44890	0.256181	0.00651189
2.45164	0.246190	0.00645503
2.45438	0.254888	0.00620989
2.45713	0.253354	0.00613117
2.45987	0.247542	0.00592853
2.46262	0.212476	0.00460514
2.46536	0.252637	0.00717761
2.46811	0.255310	0.00818565
2.47085	0.248587	0.00755588
2.47360	0.226123	0.00758061
2.47635	0.236452	0.00797892
2.47910	0.229525	0.00867837
2.48186	0.222589	0.00889964
2.48462	0.222424	0.00966871
2.48738	0.230977	0.0107027
2.49014	0.226908	0.0110925
2.49291	0.220996	0.0108314
2.49568	0.234058	0.0105198
2.49845	0.219086	0.0105899
2.50123	0.207211	0.0107452
2.50401	0.212116	0.0109354
2.50680	0.221772	0.0131153
2.50960	0.239532	0.0141412
2.51240	0.246852	0.0161658
2.51521	0.238100	0.0174574
2.51802	0.193292	0.0188297
2.52084	0.220172	0.0202775
2.52367	0.193555	0.0219448
2.52651	0.170720	0.0242013
2.52936	0.238408	0.0289116
2.53221	0.244352	0.0372893
2.53508	0.248235	0.0419293
2.53795	0.205054	0.0473507
2.54084	0.146753	0.0520150
2.54373	0.120457	0.0581292
2.54664	0.181362	0.0686947
2.54956	-0.109360	0.0834485
2.55249	0.140617	0.0913422
