#  ----------------------------------------------------------------------------------
# SpeX prism spectrum of 2MASSI J1807159+501531 (J18071593+5015316)
# Originally observed on 2003 Aug 12
# Average resolution = 75
# Originally published in Burgasser et al. (2008) ApJ, 681, 579
#
# PLEASE CITE THE ORIGINAL DATA REFERENCE WHEN PUBLISHING OR PRESENTING THESE DATA
#
# Optical spectral type: L1.5
# Near infrared spectral type: L1
# J magnitude = 12.934
# H magnitude = 12.127
# Ks magnitude = 11.602
#
#  Wavelength (micron)   F_lambda (normalized)  Noise (normalized as F_lambda)
#  ----------------------------------------------------------------------------------
0.655883	0.0539749	0.0410759
0.658076	0.0159698	0.0238836
0.660260	0.0548351	0.0408501
0.662436	-0.0124867	0.0143994
0.664605	-0.0422640	0.0149927
0.666769	0.00992268	0.00737528
0.668927	0.0259064	0.0367944
0.671082	-0.0254133	0.0257582
0.673234	0.0537191	0.0199580
0.675383	0.0442939	0.0135904
0.677530	0.0407721	0.0254944
0.679677	-0.00593488	0.0380424
0.681824	0.0342353	0.0159604
0.683972	0.0254469	0.0172573
0.686121	0.0435226	0.0193230
0.688272	0.0466866	0.00817119
0.690427	0.0714086	0.0158678
0.692585	0.0263519	0.0335374
0.694747	0.0685033	0.0306644
0.696914	0.0450527	0.0233063
0.699087	0.0655035	0.0117463
0.701266	0.0304625	0.00595784
0.703452	0.0607741	0.0132416
0.705645	0.0607624	0.0172952
0.707846	0.0511084	0.0126600
0.710056	0.0401257	0.0204206
0.712274	0.0438884	0.0165999
0.714502	0.0555994	0.0168459
0.716740	0.0316314	0.0110331
0.718989	0.0635798	0.00530513
0.721248	0.0690489	0.0182977
0.723519	0.0650289	0.0241932
0.725802	0.0632728	0.0121360
0.728097	0.0801072	0.00928274
0.730405	0.0853825	0.0139458
0.732725	0.0920580	0.0162134
0.735060	0.0936979	0.0157061
0.737408	0.0874384	0.00445895
0.739770	0.0974151	0.0160308
0.742147	0.0631763	0.0136092
0.744539	0.0919022	0.00765006
0.746946	0.0754081	0.0101626
0.749368	0.0850871	0.00925521
0.751806	0.0760943	0.0105644
0.754261	0.0728774	0.00175351
0.756731	0.0928914	0.00905260
0.759218	0.0738851	0.0125236
0.761722	0.0454023	0.00472994
0.764243	0.0353410	0.00953188
0.766782	0.0335192	0.0154710
0.769338	0.0427136	0.00363332
0.771911	0.0630514	0.00277093
0.774503	0.0631825	0.00892614
0.777112	0.0770746	0.00267586
0.779740	0.0814384	0.00450521
0.782386	0.0949340	0.00743542
0.785051	0.0917412	0.00275123
0.787734	0.0955942	0.00395173
0.790437	0.0987254	0.00581211
0.793158	0.104242	0.00610342
0.795898	0.116190	0.00324043
0.798657	0.129378	0.00122122
0.801436	0.142873	0.00468362
0.804234	0.151846	0.00307606
0.807051	0.185010	0.00632367
0.809888	0.187810	0.00576133
0.812744	0.215160	0.0108534
0.815620	0.220618	0.00906658
0.818516	0.229823	0.00410306
0.821431	0.230682	0.00406260
0.824366	0.241108	0.00258959
0.827320	0.245997	0.00456589
0.830294	0.245756	0.00534519
0.833288	0.250444	0.00136482
0.836302	0.243358	0.00687873
0.839335	0.234785	0.00741328
0.842388	0.231517	0.00464110
0.845461	0.217896	0.00733704
0.848553	0.214154	0.00102590
0.851665	0.208175	0.00590607
0.854797	0.205251	0.00340596
0.857948	0.206052	0.00490043
0.861119	0.202949	0.00394975
0.864308	0.195274	0.000750705
0.867518	0.180994	0.00460917
0.870746	0.196788	0.00421122
0.873994	0.207550	0.00452088
0.877261	0.217489	0.00237094
0.880546	0.227838	0.00375110
0.883851	0.255447	0.00710722
0.887175	0.257728	0.00563891
0.890517	0.273247	0.00526250
0.893878	0.288012	0.00106398
0.897258	0.298319	0.00668645
0.900655	0.324704	0.00544931
0.904072	0.347505	0.00646948
0.907506	0.357611	0.00651726
0.910958	0.391105	0.00803771
0.914428	0.409897	0.00868335
0.917917	0.429616	0.00851169
0.921422	0.434762	0.00363684
0.924945	0.446459	0.00402056
0.928486	0.427255	0.00253902
0.932043	0.443082	0.00712568
0.935618	0.456874	0.00574143
0.939210	0.477371	0.00687605
0.942818	0.516407	0.0136406
0.946443	0.543505	0.00432291
0.950084	0.533421	0.00671174
0.953742	0.560609	0.00827233
0.957416	0.556967	0.00714573
0.961105	0.574796	0.00665713
0.964810	0.580786	0.00840117
0.968531	0.602017	0.00807623
0.972267	0.608776	0.00556059
0.976018	0.624825	0.00387763
0.979785	0.595570	0.00187517
0.983566	0.567997	0.00380029
0.987362	0.527177	0.00279261
0.991172	0.492753	0.00338521
0.994996	0.470929	0.00743975
0.998835	0.450172	0.00252906
1.00269	0.464199	0.00191945
1.00655	0.490422	0.00134784
1.01043	0.515469	0.00572466
1.01432	0.525296	0.00403062
1.01823	0.550297	0.00128842
1.02215	0.550823	0.00375080
1.02608	0.559463	0.000972186
1.03002	0.581550	0.00292118
1.03398	0.608405	0.00298630
1.03795	0.626156	0.00616421
1.04193	0.645780	0.00438784
1.04592	0.654815	0.00725945
1.04992	0.649528	0.00356193
1.05394	0.652262	0.00850757
1.05796	0.657750	0.00618232
1.06200	0.668084	0.00757138
1.06604	0.687776	0.0112446
1.07010	0.714479	0.0125928
1.07417	0.747553	0.00373682
1.07825	0.777570	0.00762198
1.08233	0.821303	0.00774659
1.08643	0.843914	0.00773711
1.09053	0.867413	0.00493634
1.09465	0.864085	0.0101374
1.09877	0.863738	0.0122410
1.10291	0.859738	0.00484360
1.10705	0.844228	0.00949166
1.11119	0.840938	0.0101745
1.11535	0.837062	0.00355003
1.11952	0.856505	0.00814490
1.12369	0.858009	0.00384224
1.12787	0.847906	0.00672125
1.13206	0.832339	0.00378568
1.13625	0.842645	0.00866253
1.14045	0.853283	0.00714546
1.14466	0.861123	0.0111158
1.14888	0.877801	0.00254903
1.15310	0.915986	0.00749087
1.15732	0.910658	0.00635565
1.16155	0.887389	0.00475276
1.16579	0.849410	0.00479625
1.17004	0.835916	0.00625679
1.17428	0.823379	0.00668911
1.17854	0.824498	0.00318249
1.18280	0.816981	0.00213865
1.18706	0.807181	0.00428030
1.19133	0.802395	0.00729251
1.19560	0.794584	0.00591447
1.19987	0.781871	0.00526714
1.20415	0.792468	0.00407880
1.20844	0.804769	0.00335014
1.21272	0.847602	0.00389037
1.21701	0.882676	0.00709603
1.22131	0.904932	0.00474660
1.22560	0.907360	0.000975918
1.22990	0.900642	0.00912789
1.23420	0.883891	0.00687610
1.23850	0.850247	0.00690432
1.24281	0.829512	0.00537570
1.24712	0.847721	0.00611996
1.25143	0.860006	0.00325005
1.25574	0.897918	0.0117485
1.26005	0.927429	0.00530137
1.26436	0.966246	0.00454004
1.26868	1.00611	0.00469986
1.27299	1.01391	0.0131515
1.27731	1.01303	0.00737422
1.28163	1.00506	0.00980804
1.28595	1.00723	0.0136998
1.29026	0.998870	0.00955863
1.29458	0.996813	0.00846252
1.29890	0.991834	0.00898994
1.30322	0.983826	0.00842103
1.30754	0.991195	0.00213768
1.31185	0.992130	0.00880923
1.31617	0.990688	0.00671133
1.32048	0.954400	0.00920886
1.32480	0.919092	0.0115017
1.32911	0.848965	0.00988740
1.33343	0.773478	0.00645056
1.33774	0.699516	0.00690348
1.34205	0.636430	0.0120929
1.34635	0.588328	0.0110309
1.35066	0.551823	0.0138257
1.35496	0.534448	0.0164896
1.35927	0.528776	0.0183428
1.36357	0.567300	0.0123948
1.36786	0.583152	0.0125748
1.37216	0.600450	0.00809587
1.37645	0.635574	0.0164181
1.38074	0.624744	0.00741921
1.38503	0.614332	0.00681762
1.38932	0.605009	0.00707828
1.39360	0.599109	0.00845399
1.39788	0.599147	0.00840762
1.40215	0.578477	0.00654271
1.40642	0.555124	0.00613660
1.41069	0.560731	0.00788175
1.41496	0.549812	0.00301446
1.41922	0.537592	0.00467124
1.42347	0.526689	0.00486615
1.42773	0.525925	0.000943624
1.43198	0.524294	0.00552826
1.43622	0.522315	0.00250526
1.44046	0.532218	0.00579181
1.44470	0.540199	0.00318620
1.44893	0.552649	0.00302495
1.45316	0.550628	0.00432732
1.45739	0.543440	0.00515369
1.46160	0.548709	0.00588797
1.46582	0.548462	0.000617809
1.47003	0.553853	0.00474639
1.47423	0.548834	0.00724094
1.47843	0.565089	0.00741268
1.48263	0.571737	0.0115348
1.48682	0.568571	0.00348515
1.49100	0.575580	0.00304154
1.49518	0.580672	0.00504366
1.49936	0.595250	0.00570029
1.50353	0.603957	0.00404371
1.50769	0.607497	0.00493637
1.51185	0.618665	0.00166392
1.51600	0.632541	0.00462741
1.52015	0.637286	0.00676342
1.52429	0.650089	0.00445990
1.52843	0.654992	0.00624820
1.53256	0.657149	0.00568149
1.53668	0.665710	0.00723506
1.54080	0.678022	0.00661263
1.54491	0.694898	0.00711291
1.54902	0.694004	0.00816289
1.55312	0.703329	0.00555479
1.55721	0.712096	0.00733498
1.56130	0.711514	0.00495184
1.56538	0.721620	0.00307620
1.56946	0.721330	0.00737954
1.57353	0.725498	0.00249043
1.57759	0.713316	0.00600852
1.58165	0.711874	0.00363795
1.58570	0.717156	0.00569707
1.58975	0.715717	0.00201722
1.59379	0.714332	0.00560235
1.59782	0.727175	0.00417669
1.60185	0.713714	0.00361012
1.60587	0.714522	0.00618196
1.60988	0.711706	0.00577723
1.61389	0.702909	0.00705161
1.61789	0.704161	0.00190207
1.62188	0.704004	0.00484062
1.62587	0.706893	0.00463988
1.62985	0.712630	0.00460029
1.63382	0.716969	0.00831415
1.63779	0.717763	0.00212162
1.64175	0.730810	0.00639929
1.64571	0.741423	0.00414875
1.64966	0.741889	0.00490490
1.65360	0.759916	0.00299503
1.65753	0.758466	0.00249905
1.66146	0.755453	0.00638476
1.66538	0.757830	0.00684326
1.66930	0.752485	0.00518746
1.67321	0.759808	0.00283137
1.67711	0.755759	0.0133566
1.68101	0.758008	0.00421732
1.68490	0.751480	0.00590212
1.68878	0.753813	0.00484937
1.69266	0.747404	0.00603207
1.69653	0.753683	0.00921138
1.70039	0.745198	0.00694090
1.70424	0.740591	0.00564867
1.70809	0.727975	0.00559357
1.71194	0.719021	0.00821176
1.71578	0.703955	0.00321615
1.71961	0.688849	0.00596312
1.72343	0.676878	0.00195281
1.72725	0.673212	0.00689746
1.73106	0.654227	0.00637888
1.73486	0.641297	0.00433255
1.73866	0.634265	0.00642094
1.74245	0.620245	0.00635842
1.74624	0.604678	0.00351366
1.75002	0.600933	0.00572859
1.75379	0.583707	0.00607039
1.75756	0.569078	0.00407875
1.76132	0.556579	0.00484764
1.76507	0.543744	0.00352838
1.76882	0.534147	0.00736048
1.77256	0.522711	0.00417298
1.77630	0.507802	0.00310837
1.78003	0.496268	0.00282191
1.78375	0.489539	0.00307376
1.78746	0.477677	0.00406444
1.79118	0.475953	0.00175215
1.79488	0.463359	0.00405834
1.79858	0.464427	0.00258214
1.80227	0.451985	0.00662954
1.80596	0.454023	0.00284849
1.80964	0.446435	0.00231472
1.81331	0.448922	0.00396829
1.81698	0.457654	0.00321379
1.82064	0.448876	0.00349518
1.82430	0.440277	0.00857012
1.82795	0.430521	0.0139679
1.83159	0.433627	0.00759388
1.83523	0.421545	0.00130067
1.83887	0.412293	0.00790280
1.84249	0.418800	0.00266607
1.84612	0.421334	0.00314176
1.84973	0.415677	0.00361318
1.85334	0.419707	0.00392877
1.85695	0.402330	0.00246881
1.86055	0.384115	0.00120192
1.86414	0.373335	0.00670182
1.86773	0.376842	0.0217551
1.87131	0.412057	0.0232830
1.87489	0.417710	0.00820688
1.87846	0.441253	0.00548617
1.88202	0.426537	0.00663756
1.88558	0.417935	0.00537432
1.88914	0.411190	0.00835420
1.89269	0.403509	0.00294256
1.89623	0.397232	0.00309200
1.89977	0.423396	0.00283676
1.90331	0.430941	0.00820449
1.90683	0.449088	0.00740962
1.91036	0.457814	0.00495314
1.91388	0.464197	0.00930914
1.91739	0.450857	0.00408731
1.92090	0.436068	0.00387514
1.92440	0.447982	0.00548489
1.92790	0.429318	0.00562138
1.93139	0.417409	0.00467088
1.93488	0.415480	0.00216597
1.93836	0.401005	0.00262906
1.94184	0.390994	0.00260522
1.94531	0.384495	0.00320002
1.94878	0.382224	0.00282814
1.95224	0.379462	0.00195542
1.95570	0.382625	0.00247954
1.95915	0.385785	0.00259713
1.96260	0.393430	0.0100306
1.96604	0.392891	0.00405008
1.96948	0.381023	0.00147151
1.97291	0.374657	0.00573590
1.97634	0.365974	0.00462329
1.97976	0.356621	0.00256741
1.98318	0.350171	0.00282643
1.98660	0.351291	0.00325905
1.99001	0.353993	0.00420607
1.99341	0.345927	0.0103955
1.99681	0.350895	0.00649699
2.00021	0.347613	0.00551766
2.00360	0.347442	0.00626145
2.00698	0.361914	0.00304327
2.01036	0.372977	0.00396260
2.01374	0.379985	0.00318780
2.01711	0.386392	0.00750393
2.02048	0.385682	0.00387712
2.02384	0.382346	0.00478818
2.02720	0.384246	0.00594019
2.03056	0.379565	0.00176481
2.03390	0.380980	0.00483308
2.03725	0.380194	0.00325900
2.04059	0.379132	0.00166554
2.04392	0.378712	0.00330696
2.04726	0.377175	0.00343052
2.05058	0.382975	0.00488195
2.05390	0.384172	0.00408661
2.05722	0.391530	0.00309945
2.06053	0.393511	0.00321287
2.06384	0.403718	0.00148730
2.06715	0.406547	0.00387338
2.07045	0.402991	0.00327249
2.07374	0.406244	0.00237188
2.07703	0.415252	0.00273190
2.08032	0.411959	0.00223638
2.08360	0.411195	0.00279735
2.08687	0.416553	0.00234624
2.09015	0.417304	0.00294958
2.09341	0.415908	0.00281478
2.09668	0.419339	0.00197836
2.09994	0.423103	0.00382327
2.10319	0.424951	0.00203293
2.10644	0.431141	0.00240431
2.10969	0.434640	0.00374080
2.11293	0.436955	0.00362912
2.11616	0.436104	0.00251921
2.11939	0.441757	0.00358548
2.12262	0.439556	0.00485173
2.12584	0.438323	0.00237632
2.12906	0.449364	0.00318991
2.13227	0.446500	0.00217539
2.13548	0.442258	0.00412577
2.13868	0.448329	0.00326853
2.14188	0.448982	0.00136091
2.14508	0.449082	0.000675095
2.14827	0.447153	0.00298741
2.15145	0.449616	0.00509442
2.15463	0.446483	0.00302205
2.15781	0.443261	0.00597897
2.16098	0.443042	0.00348290
2.16415	0.452665	0.00469208
2.16731	0.448909	0.00406412
2.17046	0.448082	0.00495279
2.17362	0.441453	0.00471509
2.17676	0.450278	0.00197022
2.17991	0.454898	0.00380834
2.18304	0.454042	0.00515637
2.18618	0.454673	0.00379476
2.18930	0.457194	0.00221673
2.19243	0.451605	0.00226894
2.19555	0.451378	0.00547086
2.19866	0.453633	0.000996764
2.20177	0.450004	0.00253066
2.20487	0.448993	0.00369326
2.20797	0.449855	0.00331840
2.21106	0.449622	0.00168749
2.21415	0.445426	0.00476005
2.21723	0.446901	0.00401073
2.22031	0.449820	0.00477913
2.22339	0.448912	0.00350778
2.22646	0.446342	0.00254366
2.22952	0.440667	0.00409027
2.23258	0.441513	0.00493485
2.23563	0.442028	0.00284944
2.23868	0.442733	0.00230336
2.24172	0.442638	0.00480541
2.24476	0.437152	0.00350833
2.24779	0.437689	0.00225431
2.25082	0.433686	0.00614240
2.25384	0.435654	0.00514415
2.25686	0.429537	0.00245767
2.25987	0.430231	0.00285592
2.26288	0.429762	0.00280326
2.26588	0.425540	0.00307593
2.26888	0.423317	0.00310864
2.27187	0.425445	0.00214932
2.27486	0.417640	0.00492664
2.27784	0.423241	0.00226501
2.28081	0.420396	0.00463213
2.28378	0.420531	0.00160087
2.28675	0.417182	0.00297966
2.28971	0.398216	0.00343195
2.29267	0.377581	0.00503894
2.29562	0.370616	0.00374508
2.29856	0.352949	0.00289511
2.30150	0.349488	0.00329596
2.30443	0.355936	0.00448771
2.30736	0.361733	0.00331274
2.31029	0.357768	0.00270949
2.31321	0.356979	0.00550080
2.31612	0.349356	0.00167150
2.31903	0.339624	0.00313200
2.32193	0.334214	0.00260327
2.32483	0.329135	0.00339886
2.32773	0.323271	0.00222246
2.33062	0.318200	0.00273494
2.33350	0.323257	0.00331442
2.33638	0.325227	0.00483837
2.33925	0.325696	0.00244523
2.34212	0.332458	0.00470801
2.34498	0.330900	0.00152708
2.34784	0.324328	0.00100557
2.35070	0.319344	0.00506296
2.35355	0.313146	0.00181924
2.35639	0.307666	0.00237590
2.35924	0.305498	0.000574414
2.36207	0.299709	0.00227558
2.36490	0.307479	0.00190874
2.36773	0.309644	0.00360505
2.37055	0.310343	0.00168789
2.37337	0.312617	0.00143626
2.37619	0.308961	0.00278893
2.37900	0.301595	0.00261545
2.38180	0.296015	0.00293451
2.38461	0.290898	0.00307652
2.38740	0.288394	0.00360421
2.39020	0.291378	0.00381606
2.39299	0.293465	0.000941058
2.39578	0.291421	0.00252885
2.39856	0.288459	0.00360947
2.40134	0.280361	0.00280432
2.40412	0.281746	0.00184452
2.40689	0.273578	0.00193126
2.40966	0.274182	0.00133066
2.41243	0.266471	0.00297389
2.41520	0.261623	0.00268790
2.41796	0.261971	0.000694448
2.42072	0.263665	0.00330553
2.42348	0.255861	0.00275125
2.42623	0.253689	0.00313829
2.42899	0.249053	0.00346719
2.43174	0.246499	0.000545530
2.43449	0.249341	0.00384910
2.43724	0.239908	0.00366931
2.43999	0.234820	0.00333108
2.44273	0.236489	0.00193278
2.44548	0.227953	0.00365218
2.44822	0.228360	0.00100800
2.45097	0.223314	0.00250198
2.45371	0.231267	0.00329867
2.45645	0.228162	0.00311433
2.45920	0.220204	0.00196545
2.46194	0.218717	0.00310278
2.46469	0.212484	0.00274415
2.46743	0.214938	0.00158596
2.47018	0.208492	0.00298449
2.47293	0.201910	0.00213455
2.47568	0.201645	0.00212086
2.47843	0.203469	0.000866437
2.48118	0.202165	0.00223360
2.48394	0.196580	0.00255078
2.48670	0.195491	0.00379099
2.48946	0.196384	0.00602651
2.49222	0.198276	0.00331154
2.49499	0.192792	0.00149970
2.49777	0.189794	0.00308267
2.50055	0.192687	0.00332103
2.50333	0.185803	0.00362394
2.50612	0.187437	0.00264410
2.50891	0.174113	0.00469324
2.51171	0.173764	0.00744439
2.51452	0.183403	0.00671369
2.51733	0.181272	0.00358098
2.52015	0.173119	0.00396197
2.52298	0.176702	0.00519423
2.52581	0.164970	0.0122220
2.52866	0.166996	0.0129339
2.53151	0.173917	0.0232818
2.53437	0.189947	0.0152756
2.53724	0.197520	0.0181219
2.54012	0.174363	0.0289695
2.54302	0.168225	0.0215473
2.54592	0.128765	0.0457904
2.54884	0.115768	0.0268080
2.55177	0.222815	0.0519876
2.55471	0.196126	0.0412753
2.55767	0.166749	0.0123940
2.56064	0.193986	0.0276237
2.56362	0.126056	0.0229085
2.56662	0.150429	0.0228851
