#  ----------------------------------------------------------------------------------
# SpeX prism spectrum of 2MASSI J0856479+223518 (J08564793+2235182)
# Originally observed on 2007 Nov 13
# Average resolution = 120
# Originally published in Burgasser et al. (2010) ApJ, 710, 1142-1169
#
# PLEASE CITE THE ORIGINAL DATA REFERENCE WHEN PUBLISHING OR PRESENTING THESE DATA
#
# Optical spectral type: L3:
# J magnitude = 15.679
# H magnitude = 14.58
# Ks magnitude = 13.951
#
#  Wavelength (micron)   F_lambda (normalized)  Noise (normalized as F_lambda)
#  ----------------------------------------------------------------------------------
0.645565	0.479522	0.180885
0.647811	0.115860	0.167857
0.650043	0.771517	0.179334
0.652263	0.204226	0.154907
0.654472	-0.0828981	0.139675
0.656670	0.349590	0.134905
0.658859	0.0528616	0.126586
0.661040	0.0139957	0.121952
0.663214	-0.183839	0.147156
0.665381	-0.00928856	0.116213
0.667543	0.510759	0.119649
0.669700	0.400974	0.108938
0.671853	0.312319	0.104883
0.674004	0.0532624	0.0992456
0.676152	0.212201	0.100061
0.678299	0.0721974	0.0936634
0.680446	0.0934473	0.0969611
0.682593	0.130215	0.0906869
0.684741	0.0742199	0.0916900
0.686891	-0.0197544	0.0836194
0.689044	0.305284	0.0799510
0.691199	0.275600	0.0731992
0.693359	0.199243	0.0716888
0.695523	0.129018	0.0620136
0.697692	0.260415	0.0611660
0.699867	0.340918	0.0530076
0.702048	0.0682257	0.0510768
0.704237	0.261354	0.0437669
0.706433	0.237873	0.0382246
0.708637	0.127052	0.0309678
0.710849	0.0929975	0.0201965
0.713071	0.00535726	0.00913825
0.715303	0.00892280	0.00785017
0.717545	0.0199863	0.00860276
0.719797	-0.0317079	0.00626979
0.722060	0.113265	0.0252729
0.724336	0.0990394	0.0436786
0.726623	0.0392283	0.0462712
0.728922	0.0787717	0.0465111
0.731235	0.111628	0.0447241
0.733560	0.0575960	0.0461040
0.735899	0.0571395	0.0424420
0.738253	0.0975292	0.0432702
0.740620	0.116066	0.0399563
0.743002	0.160518	0.0397099
0.745399	0.0745732	0.0353617
0.747812	0.0934810	0.0375340
0.750240	0.113011	0.0361502
0.752684	0.118799	0.0356054
0.755144	0.125199	0.0331070
0.757620	-0.000421237	0.0372281
0.760114	0.0476487	0.0474921
0.762624	0.0522705	0.0494870
0.765151	0.0300573	0.0443766
0.767695	0.000762076	0.0411745
0.770258	0.0513732	0.0320306
0.772838	0.0459599	0.0311094
0.775436	0.00423015	0.0283755
0.778052	0.0464848	0.0268830
0.780686	0.0664784	0.0258637
0.783339	0.116192	0.0260123
0.786010	0.0772527	0.0249650
0.788700	0.101628	0.0253867
0.791409	0.165189	0.0248852
0.794137	0.145346	0.0265105
0.796884	0.0986125	0.0280176
0.799651	0.111089	0.0282043
0.802436	0.0963064	0.0264204
0.805241	0.118168	0.0278198
0.808065	0.122855	0.0248767
0.810909	0.137352	0.0253406
0.813772	0.155779	0.0251023
0.816655	0.181080	0.0254497
0.819558	0.188213	0.0193197
0.822480	0.176147	0.0215486
0.825422	0.183506	0.0227109
0.828383	0.201078	0.0223745
0.831365	0.202898	0.0198416
0.834366	0.152376	0.0199104
0.837386	0.192543	0.0213027
0.840427	0.180100	0.0230076
0.843487	0.153207	0.0209896
0.846567	0.190689	0.0216887
0.849666	0.161734	0.0187264
0.852785	0.217505	0.0172246
0.855924	0.199590	0.0163592
0.859082	0.197245	0.0163926
0.862259	0.139519	0.0154609
0.865456	0.150011	0.0156983
0.868672	0.168654	0.0151757
0.871908	0.167151	0.0156373
0.875162	0.153549	0.0149403
0.878436	0.154161	0.0155139
0.881728	0.137291	0.0154895
0.885040	0.172201	0.0154184
0.888370	0.172390	0.0153055
0.891719	0.210700	0.0153969
0.895087	0.218465	0.0148757
0.898473	0.241855	0.0145932
0.901877	0.232846	0.0143063
0.905300	0.255254	0.0163689
0.908741	0.286277	0.0156587
0.912199	0.305002	0.0164278
0.915676	0.304029	0.0152200
0.919170	0.342584	0.0160186
0.922682	0.334621	0.0142131
0.926212	0.329862	0.0143529
0.929758	0.327644	0.0144911
0.933322	0.346761	0.0153886
0.936903	0.380823	0.0156480
0.940501	0.405844	0.0157966
0.944115	0.417285	0.0149727
0.947746	0.414892	0.0149420
0.951393	0.420255	0.0141054
0.955056	0.432348	0.0132156
0.958736	0.407776	0.0133053
0.962431	0.442459	0.0139757
0.966142	0.471189	0.0136402
0.969868	0.484941	0.0135332
0.973609	0.538568	0.0124850
0.977366	0.505851	0.0117286
0.981138	0.568905	0.0113593
0.984924	0.518745	0.0115082
0.988725	0.434713	0.0111425
0.992540	0.410284	0.0115576
0.996370	0.359606	0.0115490
1.00021	0.349304	0.0116377
1.00407	0.360078	0.0106435
1.00794	0.403960	0.0107372
1.01183	0.428029	0.0108763
1.01572	0.443758	0.0112419
1.01963	0.473704	0.0109852
1.02356	0.458737	0.0113388
1.02749	0.450709	0.0110396
1.03144	0.479828	0.0107200
1.03540	0.505427	0.0110021
1.03937	0.543102	0.0108218
1.04336	0.537313	0.0106203
1.04735	0.558444	0.0100378
1.05136	0.573789	0.00935236
1.05538	0.560899	0.00886581
1.05941	0.554356	0.00840542
1.06345	0.566904	0.00853961
1.06750	0.599260	0.00897974
1.07156	0.609289	0.00944133
1.07563	0.640272	0.00973571
1.07971	0.644955	0.0102846
1.08380	0.698091	0.0101248
1.08790	0.734823	0.0103966
1.09201	0.748335	0.0103257
1.09613	0.737207	0.0100806
1.10025	0.749374	0.0101350
1.10439	0.753287	0.00966908
1.10853	0.727534	0.00903837
1.11268	0.748358	0.00871051
1.11684	0.764549	0.00879174
1.12101	0.765112	0.00893031
1.12519	0.776533	0.00947683
1.12937	0.767210	0.0102624
1.13356	0.737620	0.0100138
1.13776	0.703361	0.0104166
1.14196	0.719933	0.0102823
1.14617	0.765915	0.0109100
1.15039	0.788658	0.0103376
1.15461	0.838898	0.00998864
1.15884	0.835220	0.00963760
1.16307	0.779624	0.00909699
1.16731	0.774494	0.00841052
1.17156	0.742979	0.00789989
1.17581	0.707883	0.00729366
1.18006	0.740411	0.00712192
1.18432	0.780811	0.00689000
1.18859	0.788047	0.00677954
1.19286	0.742446	0.00710583
1.19713	0.717457	0.00774941
1.20141	0.713551	0.00803380
1.20569	0.738887	0.00843484
1.20997	0.762263	0.00839514
1.21426	0.805630	0.00826319
1.21855	0.827769	0.00858178
1.22284	0.851614	0.00838490
1.22714	0.861532	0.00842167
1.23144	0.877404	0.00833791
1.23574	0.844353	0.00784823
1.24005	0.803051	0.00738110
1.24435	0.784366	0.00709910
1.24866	0.793628	0.00675379
1.25297	0.822494	0.00666752
1.25728	0.869568	0.00716546
1.26160	0.930616	0.00831678
1.26591	0.968514	0.00946067
1.27022	1.00164	0.0102833
1.27454	1.00416	0.0103919
1.27886	1.01245	0.00978621
1.28317	0.979105	0.00922184
1.28749	0.993516	0.00889677
1.29181	1.00076	0.00830732
1.29613	0.985760	0.00848336
1.30045	0.992286	0.00825583
1.30476	0.983444	0.00823376
1.30908	1.00660	0.00851116
1.31340	1.02100	0.00913365
1.31772	1.01512	0.00768616
1.32203	1.00995	0.00750171
1.32634	0.979379	0.00713669
1.33066	0.861753	0.00674613
1.33497	0.763272	0.00649119
1.33928	0.664103	0.00664349
1.34359	0.611435	0.00645719
1.34790	0.595853	0.00730164
1.35220	0.593789	0.00857283
1.35651	0.581201	0.0106327
1.36081	0.569150	0.0133640
1.36511	0.572490	0.0159098
1.36940	0.570489	0.0156782
1.37370	0.570688	0.0138318
1.37799	0.590547	0.0147476
1.38228	0.611349	0.0134126
1.38657	0.600246	0.0134345
1.39085	0.624811	0.0128248
1.39513	0.572992	0.0124690
1.39941	0.560201	0.0130360
1.40368	0.542838	0.0133265
1.40795	0.532911	0.0139872
1.41222	0.528291	0.0123415
1.41648	0.537024	0.0116689
1.42074	0.514969	0.0102624
1.42500	0.513333	0.00908756
1.42925	0.516456	0.00843472
1.43350	0.507265	0.00871082
1.43774	0.502812	0.00844170
1.44198	0.517766	0.00796496
1.44622	0.533262	0.00822745
1.45045	0.531770	0.00864253
1.45468	0.547803	0.00937801
1.45890	0.557243	0.00938033
1.46312	0.565711	0.00896474
1.46733	0.570250	0.00909444
1.47154	0.573146	0.00856662
1.47574	0.566803	0.00872499
1.47994	0.596716	0.00888588
1.48413	0.582303	0.00919785
1.48832	0.588726	0.00890756
1.49250	0.610510	0.00798125
1.49668	0.617404	0.00726189
1.50085	0.623020	0.00870377
1.50502	0.636229	0.00950613
1.50918	0.655917	0.00955002
1.51334	0.675805	0.00897152
1.51749	0.684053	0.00737922
1.52163	0.688783	0.00799024
1.52577	0.695486	0.00886840
1.52991	0.722362	0.00966337
1.53403	0.728590	0.00906181
1.53816	0.750652	0.00897532
1.54227	0.761345	0.00873031
1.54638	0.770924	0.00823947
1.55049	0.790268	0.00844479
1.55459	0.809631	0.00823263
1.55868	0.796823	0.00876016
1.56276	0.818600	0.00888582
1.56684	0.806600	0.00941066
1.57092	0.819657	0.00799569
1.57499	0.832499	0.00743457
1.57905	0.822132	0.00917966
1.58310	0.817451	0.0101929
1.58715	0.801513	0.0100740
1.59120	0.810490	0.00925408
1.59523	0.821791	0.00750507
1.59926	0.819603	0.00827500
1.60329	0.829550	0.00906538
1.60730	0.827369	0.00993565
1.61132	0.803541	0.00996118
1.61532	0.808033	0.00933661
1.61932	0.834117	0.00957048
1.62331	0.821302	0.00858711
1.62730	0.795914	0.00829457
1.63127	0.816238	0.00825415
1.63525	0.835164	0.00792429
1.63921	0.834372	0.00876785
1.64317	0.869188	0.00867723
1.64712	0.872852	0.00892553
1.65107	0.889801	0.00874636
1.65501	0.882930	0.00803326
1.65894	0.879138	0.00774342
1.66287	0.887971	0.00744689
1.66679	0.867448	0.00934057
1.67070	0.898683	0.00999952
1.67461	0.896298	0.00994973
1.67851	0.896980	0.00852374
1.68240	0.910853	0.00725524
1.68629	0.920190	0.00840053
1.69017	0.912106	0.00889113
1.69404	0.877501	0.00914396
1.69791	0.889433	0.00975520
1.70177	0.873419	0.00894676
1.70563	0.877135	0.00900756
1.70947	0.870438	0.00890872
1.71331	0.844214	0.00834187
1.71715	0.831555	0.00807013
1.72098	0.809337	0.00775862
1.72480	0.798790	0.00755545
1.72861	0.787428	0.00767018
1.73242	0.768849	0.00779037
1.73623	0.756156	0.00794275
1.74002	0.732736	0.00836948
1.74381	0.737495	0.00833972
1.74759	0.717058	0.00769868
1.75137	0.694655	0.00706137
1.75514	0.674066	0.00630374
1.75891	0.654466	0.00668941
1.76266	0.659207	0.00862876
1.76642	0.651588	0.00927140
1.77016	0.626273	0.00929071
1.77390	0.589116	0.00771549
1.77763	0.596150	0.00634249
1.78136	0.567506	0.00665252
1.78508	0.572760	0.00793898
1.78880	0.548791	0.00802593
1.79250	0.549996	0.00815137
1.79621	0.542412	0.00880400
1.79990	0.539326	0.00912849
1.80359	0.539637	0.00997207
1.80728	0.529163	0.0101955
1.81095	0.549205	0.00988973
1.81463	0.535711	0.0124287
1.81829	0.541974	0.0107051
1.82195	0.533563	0.0103946
1.82561	0.541960	0.0112691
1.82926	0.547900	0.0121702
1.83290	0.526168	0.0134213
1.83654	0.494664	0.0148017
1.84017	0.490034	0.0162285
1.84379	0.500473	0.0177368
1.84741	0.448270	0.0170203
1.85103	0.471633	0.0172794
1.85463	0.468589	0.0171320
1.85824	0.453694	0.0149817
1.86183	0.424768	0.0128993
1.86542	0.432474	0.0134715
1.86901	0.451882	0.0173779
1.87259	0.418995	0.0244098
1.87617	0.449893	0.0216546
1.87974	0.451247	0.0149912
1.88330	0.461264	0.0108900
1.88686	0.491756	0.0102100
1.89041	0.467586	0.0100372
1.89396	0.485566	0.0106677
1.89750	0.483164	0.0117439
1.90104	0.496840	0.0150509
1.90457	0.523265	0.0157488
1.90810	0.528060	0.0148277
1.91162	0.516882	0.0136158
1.91513	0.535583	0.0127717
1.91865	0.521599	0.0126997
1.92215	0.524184	0.0127615
1.92565	0.497703	0.0122219
1.92915	0.495087	0.0111017
1.93264	0.503216	0.0107438
1.93612	0.470627	0.00882561
1.93961	0.474908	0.00839267
1.94308	0.464996	0.00781052
1.94655	0.461883	0.00758454
1.95002	0.469599	0.00817717
1.95348	0.454790	0.00903745
1.95693	0.456822	0.00957233
1.96038	0.474499	0.00961338
1.96383	0.476701	0.00898650
1.96727	0.480121	0.00879019
1.97071	0.459125	0.00833469
1.97414	0.449572	0.00809397
1.97757	0.441908	0.00738643
1.98099	0.423702	0.00677990
1.98441	0.434316	0.00597292
1.98782	0.436088	0.00570107
1.99123	0.450804	0.00573456
1.99463	0.456000	0.00659950
1.99803	0.449174	0.00951800
2.00142	0.456882	0.0126424
2.00481	0.438031	0.0145943
2.00819	0.476938	0.0129346
2.01157	0.450413	0.0104336
2.01495	0.446079	0.00985737
2.01832	0.466773	0.00916087
2.02169	0.465120	0.00834036
2.02505	0.466190	0.00834079
2.02840	0.469444	0.00791809
2.03176	0.484104	0.00788961
2.03510	0.471293	0.00725324
2.03845	0.486050	0.00799710
2.04178	0.490007	0.00826715
2.04512	0.490040	0.00784295
2.04845	0.480344	0.00753496
2.05177	0.485754	0.00826028
2.05509	0.509721	0.00932031
2.05841	0.514590	0.00905802
2.06172	0.508012	0.00841647
2.06503	0.511959	0.00724070
2.06833	0.513365	0.00751941
2.07163	0.511012	0.00776683
2.07492	0.518779	0.00748021
2.07821	0.516949	0.00709822
2.08149	0.516764	0.00643264
2.08477	0.525838	0.00654336
2.08805	0.523252	0.00684780
2.09132	0.532943	0.00684708
2.09458	0.537544	0.00658825
2.09785	0.542764	0.00643669
2.10110	0.542599	0.00641244
2.10436	0.556224	0.00682180
2.10760	0.563003	0.00709676
2.11085	0.556222	0.00724294
2.11409	0.563932	0.00733783
2.11732	0.566261	0.00735217
2.12055	0.565012	0.00735505
2.12377	0.571450	0.00739182
2.12700	0.564139	0.00721530
2.13021	0.573580	0.00731589
2.13342	0.566527	0.00742858
2.13663	0.581218	0.00696215
2.13983	0.571044	0.00671942
2.14303	0.588776	0.00680710
2.14622	0.587767	0.00726091
2.14941	0.585733	0.00815926
2.15259	0.580534	0.00855207
2.15577	0.581915	0.00858556
2.15895	0.580473	0.00783966
2.16212	0.580766	0.00743409
2.16528	0.589742	0.00753217
2.16844	0.599488	0.00780632
2.17159	0.586575	0.00758508
2.17474	0.590592	0.00763676
2.17789	0.584684	0.00836169
2.18103	0.591695	0.00808092
2.18417	0.588926	0.00814743
2.18730	0.590561	0.00798680
2.19042	0.589030	0.00769186
2.19355	0.579376	0.00824913
2.19666	0.588371	0.00834965
2.19977	0.582859	0.00845359
2.20288	0.571876	0.00822010
2.20598	0.561264	0.00789449
2.20908	0.575823	0.00810502
2.21217	0.580762	0.00839400
2.21526	0.579468	0.00828827
2.21834	0.569716	0.00809094
2.22142	0.564069	0.00765507
2.22449	0.584466	0.00789752
2.22755	0.574245	0.00802884
2.23061	0.587746	0.00853395
2.23367	0.570098	0.00830294
2.23672	0.565667	0.00824855
2.23977	0.570087	0.00838186
2.24281	0.569210	0.00797505
2.24585	0.567088	0.00805403
2.24888	0.559648	0.00811900
2.25190	0.568957	0.00836472
2.25492	0.573679	0.00844751
2.25794	0.571135	0.00841860
2.26095	0.553566	0.00828512
2.26396	0.563027	0.00836086
2.26696	0.557618	0.00842495
2.26995	0.543374	0.00842567
2.27294	0.542962	0.00844544
2.27593	0.548990	0.00862220
2.27890	0.549041	0.00859657
2.28188	0.538698	0.00856577
2.28485	0.551539	0.00857962
2.28781	0.553983	0.00866321
2.29077	0.521360	0.00845078
2.29372	0.497625	0.00839959
2.29667	0.458399	0.00852063
2.29961	0.444339	0.00830942
2.30255	0.463130	0.00846375
2.30548	0.466589	0.00836065
2.30841	0.460178	0.00824098
2.31133	0.465985	0.00815409
2.31425	0.477985	0.00926087
2.31716	0.454668	0.00858970
2.32007	0.442653	0.00869414
2.32297	0.429199	0.00855621
2.32587	0.419275	0.00823918
2.32876	0.414555	0.00815696
2.33165	0.415393	0.00839343
2.33453	0.420838	0.00829586
2.33741	0.423099	0.00854363
2.34028	0.426201	0.00883311
2.34315	0.431758	0.00890740
2.34601	0.433447	0.00914455
2.34887	0.444530	0.00949837
2.35172	0.415846	0.00946990
2.35457	0.405763	0.00939466
2.35741	0.399320	0.00906965
2.36025	0.398108	0.00902414
2.36309	0.416127	0.00952793
2.36592	0.396958	0.0101451
2.36874	0.398532	0.0119273
2.37156	0.396830	0.0111054
2.37438	0.412695	0.0104537
2.37719	0.412904	0.0100805
2.38000	0.412974	0.00977205
2.38281	0.371001	0.00966367
2.38561	0.392599	0.00993914
2.38841	0.397398	0.0100694
2.39120	0.395108	0.00995648
2.39399	0.384569	0.00991197
2.39677	0.365972	0.00958763
2.39956	0.381361	0.00968340
2.40234	0.349077	0.00955357
2.40511	0.353526	0.00997319
2.40789	0.352738	0.0101352
2.41066	0.360784	0.0103419
2.41342	0.349910	0.0107862
2.41619	0.349320	0.0115936
2.41895	0.349813	0.0116197
2.42171	0.333778	0.0110960
2.42447	0.337206	0.0102773
2.42722	0.338383	0.0100747
2.42997	0.332338	0.0103108
2.43273	0.321533	0.0115486
2.43547	0.312039	0.0123840
2.43822	0.333882	0.0120703
2.44097	0.322483	0.0111089
2.44372	0.318648	0.0123590
2.44646	0.310238	0.0144622
2.44921	0.312696	0.0162009
2.45195	0.311561	0.0145911
2.45469	0.320081	0.0127283
2.45744	0.310898	0.0113599
2.46018	0.308270	0.0116623
2.46292	0.296228	0.0119011
2.46567	0.323957	0.0126230
2.46842	0.293620	0.0131715
2.47116	0.268653	0.0145828
2.47391	0.263488	0.0146388
2.47666	0.285699	0.0145178
2.47941	0.261768	0.0146753
2.48217	0.288739	0.0170416
2.48493	0.285288	0.0189739
2.48769	0.285154	0.0195221
2.49045	0.257238	0.0198840
2.49322	0.259743	0.0207281
2.49599	0.235110	0.0189906
2.49876	0.254091	0.0174226
2.50154	0.235982	0.0172865
2.50433	0.236135	0.0195037
2.50712	0.249695	0.0217076
2.50991	0.237127	0.0232559
2.51271	0.251403	0.0261590
2.51552	0.255927	0.0337365
2.51834	0.256214	0.0344945
2.52116	0.277505	0.0326516
2.52399	0.227356	0.0311414
2.52683	0.254334	0.0368745
2.52968	0.277534	0.0495188
2.53253	0.223885	0.0649298
2.53540	0.356423	0.0743950
2.53827	0.239316	0.0726948
2.54116	0.294243	0.0637399
2.54406	0.0561242	0.0786642
2.54697	0.0602758	0.107605
2.54989	0.279373	0.145572
2.55282	0.228493	0.151862
