#  ----------------------------------------------------------------------------------
# SpeX prism spectrum of 2MASSW J0208183+254253 (J02081833+2542533)
# Originally observed on 2007 Sep 16
# Average resolution = 120
# Originally published in Burgasser et al. (2008) ApJ, 681, 579
#
# PLEASE CITE THE ORIGINAL DATA REFERENCE WHEN PUBLISHING OR PRESENTING THESE DATA
#
# Optical spectral type: L1
# J magnitude = 13.989
# H magnitude = 13.107
# Ks magnitude = 12.588
#
#  Wavelength (micron)   F_lambda (normalized)  Noise (normalized as F_lambda)
#  ----------------------------------------------------------------------------------
0.649405	-0.126168	0.0881113
0.651628	0.0370664	0.0826761
0.653840	-0.0321179	0.0761196
0.656041	-0.00740698	0.0746651
0.658233	0.153827	0.0690805
0.660416	0.227857	0.0664658
0.662592	0.0989499	0.0639159
0.664761	0.100399	0.0650582
0.666924	-0.0346593	0.0630763
0.669083	0.0312962	0.0640182
0.671237	-0.115544	0.0598995
0.673388	0.150988	0.0599204
0.675537	0.0239711	0.0607147
0.677685	0.0388249	0.0543901
0.679832	-0.0297152	0.0525004
0.681978	-0.0319105	0.0534181
0.684126	0.120882	0.0484892
0.686276	0.00259777	0.0488235
0.688427	0.0858992	0.0463876
0.690582	0.0311564	0.0445557
0.692740	0.170363	0.0436435
0.694903	0.0870081	0.0414400
0.697070	0.106781	0.0387466
0.699244	0.0305716	0.0395854
0.701423	0.112313	0.0351287
0.703609	0.100154	0.0338514
0.705803	0.134258	0.0301208
0.708005	0.103976	0.0247797
0.710215	0.0715877	0.0195983
0.712434	0.0518146	0.0164749
0.714663	0.0679017	0.0197731
0.716902	0.0918115	0.0238228
0.719151	0.0707374	0.0230783
0.721411	0.0488714	0.0240546
0.723683	0.122437	0.0240979
0.725967	-0.000318887	0.0230653
0.728262	0.00159616	0.0225536
0.730571	0.0911693	0.0230026
0.732893	0.106767	0.0218047
0.735228	0.0618259	0.0211829
0.737577	0.105655	0.0202234
0.739941	0.0921174	0.0201281
0.742319	0.0785664	0.0191055
0.744711	0.0646719	0.0185713
0.747119	0.0949376	0.0176072
0.749543	0.0449466	0.0182064
0.751982	0.0714851	0.0172101
0.754438	0.0584274	0.0180748
0.756910	0.0586183	0.0183115
0.759398	0.0861886	0.0214045
0.761903	0.0129930	0.0206951
0.764426	-0.0421914	0.0203564
0.766965	0.000394136	0.0193235
0.769522	-0.00860848	0.0186377
0.772097	0.0471375	0.0167467
0.774690	0.0341660	0.0156973
0.777301	0.0682348	0.0146475
0.779930	0.0970066	0.0144131
0.782577	0.0863261	0.0133574
0.785243	0.0785502	0.0132189
0.787928	0.0812676	0.0130488
0.790632	0.0830419	0.0136216
0.793354	0.0882240	0.0130671
0.796096	0.0928539	0.0142112
0.798857	0.105554	0.0137256
0.801637	0.129072	0.0135173
0.804436	0.131236	0.0134646
0.807255	0.124299	0.0135022
0.810093	0.142594	0.0125909
0.812951	0.180505	0.0130862
0.815828	0.177328	0.0127528
0.818725	0.182538	0.0130009
0.821641	0.200271	0.0129063
0.824578	0.201561	0.0126857
0.827533	0.204971	0.0120302
0.830509	0.214844	0.0121197
0.833504	0.207520	0.0120636
0.836520	0.246912	0.0123532
0.839554	0.217890	0.0118950
0.842609	0.194072	0.0129033
0.845683	0.195447	0.0113487
0.848777	0.203219	0.0112766
0.851890	0.203537	0.0107012
0.855023	0.210001	0.0104924
0.858176	0.179154	0.00978707
0.861347	0.186321	0.00999349
0.864539	0.197439	0.00949441
0.867749	0.177195	0.00949464
0.870979	0.180793	0.00932072
0.874228	0.193510	0.00956827
0.877496	0.249568	0.0118360
0.880784	0.216275	0.0100512
0.884090	0.255885	0.00978384
0.887415	0.264675	0.00977681
0.890758	0.256748	0.00975596
0.894121	0.274077	0.0100394
0.897501	0.305579	0.00947366
0.900901	0.316861	0.00916423
0.904318	0.314348	0.00943912
0.907754	0.320508	0.00969358
0.911207	0.347261	0.00955792
0.914679	0.382433	0.00961619
0.918168	0.424398	0.00948122
0.921675	0.411613	0.00953471
0.925200	0.437527	0.00966307
0.928741	0.435806	0.00999650
0.932300	0.418138	0.0101807
0.935876	0.449199	0.0101912
0.939469	0.453902	0.00997152
0.943078	0.472866	0.0100211
0.946705	0.515380	0.00990190
0.950347	0.548164	0.0106432
0.954006	0.552154	0.00917605
0.957680	0.537495	0.00889983
0.961371	0.536652	0.00892955
0.965077	0.540678	0.00888146
0.968799	0.537695	0.00816377
0.972537	0.575197	0.00807976
0.976289	0.585736	0.00806696
0.980056	0.584659	0.00781906
0.983838	0.606139	0.00733363
0.987635	0.543157	0.00718927
0.991446	0.490008	0.00734469
0.995272	0.440277	0.00737640
0.999111	0.441169	0.00737903
1.00296	0.493005	0.00721630
1.00683	0.523126	0.00704168
1.01071	0.536032	0.00716227
1.01461	0.549714	0.00725402
1.01851	0.555622	0.00710343
1.02243	0.547900	0.00703476
1.02636	0.548731	0.00702069
1.03031	0.573774	0.00676796
1.03427	0.576982	0.00682150
1.03823	0.621135	0.00688440
1.04221	0.630942	0.00670117
1.04621	0.642955	0.00654409
1.05021	0.637175	0.00618301
1.05423	0.632471	0.00584585
1.05825	0.604415	0.00549273
1.06229	0.622404	0.00550858
1.06634	0.648182	0.00571622
1.07039	0.688239	0.00605493
1.07446	0.706800	0.00614851
1.07854	0.743674	0.00652040
1.08263	0.784487	0.00653497
1.08672	0.831861	0.00665172
1.09083	0.842301	0.00670259
1.09495	0.876383	0.00659713
1.09907	0.863926	0.00668454
1.10320	0.864198	0.00652773
1.10734	0.857905	0.00625950
1.11149	0.837630	0.00609760
1.11565	0.827460	0.00591026
1.11982	0.839395	0.00589615
1.12399	0.825962	0.00608772
1.12817	0.840175	0.00656501
1.13236	0.797917	0.00665797
1.13655	0.805819	0.00678260
1.14076	0.781146	0.00669176
1.14496	0.836776	0.00649026
1.14918	0.861291	0.00652154
1.15340	0.890867	0.00650613
1.15763	0.913848	0.00622576
1.16186	0.900762	0.00610517
1.16610	0.863031	0.00564478
1.17034	0.824332	0.00528671
1.17459	0.786653	0.00490484
1.17884	0.797774	0.00476736
1.18310	0.792656	0.00453699
1.18737	0.820820	0.00461713
1.19163	0.797553	0.00463662
1.19591	0.766217	0.00501290
1.20018	0.754618	0.00512994
1.20446	0.739583	0.00529097
1.20874	0.777916	0.00548318
1.21303	0.828819	0.00534675
1.21732	0.850099	0.00543847
1.22161	0.881716	0.00552771
1.22591	0.901543	0.00538840
1.23021	0.905074	0.00546915
1.23451	0.882521	0.00522905
1.23881	0.843471	0.00491903
1.24312	0.816811	0.00471183
1.24743	0.802890	0.00461098
1.25174	0.822745	0.00448067
1.25605	0.880532	0.00479054
1.26036	0.909820	0.00513363
1.26467	0.944187	0.00609993
1.26899	0.956116	0.00656567
1.27330	1.00193	0.00719779
1.27762	1.01148	0.00689088
1.28194	1.01304	0.00646508
1.28626	0.998076	0.00608997
1.29057	1.00761	0.00571100
1.29489	0.991050	0.00551067
1.29921	0.997010	0.00553183
1.30353	0.993184	0.00583778
1.30785	0.981442	0.00548539
1.31216	0.992122	0.00532599
1.31648	1.00389	0.00529981
1.32079	1.01110	0.00505966
1.32511	1.00653	0.00496736
1.32942	0.909775	0.00462002
1.33374	0.838100	0.00442300
1.33805	0.749672	0.00434265
1.34236	0.731735	0.00449301
1.34666	0.695405	0.00492213
1.35097	0.684181	0.00547121
1.35527	0.611100	0.00638152
1.35958	0.537784	0.00831587
1.36388	0.514967	0.00943844
1.36817	0.525872	0.0102246
1.37247	0.605934	0.0105880
1.37676	0.624359	0.0100512
1.38105	0.595354	0.00957828
1.38534	0.641925	0.00918963
1.38962	0.653247	0.00912172
1.39390	0.699467	0.00919399
1.39818	0.597743	0.00903698
1.40246	0.547806	0.00882824
1.40673	0.545148	0.00867528
1.41100	0.583602	0.00822609
1.41526	0.571800	0.00762537
1.41952	0.600526	0.00694818
1.42378	0.577693	0.00620343
1.42803	0.566690	0.00551937
1.43228	0.550741	0.00542578
1.43653	0.549341	0.00534736
1.44077	0.529665	0.00503498
1.44501	0.559456	0.00488730
1.44924	0.558114	0.00503946
1.45347	0.586495	0.00534785
1.45769	0.607837	0.00560512
1.46191	0.609200	0.00539826
1.46612	0.591365	0.00521010
1.47033	0.579651	0.00504031
1.47454	0.570825	0.00515300
1.47874	0.577263	0.00530342
1.48293	0.580045	0.00535037
1.48712	0.596648	0.00543160
1.49130	0.599006	0.00486056
1.49548	0.618205	0.00447402
1.49966	0.629810	0.00499133
1.50383	0.645604	0.00541119
1.50799	0.637175	0.00543468
1.51215	0.646416	0.00536704
1.51630	0.657538	0.00448776
1.52045	0.674815	0.00469864
1.52459	0.674395	0.00487395
1.52872	0.703398	0.00538726
1.53285	0.711504	0.00650003
1.53698	0.715544	0.00526177
1.54109	0.709716	0.00509894
1.54521	0.732615	0.00483901
1.54931	0.734254	0.00488969
1.55341	0.751644	0.00484919
1.55751	0.753389	0.00497320
1.56159	0.767088	0.00528499
1.56568	0.754204	0.00502001
1.56975	0.763902	0.00486065
1.57382	0.761814	0.00437962
1.57789	0.774564	0.00491274
1.58194	0.761888	0.00567454
1.58599	0.763464	0.00590206
1.59004	0.742918	0.00548324
1.59408	0.778217	0.00471450
1.59811	0.781605	0.00459371
1.60214	0.794002	0.00519197
1.60615	0.761674	0.00533912
1.61017	0.749030	0.00576842
1.61417	0.759973	0.00533960
1.61817	0.759479	0.00579129
1.62217	0.765827	0.00529037
1.62615	0.763836	0.00501779
1.63014	0.752037	0.00495498
1.63411	0.773998	0.00485843
1.63808	0.771079	0.00485461
1.64204	0.787414	0.00515378
1.64599	0.799247	0.00522413
1.64994	0.821849	0.00524865
1.65388	0.805669	0.00485676
1.65782	0.805877	0.00444775
1.66174	0.800962	0.00406709
1.66567	0.805549	0.00509879
1.66958	0.794042	0.00574507
1.67349	0.812390	0.00584323
1.67739	0.822903	0.00524055
1.68129	0.821721	0.00434225
1.68518	0.808174	0.00442042
1.68906	0.823047	0.00507212
1.69293	0.806152	0.00520992
1.69680	0.813108	0.00556108
1.70067	0.798614	0.00523094
1.70452	0.802185	0.00520300
1.70837	0.791214	0.00523335
1.71221	0.782431	0.00491389
1.71605	0.769357	0.00478903
1.71988	0.763209	0.00472846
1.72371	0.739965	0.00451982
1.72752	0.738610	0.00469486
1.73133	0.719019	0.00466504
1.73514	0.707754	0.00474053
1.73894	0.689654	0.00483179
1.74273	0.689770	0.00503860
1.74651	0.671405	0.00476141
1.75029	0.658194	0.00441875
1.75406	0.633900	0.00385311
1.75783	0.631437	0.00376567
1.76159	0.609822	0.00471537
1.76534	0.607381	0.00543073
1.76909	0.588982	0.00545175
1.77283	0.590228	0.00510221
1.77657	0.570578	0.00397431
1.78029	0.560732	0.00393743
1.78402	0.534933	0.00447298
1.78773	0.534715	0.00487260
1.79144	0.543009	0.00480181
1.79515	0.549326	0.00532956
1.79884	0.512074	0.00537452
1.80254	0.515378	0.00589857
1.80622	0.512763	0.00631526
1.80990	0.520749	0.00637321
1.81358	0.510167	0.00628807
1.81724	0.495836	0.00632293
1.82091	0.514789	0.00640767
1.82456	0.517357	0.00731125
1.82821	0.538757	0.00837163
1.83186	0.525033	0.00890114
1.83549	0.434713	0.00863078
1.83913	0.408552	0.00946639
1.84275	0.424423	0.0110615
1.84638	0.453627	0.0119489
1.84999	0.478637	0.0121479
1.85360	0.417360	0.0111360
1.85721	0.393409	0.0104198
1.86080	0.459428	0.00996447
1.86440	0.489086	0.0102735
1.86798	0.450642	0.0105866
1.87157	0.312931	0.0113006
1.87514	0.298268	0.0113576
1.87871	0.395517	0.0102325
1.88228	0.487687	0.00844035
1.88584	0.496547	0.00710670
1.88939	0.465889	0.00675470
1.89294	0.496091	0.00693299
1.89649	0.447057	0.00730523
1.90003	0.429902	0.00779780
1.90356	0.405713	0.00836572
1.90709	0.447119	0.00889612
1.91061	0.450466	0.00837889
1.91413	0.469872	0.00756214
1.91764	0.474190	0.00739823
1.92115	0.497573	0.00812197
1.92465	0.485372	0.00782590
1.92815	0.451283	0.00712768
1.93164	0.455069	0.00651221
1.93513	0.450597	0.00558102
1.93861	0.468455	0.00524231
1.94209	0.419977	0.00460387
1.94556	0.418207	0.00434464
1.94903	0.413151	0.00463896
1.95249	0.420911	0.00507388
1.95594	0.393353	0.00525551
1.95940	0.399389	0.00537967
1.96284	0.411138	0.00522610
1.96629	0.423514	0.00514203
1.96972	0.411722	0.00490434
1.97316	0.410312	0.00492994
1.97659	0.389640	0.00447638
1.98001	0.382479	0.00413410
1.98343	0.379814	0.00362907
1.98684	0.387238	0.00333482
1.99025	0.396280	0.00331509
1.99365	0.419120	0.00362473
1.99705	0.416921	0.00487023
2.00045	0.374284	0.00606795
2.00384	0.344382	0.00681034
2.00723	0.349267	0.00683686
2.01061	0.377606	0.00546541
2.01398	0.379761	0.00495621
2.01735	0.368753	0.00457019
2.02072	0.393003	0.00433205
2.02408	0.407066	0.00464167
2.02744	0.411850	0.00455570
2.03080	0.414281	0.00449834
2.03415	0.412988	0.00419822
2.03749	0.407719	0.00425768
2.04083	0.418268	0.00437234
2.04416	0.429302	0.00432055
2.04750	0.428250	0.00435679
2.05082	0.416187	0.00409989
2.05414	0.403026	0.00480306
2.05746	0.420127	0.00475443
2.06077	0.424356	0.00457616
2.06408	0.423945	0.00383124
2.06738	0.423018	0.00359100
2.07068	0.413405	0.00396116
2.07398	0.432796	0.00394320
2.07727	0.428805	0.00379614
2.08055	0.442574	0.00342927
2.08383	0.441367	0.00337354
2.08711	0.438860	0.00353750
2.09038	0.446951	0.00356274
2.09365	0.453494	0.00341501
2.09691	0.451169	0.00324271
2.10017	0.455677	0.00312746
2.10342	0.454368	0.00331676
2.10667	0.469650	0.00390679
2.10992	0.463414	0.00369287
2.11316	0.466239	0.00377130
2.11639	0.463936	0.00374431
2.11963	0.477451	0.00366589
2.12285	0.471031	0.00376415
2.12607	0.477853	0.00363116
2.12929	0.471327	0.00386528
2.13250	0.474626	0.00345342
2.13571	0.476492	0.00331756
2.13892	0.483584	0.00322550
2.14211	0.479476	0.00314600
2.14531	0.489125	0.00325592
2.14850	0.486506	0.00382883
2.15168	0.493957	0.00424837
2.15486	0.486115	0.00432941
2.15804	0.492743	0.00408978
2.16121	0.491546	0.00357958
2.16437	0.496398	0.00339805
2.16754	0.499475	0.00339544
2.17069	0.502911	0.00350208
2.17384	0.501792	0.00352202
2.17699	0.495346	0.00372984
2.18013	0.488599	0.00385728
2.18327	0.487354	0.00392052
2.18640	0.481066	0.00387613
2.18953	0.487278	0.00360467
2.19265	0.488997	0.00383760
2.19577	0.487877	0.00401930
2.19888	0.482686	0.00399247
2.20199	0.473672	0.00394785
2.20509	0.468633	0.00368900
2.20819	0.477631	0.00399467
2.21129	0.470440	0.00395005
2.21437	0.476615	0.00389789
2.21746	0.487044	0.00385534
2.22053	0.479772	0.00354612
2.22361	0.476845	0.00347361
2.22668	0.481627	0.00358781
2.22974	0.481102	0.00384851
2.23280	0.473691	0.00387720
2.23585	0.472861	0.00379042
2.23890	0.476427	0.00361806
2.24194	0.468004	0.00344831
2.24498	0.470735	0.00355491
2.24801	0.471947	0.00361410
2.25104	0.474839	0.00372579
2.25406	0.464759	0.00367944
2.25708	0.473896	0.00369697
2.26009	0.461365	0.00355901
2.26310	0.458369	0.00355850
2.26610	0.452412	0.00358813
2.26909	0.451555	0.00365967
2.27209	0.451265	0.00371117
2.27507	0.451680	0.00375608
2.27805	0.451675	0.00370232
2.28103	0.453654	0.00367567
2.28400	0.438850	0.00358876
2.28696	0.454483	0.00365614
2.28992	0.451329	0.00367254
2.29288	0.415825	0.00367496
2.29583	0.392859	0.00368590
2.29877	0.365177	0.00370343
2.30171	0.363246	0.00368609
2.30465	0.366023	0.00364496
2.30757	0.380989	0.00363314
2.31050	0.388007	0.00365878
2.31342	0.386704	0.00368020
2.31633	0.378908	0.00386195
2.31924	0.369680	0.00377014
2.32214	0.345811	0.00376461
2.32504	0.339755	0.00375723
2.32793	0.332173	0.00371040
2.33082	0.336796	0.00367793
2.33371	0.346635	0.00373231
2.33658	0.342197	0.00375492
2.33946	0.349219	0.00385615
2.34233	0.346135	0.00392808
2.34519	0.343697	0.00401298
2.34805	0.349086	0.00413015
2.35090	0.339628	0.00420668
2.35375	0.325516	0.00419021
2.35660	0.315303	0.00417206
2.35944	0.322385	0.00406994
2.36228	0.329521	0.00406292
2.36511	0.326344	0.00413961
2.36793	0.326301	0.00430070
2.37076	0.312234	0.00444431
2.37357	0.323190	0.00459077
2.37639	0.327865	0.00460866
2.37920	0.332521	0.00476890
2.38200	0.317238	0.00528233
2.38481	0.313501	0.00525658
2.38760	0.296598	0.00488901
2.39040	0.317377	0.00471622
2.39319	0.314291	0.00460116
2.39598	0.314456	0.00461761
2.39876	0.310766	0.00455626
2.40154	0.305931	0.00467306
2.40432	0.309932	0.00475656
2.40709	0.295668	0.00489083
2.40986	0.288855	0.00499917
2.41263	0.289919	0.00523475
2.41540	0.291586	0.00553955
2.41816	0.275729	0.00568912
2.42092	0.269252	0.00555651
2.42368	0.283711	0.00532051
2.42643	0.264972	0.00499449
2.42919	0.284403	0.00510622
2.43194	0.263857	0.00552146
2.43469	0.271629	0.00621540
2.43744	0.264102	0.00608980
2.44018	0.271928	0.00595249
2.44293	0.265318	0.00590142
2.44568	0.258328	0.00638750
2.44842	0.234953	0.00693369
2.45116	0.226002	0.00729529
2.45391	0.238001	0.00664419
2.45665	0.243523	0.00621268
2.45939	0.253519	0.00640894
2.46214	0.245524	0.00686337
2.46488	0.149426	0.00578672
2.46763	0.260282	0.00709243
2.47038	0.223128	0.00741321
2.47312	0.214395	0.00774663
2.47587	0.218930	0.00805101
2.47863	0.227455	0.00828727
2.48138	0.238603	0.00899631
2.48414	0.219821	0.0101383
2.48690	0.204364	0.0110279
2.48966	0.240961	0.0116814
2.49242	0.196172	0.0118291
2.49519	0.233863	0.0114055
2.49797	0.231011	0.0109573
2.50075	0.219510	0.0107549
2.50353	0.238593	0.0113433
2.50632	0.214393	0.0124322
2.50911	0.249486	0.0142313
2.51191	0.206219	0.0159973
2.51472	0.215273	0.0185316
2.51753	0.210523	0.0206361
2.52035	0.240134	0.0213024
2.52318	0.249000	0.0223535
2.52602	0.260799	0.0239054
2.52886	0.207077	0.0289554
2.53171	0.167654	0.0376550
2.53458	0.139944	0.0452089
2.53745	0.190335	0.0508519
2.54033	0.179638	0.0533539
2.54323	0.331042	0.0598196
2.54613	0.157623	0.0703914
2.54905	0.0828373	0.0870051
2.55198	0.206822	0.101400
2.55492	0.283147	0.0952910
