#  ----------------------------------------------------------------------------------
# SpeX prism spectrum of 2MASSW J1506544+132106 (J15065441+1321060)
# Originally observed on 2006 Apr 10
# Average resolution = 120
# Originally published in Burgasser (2007) ApJ, 659, 655
#
# PLEASE CITE THE ORIGINAL DATA REFERENCE WHEN PUBLISHING OR PRESENTING THESE DATA
#
# Optical spectral type: L3
# J magnitude = 13.365
# H magnitude = 12.38
# Ks magnitude = 11.741
#
#  Wavelength (micron)   F_lambda (normalized)  Noise (normalized as F_lambda)
#  ----------------------------------------------------------------------------------
0.653228	-0.177220	0.124194
0.655432	0.170763	0.116687
0.657627	0.124599	0.0995217
0.659812	0.0953835	0.0957245
0.661990	-0.00326561	0.103620
0.664160	-0.0713775	0.0954962
0.666325	0.122431	0.0958487
0.668485	0.150483	0.0973083
0.670640	-0.0306677	0.0897655
0.672792	0.0584832	0.0906624
0.674942	0.0658812	0.0849236
0.677090	0.00905217	0.0831327
0.679236	-0.0695046	0.0789800
0.681383	-0.00456378	0.0796972
0.683531	0.0927388	0.0743491
0.685680	0.142236	0.0772465
0.687831	-0.0752478	0.0753521
0.689984	-0.0850627	0.0729016
0.692141	0.0357170	0.0672033
0.694303	0.0214804	0.0604595
0.696469	0.108895	0.0606934
0.698641	0.0384570	0.0578720
0.700818	0.0397302	0.0540451
0.703003	0.0350923	0.0572346
0.705194	-0.0254560	0.0510139
0.707394	0.00301221	0.0492102
0.709601	0.0624191	0.0459914
0.711818	0.0792406	0.0465443
0.714044	0.0737653	0.0440487
0.716280	0.0910301	0.0434824
0.718526	0.0650938	0.0401333
0.720783	0.108215	0.0407648
0.723052	-0.0308537	0.0390586
0.725332	0.0711553	0.0393460
0.727625	0.103112	0.0365018
0.729930	0.0456501	0.0347079
0.732248	0.103066	0.0336356
0.734580	0.0319903	0.0358971
0.736925	0.119328	0.0310831
0.739284	0.0273568	0.0310731
0.741658	0.0485590	0.0292262
0.744047	0.109804	0.0291403
0.746450	0.0132141	0.0275545
0.748870	0.134053	0.0272163
0.751305	0.110646	0.0246684
0.753756	0.0128484	0.0258678
0.756223	0.0965771	0.0254962
0.758707	0.0420262	0.0285336
0.761207	0.0705629	0.0288775
0.763725	-0.0291876	0.0295209
0.766259	0.0202856	0.0251460
0.768812	0.00327894	0.0232325
0.771382	0.0299542	0.0210270
0.773970	0.0476412	0.0213929
0.776575	0.0295987	0.0198930
0.779199	0.0656384	0.0205314
0.781842	0.0553588	0.0202713
0.784503	0.103690	0.0199582
0.787182	0.0979088	0.0193033
0.789881	0.125233	0.0192624
0.792598	0.100643	0.0186872
0.795334	0.0803002	0.0187696
0.798090	0.103689	0.0192384
0.800864	0.0757634	0.0179177
0.803658	0.124421	0.0173243
0.806471	0.160721	0.0174649
0.809304	0.148040	0.0168530
0.812156	0.184075	0.0167200
0.815028	0.149461	0.0163921
0.817920	0.137848	0.0165867
0.820831	0.188380	0.0160447
0.823762	0.208443	0.0163360
0.826712	0.220742	0.0159960
0.829682	0.199166	0.0169426
0.832672	0.181342	0.0156864
0.835682	0.230914	0.0154734
0.838711	0.185874	0.0151724
0.841760	0.192650	0.0151932
0.844829	0.206381	0.0144358
0.847917	0.183054	0.0143321
0.851025	0.184956	0.0133932
0.854153	0.198605	0.0132622
0.857300	0.195922	0.0125210
0.860466	0.172263	0.0125648
0.863652	0.156023	0.0124104
0.866858	0.148139	0.0125257
0.870082	0.115352	0.0118370
0.873326	0.146946	0.0120199
0.876589	0.140683	0.0122046
0.879871	0.233755	0.0125915
0.883172	0.195780	0.0123393
0.886491	0.214027	0.0125103
0.889830	0.192338	0.0120054
0.893187	0.202186	0.0119639
0.896563	0.223954	0.0119172
0.899957	0.247542	0.0118670
0.903369	0.238556	0.0109905
0.906800	0.250080	0.0107820
0.910248	0.297352	0.0107061
0.913715	0.334417	0.0149708
0.917199	0.325784	0.0106309
0.920701	0.335533	0.0103659
0.924221	0.321620	0.0100652
0.927758	0.344414	0.0118358
0.931312	0.367369	0.0116649
0.934883	0.390678	0.0125715
0.938471	0.377172	0.0124367
0.942076	0.389626	0.0132612
0.945698	0.443804	0.0118576
0.949336	0.426053	0.0117350
0.952990	0.450665	0.0108963
0.956660	0.431379	0.0102010
0.960347	0.442248	0.00972319
0.964049	0.477979	0.00974165
0.967766	0.470426	0.00970778
0.971499	0.478015	0.00951340
0.975247	0.508831	0.00971548
0.979011	0.523778	0.00970950
0.982789	0.514777	0.00945747
0.986581	0.464120	0.00936966
0.990389	0.412761	0.0106741
0.994210	0.325986	0.0101176
0.998046	0.324233	0.0102175
1.00190	0.366433	0.00907974
1.00576	0.391867	0.00879606
1.00964	0.424801	0.00871334
1.01353	0.431507	0.00875411
1.01743	0.450092	0.00989154
1.02134	0.452490	0.00894890
1.02527	0.463486	0.00919188
1.02921	0.465153	0.00894467
1.03317	0.502809	0.00921516
1.03713	0.517071	0.00907978
1.04111	0.549423	0.00889674
1.04510	0.566064	0.00865639
1.04910	0.572693	0.00834418
1.05311	0.567932	0.00767341
1.05713	0.563866	0.00721484
1.06117	0.571408	0.00696125
1.06521	0.595151	0.00723046
1.06927	0.614433	0.00777503
1.07333	0.645390	0.00809076
1.07741	0.659852	0.00841174
1.08149	0.693840	0.00862135
1.08559	0.744843	0.00857702
1.08969	0.763667	0.00889846
1.09380	0.747131	0.00838591
1.09793	0.742746	0.00836835
1.10206	0.758051	0.00814626
1.10620	0.749316	0.00769698
1.11034	0.737111	0.00744968
1.11450	0.762423	0.00781922
1.11866	0.763555	0.00714739
1.12283	0.793643	0.00793054
1.12701	0.786034	0.00791112
1.13120	0.754771	0.00811708
1.13539	0.706902	0.00811874
1.13959	0.712382	0.00847451
1.14380	0.728969	0.00930660
1.14801	0.811497	0.00841785
1.15223	0.823756	0.00831992
1.15645	0.830874	0.00805718
1.16069	0.793539	0.00793428
1.16492	0.768321	0.00733789
1.16917	0.745119	0.00678049
1.17341	0.689747	0.00624127
1.17766	0.721881	0.00590904
1.18192	0.751846	0.00574219
1.18618	0.773546	0.00571566
1.19045	0.757689	0.00572611
1.19472	0.723769	0.00625458
1.19900	0.707799	0.00663607
1.20327	0.715869	0.00680303
1.20756	0.725891	0.00723903
1.21184	0.779580	0.00700184
1.21613	0.823699	0.00721138
1.22042	0.852638	0.00730216
1.22472	0.869947	0.00708962
1.22902	0.880267	0.00721465
1.23332	0.860219	0.00912374
1.23762	0.812074	0.00648059
1.24193	0.784178	0.00610229
1.24623	0.774621	0.00574106
1.25054	0.812982	0.00560415
1.25485	0.875183	0.00584917
1.25916	0.921578	0.00617742
1.26348	0.959358	0.00694479
1.26779	0.992149	0.00763503
1.27211	1.02460	0.00870448
1.27642	1.03670	0.00847722
1.28074	0.990251	0.00787266
1.28506	0.975882	0.00754490
1.28938	1.00022	0.00720941
1.29370	0.982074	0.00715086
1.29801	1.00625	0.00721906
1.30233	0.996883	0.00701281
1.30665	0.991666	0.00792328
1.31097	0.996072	0.00708184
1.31528	0.999403	0.00675433
1.31960	0.991486	0.00648126
1.32391	0.956475	0.00718761
1.32823	0.858916	0.00576202
1.33254	0.752330	0.00558825
1.33685	0.645285	0.00494823
1.34116	0.591585	0.00480054
1.34547	0.538834	0.00486352
1.34978	0.552240	0.00550074
1.35408	0.533373	0.00612522
1.35838	0.548064	0.00792824
1.36268	0.564339	0.00974312
1.36698	0.553530	0.00979595
1.37128	0.526375	0.00895612
1.37557	0.541929	0.00880969
1.37986	0.550908	0.00892864
1.38415	0.582761	0.00890804
1.38844	0.575980	0.00879497
1.39272	0.564490	0.00827070
1.39700	0.539459	0.00871278
1.40127	0.506537	0.00898417
1.40555	0.496951	0.00927053
1.40982	0.505279	0.00923991
1.41408	0.489573	0.00911753
1.41834	0.476341	0.00825204
1.42260	0.466614	0.00720430
1.42685	0.463428	0.00644768
1.43111	0.461967	0.00660553
1.43535	0.487299	0.00662036
1.43959	0.475332	0.00641753
1.44383	0.489801	0.00657748
1.44807	0.492126	0.00669004
1.45229	0.513417	0.00757399
1.45652	0.509944	0.00762092
1.46074	0.516698	0.00736858
1.46495	0.531528	0.00738524
1.46917	0.508371	0.00842473
1.47337	0.519273	0.00679246
1.47757	0.529015	0.00709822
1.48177	0.536987	0.00711754
1.48596	0.542024	0.00729818
1.49015	0.574218	0.00857183
1.49433	0.550878	0.00602543
1.49850	0.567874	0.00601454
1.50267	0.593124	0.00746481
1.50684	0.583618	0.00767997
1.51100	0.608154	0.00831004
1.51515	0.614446	0.00644549
1.51930	0.628729	0.00754832
1.52344	0.643872	0.00690172
1.52758	0.641482	0.00772610
1.53171	0.662782	0.00767702
1.53583	0.656339	0.00807685
1.53995	0.665491	0.00740347
1.54407	0.682040	0.00674668
1.54818	0.689713	0.00676276
1.55228	0.712123	0.00672153
1.55637	0.712282	0.00681605
1.56046	0.739575	0.00723860
1.56455	0.732941	0.00705570
1.56862	0.747988	0.00674242
1.57270	0.760687	0.00604330
1.57676	0.761190	0.00634808
1.58082	0.754216	0.00778162
1.58487	0.733066	0.00813190
1.58892	0.744736	0.00785873
1.59296	0.752478	0.00655390
1.59699	0.762027	0.00602810
1.60102	0.770518	0.00705670
1.60504	0.766921	0.00757334
1.60906	0.766808	0.00818943
1.61306	0.750145	0.00752499
1.61707	0.758854	0.00752999
1.62106	0.766368	0.00746049
1.62505	0.760221	0.00682926
1.62903	0.765622	0.00681319
1.63301	0.766261	0.00656235
1.63698	0.779393	0.00649146
1.64094	0.789895	0.00684754
1.64490	0.805868	0.00694191
1.64885	0.827315	0.00708757
1.65279	0.813012	0.00663146
1.65673	0.831079	0.00600116
1.66066	0.828659	0.00533339
1.66458	0.837409	0.00670199
1.66850	0.828729	0.00775349
1.67241	0.825282	0.00786590
1.67631	0.829268	0.00779417
1.68021	0.836721	0.00579534
1.68410	0.833891	0.00566419
1.68798	0.828331	0.00666255
1.69186	0.809596	0.00696665
1.69573	0.830289	0.00752178
1.69960	0.818650	0.00727006
1.70345	0.818044	0.00713701
1.70731	0.807843	0.00732882
1.71115	0.790825	0.00665657
1.71499	0.771381	0.00640387
1.71882	0.752880	0.00637814
1.72265	0.741266	0.00599072
1.72647	0.728664	0.00605072
1.73028	0.706029	0.00606535
1.73408	0.693725	0.00617464
1.73788	0.677560	0.00627655
1.74168	0.640492	0.00643565
1.74546	0.649772	0.00620724
1.74924	0.625973	0.00568406
1.75302	0.610417	0.00497762
1.75679	0.597085	0.00465884
1.76055	0.585681	0.00578450
1.76430	0.579740	0.00706116
1.76805	0.566803	0.00720575
1.77179	0.547440	0.00673626
1.77553	0.533363	0.00552232
1.77926	0.516113	0.00476581
1.78298	0.497339	0.00553685
1.78670	0.498194	0.00605957
1.79041	0.489467	0.00589711
1.79412	0.481879	0.00641828
1.79782	0.479848	0.00653661
1.80151	0.473503	0.00687423
1.80520	0.475655	0.00728819
1.80888	0.463187	0.00721230
1.81256	0.478748	0.00721184
1.81623	0.469068	0.00721302
1.81989	0.480804	0.00682879
1.82355	0.468184	0.00702521
1.82720	0.475952	0.00752878
1.83085	0.495479	0.00784439
1.83449	0.492403	0.00791174
1.83812	0.475310	0.00847116
1.84175	0.474996	0.00965979
1.84537	0.440288	0.0102517
1.84899	0.438665	0.0114020
1.85260	0.436069	0.0105800
1.85621	0.414936	0.00958118
1.85981	0.395336	0.00803949
1.86340	0.388482	0.00705604
1.86699	0.416750	0.00812677
1.87057	0.438760	0.0128055
1.87415	0.457223	0.0137746
1.87772	0.439475	0.0106296
1.88129	0.423535	0.00786846
1.88485	0.442541	0.00617124
1.88841	0.421289	0.00609628
1.89196	0.449110	0.00610351
1.89551	0.435282	0.00650907
1.89905	0.453234	0.00706693
1.90258	0.455273	0.00812901
1.90611	0.481452	0.00795174
1.90963	0.479020	0.00759214
1.91315	0.483360	0.00683736
1.91667	0.481146	0.00701734
1.92018	0.473611	0.00759286
1.92368	0.451009	0.00783256
1.92718	0.459704	0.00722178
1.93067	0.451977	0.00657503
1.93416	0.447664	0.00563739
1.93764	0.428815	0.00632343
1.94112	0.417485	0.00512200
1.94460	0.417622	0.00470014
1.94806	0.412687	0.00480527
1.95153	0.412753	0.00540500
1.95499	0.417059	0.00604180
1.95844	0.406783	0.00627331
1.96189	0.412288	0.00601786
1.96533	0.414000	0.00592338
1.96877	0.412283	0.00569561
1.97221	0.401610	0.00556439
1.97564	0.391666	0.00522265
1.97906	0.373411	0.00473338
1.98248	0.375621	0.00467154
1.98590	0.380969	0.00384677
1.98931	0.376899	0.00407245
1.99271	0.385883	0.00384974
1.99611	0.383534	0.00560559
1.99951	0.385804	0.00750828
2.00290	0.387472	0.00946386
2.00629	0.407582	0.00947423
2.00967	0.402883	0.00734629
2.01305	0.399896	0.00637664
2.01642	0.409066	0.00604102
2.01979	0.418614	0.00537392
2.02315	0.411003	0.00545196
2.02651	0.410636	0.00526881
2.02987	0.407303	0.00521677
2.03322	0.412704	0.00501644
2.03656	0.421482	0.00507578
2.03990	0.416914	0.00533846
2.04324	0.429403	0.00515468
2.04657	0.426615	0.00523352
2.04990	0.426062	0.00495853
2.05322	0.423269	0.00596049
2.05654	0.441615	0.00603977
2.05985	0.438404	0.00573362
2.06316	0.440350	0.00491457
2.06647	0.442322	0.00450243
2.06977	0.443088	0.00499949
2.07307	0.450726	0.00494893
2.07636	0.449261	0.00471262
2.07964	0.458480	0.00428820
2.08293	0.461226	0.00414062
2.08620	0.467868	0.00433853
2.08948	0.471372	0.00445639
2.09274	0.476487	0.00430448
2.09601	0.477935	0.00411312
2.09927	0.487362	0.00398665
2.10252	0.480037	0.00413696
2.10577	0.491967	0.00447882
2.10902	0.491349	0.00494257
2.11226	0.498961	0.00474256
2.11550	0.498229	0.00475847
2.11873	0.501840	0.00470190
2.12196	0.502675	0.00478467
2.12518	0.506747	0.00469987
2.12840	0.514311	0.00465900
2.13161	0.511201	0.00447653
2.13482	0.516341	0.00434611
2.13803	0.515246	0.00425909
2.14123	0.518362	0.00412439
2.14442	0.529052	0.00421098
2.14761	0.518954	0.00487307
2.15080	0.518727	0.00547570
2.15398	0.520986	0.00564798
2.15716	0.524699	0.00534768
2.16033	0.515443	0.00467173
2.16350	0.525691	0.00449398
2.16666	0.526571	0.00449468
2.16982	0.524015	0.00455332
2.17297	0.517445	0.00479922
2.17612	0.518563	0.00479789
2.17926	0.521288	0.00504709
2.18240	0.523699	0.00513709
2.18553	0.524003	0.00521618
2.18866	0.521117	0.00483610
2.19179	0.526053	0.00505484
2.19491	0.519003	0.00534298
2.19802	0.527461	0.00534807
2.20113	0.522946	0.00540398
2.20423	0.522285	0.00505791
2.20733	0.519787	0.00501651
2.21043	0.524878	0.00535562
2.21352	0.524081	0.00533332
2.21660	0.514724	0.00522050
2.21968	0.518361	0.00498394
2.22276	0.519278	0.00507384
2.22583	0.521651	0.00518320
2.22889	0.513729	0.00516404
2.23195	0.514337	0.00526870
2.23500	0.525868	0.00531997
2.23805	0.509618	0.00508300
2.24110	0.504377	0.00481282
2.24414	0.509344	0.00488671
2.24717	0.504169	0.00492107
2.25020	0.504250	0.00510485
2.25322	0.502510	0.00512085
2.25624	0.500087	0.00506459
2.25925	0.508362	0.00500516
2.26226	0.505382	0.00502401
2.26527	0.490668	0.00498434
2.26826	0.492717	0.00504771
2.27126	0.480962	0.00508672
2.27424	0.486225	0.00519132
2.27723	0.487412	0.00515941
2.28020	0.476116	0.00506233
2.28318	0.474679	0.00501510
2.28614	0.494730	0.00512182
2.28910	0.484198	0.00509924
2.29206	0.442465	0.00505264
2.29501	0.413682	0.00501959
2.29796	0.389620	0.00504749
2.30090	0.390388	0.00508390
2.30383	0.410601	0.00530227
2.30676	0.404666	0.00503530
2.30969	0.411112	0.00500446
2.31261	0.409561	0.00496551
2.31552	0.402107	0.00514257
2.31843	0.388662	0.00522284
2.32134	0.394647	0.00542093
2.32424	0.368152	0.00509376
2.32713	0.364546	0.00505747
2.33002	0.363393	0.00507451
2.33291	0.373525	0.00509795
2.33579	0.370146	0.00514974
2.33866	0.383768	0.00525294
2.34153	0.378603	0.00529164
2.34440	0.376711	0.00572064
2.34726	0.376537	0.00549770
2.35011	0.377994	0.00557612
2.35296	0.360597	0.00556127
2.35581	0.349758	0.00555256
2.35865	0.346817	0.00550827
2.36149	0.351106	0.00577159
2.36432	0.350333	0.00534561
2.36715	0.353154	0.00564577
2.36997	0.374229	0.00595694
2.37279	0.365330	0.00604694
2.37561	0.343466	0.00598795
2.37842	0.363787	0.00604807
2.38123	0.347853	0.00646000
2.38403	0.340030	0.00629145
2.38683	0.338187	0.00591089
2.38963	0.340803	0.00581830
2.39242	0.339704	0.00575619
2.39521	0.344821	0.00577474
2.39799	0.344066	0.00572885
2.40077	0.325469	0.00574502
2.40355	0.329639	0.00576867
2.40632	0.316118	0.00584172
2.40910	0.319533	0.00584490
2.41186	0.303304	0.00588916
2.41463	0.316473	0.00614591
2.41739	0.311686	0.00627607
2.42015	0.305416	0.00619895
2.42291	0.299350	0.00611358
2.42567	0.290689	0.00589165
2.42842	0.299466	0.00593056
2.43118	0.297012	0.00655749
2.43393	0.290494	0.00666798
2.43667	0.277757	0.00658261
2.43942	0.286420	0.00655722
2.44217	0.274371	0.00634445
2.44491	0.275725	0.00670774
2.44766	0.268291	0.00710379
2.45040	0.279748	0.00774901
2.45315	0.257935	0.00691793
2.45589	0.251509	0.00696060
2.45863	0.278108	0.00731389
2.46138	0.265067	0.00758706
2.46412	0.262515	0.00723204
2.46687	0.262584	0.00703021
2.46961	0.241359	0.00745708
2.47236	0.243367	0.00758569
2.47511	0.233978	0.00743632
2.47786	0.239685	0.00739242
2.48062	0.236320	0.00782175
2.48337	0.248407	0.00865834
2.48613	0.229162	0.00916450
2.48889	0.230960	0.00912246
2.49166	0.227040	0.00959320
2.49443	0.233501	0.00927360
2.49720	0.228458	0.00875172
2.49998	0.236581	0.00850872
2.50276	0.215129	0.00889111
2.50554	0.219870	0.00946592
2.50834	0.212117	0.0100397
2.51114	0.207231	0.0107289
2.51394	0.201527	0.0125800
2.51675	0.226339	0.0138766
2.51957	0.236697	0.0132671
2.52240	0.235416	0.0129110
2.52523	0.206702	0.0133877
2.52807	0.204653	0.0159226
2.53092	0.247756	0.0209300
2.53378	0.181278	0.0240538
2.53665	0.249515	0.0247382
2.53953	0.195024	0.0221539
2.54242	0.230665	0.0247471
2.54533	0.195552	0.0315011
2.54824	0.224339	0.0407425
2.55117	0.229864	0.0460248
2.55411	0.232776	0.0422669
2.55706	0.297149	0.0314772
2.56003	0.225789	0.0242261
2.56301	0.272425	0.0314114
