#  ----------------------------------------------------------------------------------
# SpeX prism spectrum of SDSS J163359.23-064056.5 (J16335933-0640552)
# Originally observed on 2005 Aug 12
# Average resolution = 120
# Originally published in Chiu et al. (2006) AJ 131, 2722
#
# PLEASE CITE THE ORIGINAL DATA REFERENCE WHEN PUBLISHING OR PRESENTING THESE DATA
#
# Near infrared spectral type: L6
# J magnitude = 16.138
# H magnitude = 15.165
# Ks magnitude = 14.544
#
#  Wavelength (micron)   F_lambda (normalized)  Noise (normalized as F_lambda)
#  ----------------------------------------------------------------------------------
0.702171	0.130892	0.160356
0.704359	0.222320	0.474239
0.706556	0.221477	0.330630
0.708760	0.256278	0.0204321
0.710973	0.152170	0.231580
0.713196	0.00105366	0.336213
0.715428	0.129926	0.103641
0.717670	0.266465	0.294640
0.719923	0.131781	0.235772
0.722187	0.123610	0.316658
0.724463	0.178011	0.0893216
0.726751	0.0128736	0.100455
0.729051	0.0705410	0.221564
0.731364	0.0712941	0.219443
0.733691	0.194337	0.0409412
0.736031	0.0903171	0.193196
0.738384	0.0401144	0.136047
0.740753	0.0673513	0.0115404
0.743136	0.0333780	0.161770
0.745534	0.0219915	0.0501794
0.747947	0.210274	0.0324326
0.750376	0.0130782	0.156831
0.752821	0.0722509	0.0193934
0.755282	-0.00117631	0.132608
0.757759	-0.0143144	0.120563
0.760253	-0.0870841	0.0968823
0.762764	0.0267814	0.0231168
0.765293	-0.0467455	0.00723836
0.767838	-0.0323808	0.0587380
0.770401	0.0901718	0.0696318
0.772982	-0.0210967	0.0295378
0.775581	0.0187660	0.0925449
0.778198	-0.00701797	0.00276566
0.780834	0.0109098	0.00959258
0.783488	0.0235220	0.0269745
0.786160	0.0741560	0.0253859
0.788851	0.0608372	0.110309
0.791561	0.107033	0.109896
0.794290	0.155718	0.0438494
0.797039	0.0468794	0.0846242
0.799806	0.143105	0.100787
0.802592	0.127016	0.0663328
0.805398	0.140453	0.0919307
0.808224	0.110254	0.0867844
0.811069	0.167221	0.0191653
0.813933	0.103814	0.0440325
0.816817	0.128312	0.0111960
0.819721	0.104186	0.0172256
0.822644	0.130882	0.00777982
0.825587	0.210386	0.00592276
0.828550	0.158176	0.0308255
0.831532	0.166673	0.0341514
0.834534	0.245784	0.0353685
0.837556	0.199781	0.000947484
0.840598	0.246700	0.0810493
0.843659	0.161360	0.00810416
0.846740	0.208374	0.0115977
0.849840	0.244502	0.0126221
0.852960	0.241049	0.0201856
0.856100	0.275354	0.0240543
0.859259	0.261966	0.0625418
0.862437	0.181772	0.0654654
0.865635	0.202843	0.0333203
0.868853	0.223023	0.115101
0.872089	0.222987	0.00412334
0.875345	0.190160	0.00823983
0.878619	0.236910	0.00754249
0.881913	0.268964	0.0472677
0.885226	0.226405	0.0508192
0.888557	0.263803	0.0474092
0.891907	0.307088	0.0233544
0.895276	0.268777	0.0144970
0.898663	0.307840	0.0148350
0.902068	0.312836	0.00243880
0.905492	0.367237	0.0547033
0.908934	0.333008	0.00128179
0.912393	0.360675	0.0133854
0.915871	0.375461	0.00725985
0.919366	0.382999	0.0194584
0.922879	0.433575	0.0273274
0.926410	0.381711	0.0120944
0.929957	0.422434	0.0208259
0.933522	0.453452	0.00873105
0.937104	0.436785	0.00966745
0.940702	0.440261	0.0229549
0.944318	0.478409	0.0291194
0.947949	0.491732	0.0581139
0.951597	0.569891	0.0290734
0.955262	0.611766	0.0614758
0.958942	0.531068	0.000646752
0.962638	0.532248	0.0119461
0.966349	0.528788	0.0130303
0.970077	0.565324	0.0287951
0.973819	0.589947	0.0591550
0.977577	0.592025	0.00699298
0.981349	0.584985	0.00946889
0.985136	0.619645	0.00396628
0.988938	0.530903	0.000451800
0.992754	0.485965	0.00962565
0.996584	0.469080	0.00870331
1.00043	0.487039	0.0113890
1.00429	0.509103	0.0113989
1.00816	0.522566	0.00419054
1.01204	0.552777	0.0303760
1.01594	0.576368	0.0315558
1.01985	0.534490	0.000365313
1.02378	0.582410	0.0247392
1.02771	0.596759	0.0289090
1.03166	0.610862	0.0377261
1.03562	0.629595	0.0316779
1.03960	0.672817	0.0541501
1.04358	0.687014	0.0257777
1.04758	0.745983	0.0211042
1.05158	0.707701	0.0226692
1.05560	0.713881	0.0119171
1.05963	0.702909	0.0182557
1.06367	0.716131	0.000944803
1.06772	0.730294	0.0377728
1.07178	0.756501	0.0259801
1.07586	0.727142	0.0182166
1.07994	0.787070	0.0120437
1.08403	0.764183	0.0306587
1.08813	0.762564	0.0224857
1.09224	0.826055	0.0384381
1.09636	0.763973	0.0105118
1.10048	0.757573	0.00239944
1.10462	0.757018	0.0103351
1.10876	0.723612	0.0183927
1.11292	0.703748	0.0163152
1.11708	0.735050	0.0122447
1.12124	0.732119	0.00726931
1.12542	0.773078	0.0162119
1.12960	0.750386	0.0327323
1.13379	0.718470	0.0247792
1.13799	0.668596	0.00260425
1.14220	0.686882	0.00872920
1.14641	0.762032	0.0450798
1.15062	0.752537	0.0142341
1.15485	0.789446	0.0254941
1.15907	0.824946	0.0114961
1.16331	0.786868	0.0294621
1.16755	0.730258	0.0254980
1.17180	0.722600	0.0344763
1.17605	0.693118	0.0132983
1.18030	0.712277	0.0107547
1.18456	0.748947	0.0189667
1.18883	0.816755	0.00395985
1.19310	0.806053	0.0195106
1.19737	0.830432	0.0153643
1.20165	0.788427	0.00320080
1.20593	0.794040	0.0116022
1.21021	0.828836	0.0191366
1.21450	0.854803	0.0143759
1.21879	0.885343	0.0326510
1.22308	0.891091	0.00464704
1.22738	0.907586	0.000153289
1.23168	0.913618	0.0113852
1.23598	0.909924	0.0480405
1.24029	0.894448	0.0156313
1.24459	0.857329	0.00970028
1.24890	0.847691	0.0169940
1.25321	0.883289	0.0132006
1.25752	0.942014	0.0213261
1.26184	0.971482	0.0291934
1.26615	0.984791	0.0187049
1.27047	1.00714	0.00359382
1.27478	1.04061	0.0399552
1.27910	1.05836	0.00266988
1.28342	1.01337	0.0259944
1.28773	0.971639	0.0388681
1.29205	1.03292	0.0266436
1.29637	1.00431	0.0213335
1.30069	0.949284	0.0420255
1.30501	0.966086	0.0206484
1.30932	0.964624	0.00736470
1.31364	0.986987	0.00550727
1.31796	0.959761	0.00571765
1.32227	0.951554	0.00419585
1.32659	0.877414	0.0156446
1.33090	0.769204	0.0306367
1.33521	0.594336	0.0143974
1.33952	0.537328	0.000761353
1.34383	0.480944	0.00913852
1.34814	0.438376	0.00608389
1.35244	0.406460	0.0282014
1.35675	0.441313	0.0115816
1.36105	0.412911	0.00576278
1.36535	0.451752	0.0166078
1.36964	0.471348	0.0416484
1.37394	0.491873	0.00284600
1.37823	0.521518	0.00160501
1.38252	0.548811	0.0193477
1.38681	0.515859	0.0250635
1.39109	0.540049	0.0207587
1.39537	0.481296	0.0151689
1.39965	0.426682	0.000106846
1.40392	0.448102	0.0580345
1.40819	0.457177	0.00792855
1.41246	0.427579	0.0125614
1.41672	0.477484	0.0274116
1.42098	0.391381	0.0111735
1.42524	0.409715	0.0153045
1.42949	0.395320	0.0178882
1.43374	0.413128	0.0658549
1.43798	0.398406	0.0112207
1.44222	0.434477	0.0274594
1.44645	0.457401	0.00839311
1.45069	0.440912	0.0457751
1.45491	0.495597	0.00632790
1.45913	0.521519	0.00894019
1.46335	0.461200	0.0297082
1.46756	0.511545	0.0121735
1.47177	0.496721	0.0148162
1.47597	0.511978	0.00658870
1.48017	0.498309	0.00559599
1.48436	0.559741	0.00446286
1.48855	0.532940	0.0230497
1.49274	0.543142	0.00818281
1.49691	0.548071	0.0118396
1.50109	0.559029	0.0200489
1.50525	0.604317	0.0187368
1.50941	0.625758	0.00967123
1.51357	0.648478	0.0250700
1.51772	0.625663	0.00983881
1.52186	0.648761	0.0338251
1.52600	0.667388	0.00174331
1.53014	0.704868	0.0110391
1.53426	0.686140	0.0248198
1.53839	0.672295	0.0140263
1.54250	0.715403	0.0186952
1.54661	0.719387	0.0171040
1.55072	0.777155	0.00299698
1.55481	0.738662	0.0291924
1.55891	0.735075	0.0139668
1.56299	0.774285	0.0288612
1.56707	0.774427	0.00783158
1.57115	0.797405	0.0167118
1.57521	0.782311	0.0129261
1.57928	0.829660	0.0133364
1.58333	0.765179	0.0543881
1.58738	0.745852	0.0147384
1.59142	0.810745	0.00147765
1.59546	0.804427	0.00194655
1.59949	0.834696	0.0454564
1.60351	0.789491	0.0462629
1.60753	0.768297	0.0100500
1.61154	0.779913	0.00810231
1.61554	0.853934	0.00664994
1.61954	0.814297	0.0333734
1.62353	0.816628	0.0211409
1.62752	0.832530	0.0573771
1.63150	0.801984	0.00383034
1.63547	0.826842	0.0191724
1.63943	0.805401	0.0378745
1.64339	0.829263	0.0217494
1.64734	0.859248	0.0248258
1.65129	0.858745	0.00212501
1.65523	0.869575	0.0136951
1.65916	0.847084	0.0289133
1.66309	0.810280	0.0324597
1.66701	0.808676	0.0148981
1.67092	0.841201	0.0789332
1.67483	0.797525	0.0149932
1.67873	0.792698	0.0387782
1.68262	0.855291	0.00597994
1.68651	0.872745	0.0470338
1.69039	0.853432	0.0338150
1.69426	0.884870	0.00956485
1.69813	0.887104	0.0651722
1.70199	0.828641	0.00346315
1.70584	0.829795	0.0147519
1.70969	0.784432	0.0373656
1.71353	0.757033	0.0150870
1.71736	0.796760	0.0147547
1.72119	0.735071	0.00544832
1.72501	0.710604	0.00710803
1.72883	0.697949	0.0304310
1.73264	0.698784	0.0175179
1.73644	0.691244	0.00454716
1.74023	0.684590	0.0238529
1.74402	0.684575	0.0111773
1.74781	0.638528	0.00187388
1.75158	0.610383	0.00106727
1.75535	0.568815	0.00699585
1.75912	0.548980	0.000839667
1.76287	0.574774	0.00863934
1.76663	0.548751	0.0116122
1.77037	0.522883	0.0398219
1.77411	0.495920	0.0200941
1.77784	0.489623	0.00861261
1.78157	0.474362	0.0118737
1.78529	0.487688	0.0217671
1.78900	0.491523	0.00806816
1.79271	0.443849	0.0199752
1.79641	0.433818	0.0239443
1.80011	0.436886	0.0120947
1.80380	0.434771	0.0273967
1.80748	0.427298	0.00483678
1.81116	0.438605	0.00464010
1.81483	0.419040	0.0163098
1.81850	0.445138	0.0391780
1.82216	0.444485	0.00633852
1.82581	0.459928	0.0301667
1.82946	0.471133	0.00251530
1.83310	0.441091	0.0483691
1.83674	0.475336	0.0125528
1.84037	0.440906	0.00495967
1.84399	0.376368	0.0464056
1.84761	0.446220	0.0937394
1.85123	0.438802	0.0175203
1.85484	0.395934	0.0691551
1.85844	0.406904	0.0415208
1.86203	0.311160	0.0454093
1.86563	0.364222	0.0165092
1.86921	0.376934	0.00901800
1.87279	0.397645	0.00186647
1.87637	0.426398	0.0176023
1.87993	0.407708	0.0918743
1.88350	0.417850	0.0254906
1.88706	0.408748	0.0351375
1.89061	0.393498	0.0106517
1.89416	0.380170	0.00878019
1.89770	0.415203	0.00832250
1.90124	0.409312	0.0656016
1.90477	0.444021	0.00526377
1.90829	0.472385	0.0534238
1.91182	0.503870	0.00129623
1.91533	0.458219	0.00323961
1.91884	0.494568	0.00284367
1.92235	0.521713	0.0129828
1.92585	0.451405	0.0325706
1.92934	0.479494	0.00478405
1.93283	0.404690	0.0217584
1.93632	0.403507	0.0207996
1.93980	0.354703	0.0161752
1.94327	0.380529	0.0193203
1.94675	0.416189	0.00630591
1.95021	0.401151	0.0114750
1.95367	0.378192	0.00665105
1.95713	0.355532	0.0254838
1.96058	0.380317	0.0322778
1.96402	0.348393	0.0326382
1.96746	0.356782	0.0165236
1.97090	0.349891	0.0218027
1.97433	0.343751	0.00193080
1.97776	0.370226	0.0209357
1.98118	0.367584	0.00324166
1.98460	0.354276	0.00520451
1.98801	0.382750	0.0123828
1.99142	0.358795	0.0130447
1.99482	0.372642	0.0247522
1.99822	0.384916	0.00452172
2.00161	0.387101	0.00775888
2.00500	0.413911	0.0601877
2.00838	0.350056	0.0527516
2.01176	0.393687	0.00134376
2.01514	0.369630	0.00788613
2.01851	0.368733	0.00888843
2.02187	0.389161	0.00587486
2.02523	0.435546	0.0163998
2.02859	0.421497	0.00710372
2.03194	0.427124	0.0305520
2.03529	0.437833	0.00547046
2.03863	0.447704	0.00270523
2.04197	0.435068	0.0210226
2.04530	0.451587	0.00174579
2.04863	0.439377	0.0336281
2.05196	0.463654	0.000745418
2.05528	0.417531	0.0104202
2.05859	0.444189	0.00434306
2.06191	0.442119	0.0129832
2.06521	0.465455	0.00311966
2.06851	0.471055	0.00300520
2.07181	0.472643	0.0128381
2.07510	0.516670	0.0131537
2.07839	0.493656	0.00346077
2.08168	0.503951	0.00329124
2.08496	0.460705	0.00672175
2.08823	0.473527	0.0118738
2.09150	0.497898	0.00198879
2.09477	0.477959	0.0215778
2.09803	0.495601	0.00694039
2.10128	0.505596	0.0240223
2.10454	0.508957	0.0127572
2.10778	0.518807	0.000504541
2.11103	0.517253	0.00578100
2.11427	0.532330	0.00316698
2.11750	0.525822	0.0323085
2.12073	0.519392	0.0159147
2.12396	0.498287	0.0239686
2.12718	0.503702	0.00201721
2.13039	0.525184	0.00649412
2.13360	0.520211	0.00277954
2.13681	0.509400	0.0127739
2.14001	0.527553	0.00938050
2.14321	0.521150	0.0236619
2.14640	0.521419	0.0104198
2.14959	0.510610	0.00487613
2.15277	0.488341	0.0223216
2.15595	0.532917	0.00930965
2.15912	0.483049	0.0173033
2.16229	0.486965	0.00787361
2.16546	0.516379	0.0321586
2.16862	0.524561	0.000768894
2.17177	0.518539	0.00849703
2.17492	0.509387	0.00655777
2.17807	0.521360	0.0101220
2.18121	0.495250	0.0334247
2.18434	0.481804	0.00925318
2.18747	0.472762	0.0159531
2.19060	0.524785	0.0113016
2.19372	0.502787	0.00562278
2.19684	0.490590	0.00203019
2.19995	0.500155	0.00578319
2.20305	0.495154	0.00571138
2.20615	0.472396	0.0146696
2.20925	0.493341	0.00130318
2.21234	0.493975	0.00110835
2.21543	0.485236	0.0327212
2.21851	0.453670	0.0282740
2.22159	0.483840	0.00870579
2.22466	0.458215	0.0153151
2.22772	0.460631	0.00573573
2.23079	0.523908	0.00781451
2.23384	0.469688	0.0179271
2.23689	0.467275	0.00554555
2.23994	0.462332	0.000298666
2.24298	0.461178	0.0114624
2.24602	0.468349	0.00413256
2.24905	0.456677	0.0170689
2.25207	0.475376	0.00988772
2.25509	0.466292	0.00578232
2.25811	0.399226	0.0130402
2.26112	0.462231	0.00626813
2.26412	0.461140	0.0152528
2.26712	0.443575	0.00111656
2.27012	0.430706	0.00239326
2.27311	0.462661	0.0117164
2.27609	0.461911	0.00363239
2.27907	0.432992	0.0175844
2.28204	0.443213	0.0103832
2.28501	0.434263	0.00213592
2.28798	0.411082	0.00330040
2.29094	0.414200	0.0173440
2.29389	0.405557	0.00138959
2.29684	0.372454	0.0107111
2.29978	0.364952	0.0126537
2.30272	0.357864	0.0238472
2.30565	0.348050	0.00759375
2.30858	0.362544	0.00504546
2.31150	0.354449	0.00288236
2.31441	0.358706	0.00494890
2.31733	0.358520	0.00931267
2.32023	0.359074	0.0328628
2.32314	0.347236	0.00216472
2.32603	0.359824	0.0193201
2.32892	0.316673	0.0131391
2.33181	0.353377	0.00349167
2.33469	0.341254	0.00924599
2.33757	0.314277	0.0199415
2.34044	0.323330	0.00697325
2.34331	0.335584	0.0141363
2.34617	0.345831	0.0245177
2.34903	0.358019	0.0208069
2.35188	0.322652	0.0192922
2.35473	0.344379	0.0111896
2.35757	0.341556	0.0140331
2.36041	0.334126	0.0112783
2.36324	0.321691	0.00257382
2.36607	0.325492	0.000755011
2.36890	0.334282	0.000157399
2.37172	0.351374	0.0151694
2.37454	0.342888	0.0252293
2.37735	0.360709	0.000540235
2.38016	0.369852	0.00634147
2.38296	0.333768	0.00302146
2.38576	0.334916	0.00433866
2.38856	0.323385	0.00716172
2.39135	0.329599	0.00858109
2.39414	0.341389	0.00386213
2.39693	0.319177	0.0244400
2.39971	0.336540	0.000138399
2.40249	0.351347	0.0102056
2.40527	0.327015	0.00414426
2.40804	0.280960	0.0172611
2.41081	0.294642	0.0116346
2.41358	0.304934	0.00880453
2.41634	0.305173	0.0120444
2.41910	0.306217	0.0525113
2.42186	0.305510	0.0144914
2.42462	0.313259	0.0306755
2.42737	0.294222	0.0136312
2.43013	0.285289	0.0376059
2.43288	0.298901	0.0125901
2.43563	0.312905	0.0198928
2.43838	0.269641	0.0229002
2.44112	0.272746	0.0250471
2.44387	0.284548	0.0205926
2.44661	0.275159	0.000503057
2.44936	0.270637	0.0193752
2.45210	0.257089	0.0242042
2.45485	0.253255	0.00360578
2.45759	0.245340	0.0203681
2.46033	0.250500	0.0157179
2.46308	0.226360	0.00415358
2.46582	0.232094	0.00240802
2.46857	0.235192	0.0218686
2.47132	0.224023	0.00611665
2.47407	0.187152	0.00385104
2.47682	0.218339	0.0140350
2.47957	0.239746	0.0429674
2.48232	0.215905	0.0362960
2.48508	0.240466	0.0419405
2.48784	0.204154	0.0184046
2.49060	0.193189	0.00165945
2.49337	0.207670	0.0370397
2.49614	0.259392	0.00127543
2.49892	0.276733	0.0124232
2.50170	0.233338	0.00906690
2.50448	0.204016	0.0271559
2.50727	0.168225	0.0163900
2.51007	0.188458	0.0344029
2.51287	0.221527	0.0166580
2.51568	0.222870	0.0358087
2.51850	0.241086	0.0369628
2.52132	0.229974	0.0400299
2.52415	0.265889	0.0195036
2.52699	0.213436	0.00670444
2.52984	0.156094	0.0483899
2.53269	0.147254	0.139053
2.53556	0.310858	0.135307
2.53844	0.253541	0.0502440
2.54132	0.0625031	0.112388
2.54422	0.185161	0.0259258
2.54713	-0.101220	0.0830341
2.55005	0.275977	0.261741
2.55299	-0.0410931	0.241466
2.55593	0.107354	0.112686
2.55889	0.207705	0.135231
2.56187	0.157876	0.0198278
