#  ----------------------------------------------------------------------------------
# SpeX prism spectrum of 2MASS J17111353+2326333 (J17111353+2326333)
# Originally observed on 2005 Aug 14
# Average resolution = 120
# Originally published in Chiu et al. (2006) AJ 131, 2722
#
# PLEASE CITE THE ORIGINAL DATA REFERENCE WHEN PUBLISHING OR PRESENTING THESE DATA
#
# Optical spectral type: L0:
# J magnitude = 14.499
# H magnitude = 13.668
# Ks magnitude = 13.056
#
#  Wavelength (micron)   F_lambda (normalized)  Noise (normalized as F_lambda)
#  ----------------------------------------------------------------------------------
0.725704	0.722407	0.447661
0.727999	0.777118	0.647683
0.730306	1.24432	0.162379
0.732626	-0.159080	0.241926
0.734960	-0.272511	1.56799
0.737308	0.00166502	0.798751
0.739669	0.212577	0.0564786
0.742046	0.204715	1.11817
0.744437	0.197323	0.717123
0.746843	0.171632	0.110304
0.749265	0.378916	0.0503539
0.751702	0.00936561	0.0940969
0.754156	-0.139372	0.490832
0.756626	-0.303224	0.204315
0.759112	0.0506211	0.818400
0.761615	-0.575831	0.387938
0.764136	0.468195	0.0779831
0.766673	-0.304438	0.213329
0.769228	-0.467997	0.295707
0.771801	0.390121	0.287256
0.774392	-0.156798	0.120845
0.777001	-0.225126	0.195998
0.779628	0.246359	0.0347872
0.782273	0.457976	0.0870062
0.784937	0.0431648	0.483175
0.787620	0.134837	0.0974670
0.790321	-0.0220338	0.183117
0.793041	0.0858994	0.161707
0.795781	0.0762836	0.0812704
0.798539	0.231547	0.0883249
0.801317	0.0913888	0.496251
0.804114	0.0884845	0.0144171
0.806931	0.190863	0.122423
0.809767	-0.00373185	0.0166573
0.812622	0.405277	0.143715
0.815497	-0.0598290	0.211812
0.818392	0.321486	0.0328801
0.821306	0.206036	0.150518
0.824240	0.262735	0.300110
0.827194	0.357637	0.0547161
0.830167	0.214872	0.154679
0.833160	0.369439	0.513999
0.836173	0.222555	0.305840
0.839206	0.303511	0.400293
0.842258	0.329268	0.0180827
0.845330	0.234330	0.132362
0.848421	0.381025	0.00470776
0.851532	0.325671	0.152280
0.854663	0.172959	0.133064
0.857813	0.170678	0.0385219
0.860983	0.177493	0.00233726
0.864172	0.152565	0.0437859
0.867381	-0.0828884	0.414625
0.870608	0.260424	0.140924
0.873855	0.199957	0.101132
0.877121	0.127780	0.103713
0.880406	0.0488777	0.198750
0.883710	0.298512	0.196198
0.887033	0.0221645	0.197725
0.890374	0.328762	0.188631
0.893735	0.127011	0.0156978
0.897113	0.371144	0.0340452
0.900510	0.206328	0.0159252
0.903926	0.289306	0.0849703
0.907359	0.250246	0.0869277
0.910811	0.270345	0.0145324
0.914280	0.194265	0.0303023
0.917768	0.269754	0.174117
0.921272	0.161787	0.147196
0.924795	0.387954	0.112779
0.928335	0.390266	0.227813
0.931892	0.150535	0.0609945
0.935466	0.401504	0.160176
0.939056	0.417908	0.171066
0.942664	0.432314	0.0329381
0.946288	0.362997	0.0754224
0.949929	0.440945	0.0801773
0.953586	0.459097	0.166375
0.957259	0.446210	0.0250493
0.960948	0.381172	0.0135290
0.964652	0.452522	0.197439
0.968372	0.427721	0.0281067
0.972108	0.505497	0.00959392
0.975858	0.524238	0.0399880
0.979624	0.618686	0.145352
0.983404	0.469262	0.0418255
0.987200	0.522095	0.162080
0.991009	0.462807	0.0494395
0.994833	0.499778	0.0604242
0.998671	0.448160	0.121637
1.00252	0.377044	0.0198642
1.00639	0.495786	0.161126
1.01027	0.450656	0.107587
1.01416	0.591619	0.0539625
1.01806	0.488062	0.00000
1.02198	0.405828	0.0495454
1.02591	0.410513	0.171188
1.02986	0.413441	0.0299220
1.03381	0.467654	0.00610331
1.03778	0.445919	0.0396600
1.04176	0.586874	0.0402954
1.04575	0.635810	0.0721953
1.04975	0.654330	0.00766510
1.05377	0.726551	0.00536633
1.05779	0.560454	0.0968531
1.06183	0.530797	0.0812529
1.06587	0.610760	0.0360411
1.06993	0.590316	0.0175371
1.07399	0.737594	0.0591678
1.07807	0.723765	0.0448717
1.08216	0.701148	0.0433806
1.08625	0.701071	0.0122211
1.09036	0.744527	0.0617986
1.09447	0.753527	0.0348123
1.09860	0.706933	0.0782918
1.10273	0.773887	0.00901462
1.10687	0.707415	0.0203827
1.11102	0.722729	0.0654365
1.11518	0.693247	0.0305235
1.11934	0.805884	0.0593811
1.12351	0.780391	0.0325083
1.12769	0.820828	0.123899
1.13188	0.737247	0.0736552
1.13607	0.715960	0.0531702
1.14027	0.775799	0.0635349
1.14448	0.788153	0.00722364
1.14870	0.819915	0.0893439
1.15292	0.861354	0.0771700
1.15714	0.754261	0.0402476
1.16137	0.806801	0.0233055
1.16561	0.735764	0.0115170
1.16986	0.761202	0.0243152
1.17410	0.784352	0.0137431
1.17836	0.775963	0.0872287
1.18262	0.808130	0.100751
1.18688	0.818806	0.0538812
1.19114	0.773630	0.0993106
1.19542	0.772217	0.0602438
1.19969	0.698587	0.0641166
1.20397	0.634412	0.0177230
1.20825	0.749205	0.000783267
1.21254	0.757937	0.0394628
1.21683	0.765105	0.0589596
1.22112	0.841349	0.0357649
1.22542	0.877959	0.105500
1.22972	0.862159	0.121971
1.23402	0.868310	0.103907
1.23832	0.866498	0.0802559
1.24263	0.762999	0.0436358
1.24693	0.766967	0.0408396
1.25124	0.839831	0.0827963
1.25555	0.894028	0.0126270
1.25987	0.895963	0.0328866
1.26418	1.05982	0.0449540
1.26849	0.919688	0.0258458
1.27281	0.976655	0.0655166
1.27713	0.974194	0.0440267
1.28144	0.974308	0.114364
1.28576	0.979959	0.0972769
1.29008	1.02412	0.0957921
1.29440	1.05032	0.128209
1.29872	0.962566	0.0119417
1.30303	0.908258	0.0411413
1.30735	0.967304	0.0101275
1.31167	1.01036	0.0447016
1.31598	1.06031	0.102795
1.32030	0.973869	0.0329171
1.32462	1.08863	0.00497332
1.32893	0.877786	0.00460494
1.33324	0.815870	0.0449666
1.33755	0.675848	0.0240781
1.34186	0.594348	0.0571661
1.34617	0.602798	0.134789
1.35048	0.541967	0.0159612
1.35478	0.507094	0.0649820
1.35908	0.428688	0.0538167
1.36338	0.464675	0.0339606
1.36768	0.489589	0.175616
1.37198	0.538613	0.0691844
1.37627	0.462592	0.0153148
1.38056	0.637738	0.0199678
1.38485	0.566394	0.0401971
1.38913	0.611540	0.0155861
1.39341	0.664624	0.0634253
1.39769	0.527785	0.0500312
1.40197	0.587084	0.0787688
1.40624	0.560272	0.0159392
1.41051	0.341010	0.00679228
1.41477	0.585013	0.0104070
1.41904	0.507686	0.0517892
1.42329	0.609532	0.0598345
1.42755	0.506466	0.0832053
1.43180	0.489055	0.0352798
1.43604	0.550843	0.0821092
1.44028	0.489377	0.0575614
1.44452	0.529081	0.00394438
1.44875	0.519933	0.0368292
1.45298	0.572476	0.0145939
1.45721	0.582802	0.00972361
1.46143	0.560073	0.0747175
1.46564	0.557406	0.0428493
1.46985	0.588497	0.0240438
1.47405	0.577064	0.0223760
1.47826	0.542251	0.0434377
1.48245	0.575123	0.0642484
1.48664	0.428050	0.106936
1.49083	0.625093	0.0849935
1.49501	0.614227	0.0108425
1.49918	0.636057	0.0257971
1.50335	0.592133	0.0447294
1.50751	0.682799	0.104286
1.51167	0.654832	0.0238188
1.51582	0.702187	0.000298234
1.51997	0.716859	0.00394316
1.52411	0.661236	0.00412634
1.52825	0.712843	0.00655574
1.53238	0.655434	0.0509231
1.53650	0.732493	0.0197525
1.54062	0.753308	0.0222608
1.54474	0.827868	0.00904014
1.54884	0.768599	0.00739059
1.55294	0.828017	0.0269224
1.55704	0.785502	0.0484969
1.56113	0.768199	0.0763191
1.56521	0.852125	0.0787043
1.56929	0.760630	0.0790098
1.57336	0.865792	0.0814913
1.57742	0.801678	0.0480525
1.58148	0.900840	0.0589686
1.58553	0.705047	0.0651348
1.58958	0.868870	0.00442433
1.59362	0.927073	0.0768637
1.59765	0.824543	0.0295315
1.60167	0.880845	0.144772
1.60569	0.874223	0.0672983
1.60971	0.880672	0.0973312
1.61372	0.757921	0.0766801
1.61772	0.787111	0.0627305
1.62171	0.807931	0.0205302
1.62570	0.784999	0.0988481
1.62968	0.833925	0.0798616
1.63365	0.828078	0.00158053
1.63762	0.765285	0.0757732
1.64158	0.828349	0.0543278
1.64554	0.799420	0.0662230
1.64949	0.871716	0.118500
1.65343	0.807670	0.0862160
1.65737	0.858891	0.0441660
1.66129	0.880861	0.0620003
1.66522	0.859372	0.104656
1.66913	0.762148	0.0270665
1.67304	0.760508	0.0424592
1.67695	0.899461	0.0720968
1.68084	0.829923	0.0677402
1.68473	0.921214	0.0240407
1.68861	0.851478	0.0369889
1.69249	0.900432	0.00802379
1.69636	0.921317	0.0848322
1.70022	0.861354	0.0462079
1.70408	0.958927	0.0154485
1.70793	0.861915	0.0879985
1.71177	0.852872	0.0263361
1.71561	0.779486	0.0142229
1.71944	0.818613	0.133589
1.72327	0.803409	0.0917239
1.72709	0.775969	0.00139729
1.73090	0.813353	0.105976
1.73470	0.709705	0.0145430
1.73850	0.755946	0.0671300
1.74229	0.718955	0.0402842
1.74608	0.667657	0.0186487
1.74986	0.708029	0.0510191
1.75363	0.660001	0.0246112
1.75740	0.597447	0.0364519
1.76116	0.598166	0.00866890
1.76491	0.573533	0.00549120
1.76866	0.635987	0.0341988
1.77240	0.637864	0.0310525
1.77614	0.654146	0.00521295
1.77987	0.565354	0.000731601
1.78359	0.621488	0.0511740
1.78731	0.504994	0.0573847
1.79102	0.530063	0.0961626
1.79472	0.492337	0.0129310
1.79842	0.456351	0.00296250
1.80211	0.505364	0.0490512
1.80580	0.499911	0.102519
1.80948	0.518383	0.0888823
1.81315	0.488008	0.100179
1.81682	0.601798	0.0633770
1.82049	0.538971	0.0708062
1.82414	0.543836	0.0707280
1.82779	0.467385	0.0177203
1.83144	0.512368	0.0909666
1.83508	0.489676	0.0103842
1.83871	0.487941	0.00167543
1.84234	0.316346	0.0330020
1.84596	0.333716	0.0753659
1.84958	0.457925	0.0528883
1.85319	0.330914	0.127576
1.85679	0.489823	0.156768
1.86039	0.446977	0.0859743
1.86399	0.399867	0.130561
1.86757	0.453010	0.0189151
1.87116	0.349885	0.0758693
1.87473	0.310588	0.224712
1.87831	0.393145	0.130683
1.88187	0.475557	0.0205107
1.88543	0.548896	0.0373571
1.88899	0.463038	0.0801310
1.89254	0.457254	0.0667670
1.89608	0.491536	0.0154948
1.89962	0.433881	0.0365533
1.90316	0.418300	0.0180520
1.90668	0.439993	0.134516
1.91021	0.487677	0.0900337
1.91373	0.590118	0.0251456
1.91724	0.502489	0.0276409
1.92075	0.501651	0.0618917
1.92425	0.551770	0.0547368
1.92775	0.519083	0.0452227
1.93124	0.446229	0.0525483
1.93473	0.547029	0.0564190
1.93821	0.494826	0.0426917
1.94169	0.489542	0.0133993
1.94516	0.418265	0.0756466
1.94863	0.462655	0.00643647
1.95209	0.434980	0.00418553
1.95555	0.398436	0.0599984
1.95900	0.398736	0.0114813
1.96245	0.469451	0.0457151
1.96589	0.401987	0.0508415
1.96933	0.510024	0.0385026
1.97276	0.450241	0.107110
1.97619	0.409827	0.0815923
1.97962	0.437296	0.0275000
1.98304	0.434955	0.0217006
1.98645	0.427850	0.0257926
1.98986	0.453169	0.0638979
1.99327	0.433932	0.0405368
1.99667	0.461347	0.0501442
2.00006	0.409440	0.0158474
2.00345	0.401734	0.0409844
2.00684	0.381709	0.139932
2.01022	0.478279	0.0252228
2.01360	0.499475	0.00267532
2.01697	0.454480	0.0331323
2.02034	0.432110	0.00971255
2.02370	0.447346	0.0369653
2.02706	0.434789	0.0161638
2.03041	0.464483	0.0165797
2.03376	0.475368	0.0284014
2.03711	0.452417	0.0310151
2.04045	0.438079	0.0183540
2.04378	0.529069	0.0367181
2.04711	0.476596	0.0775134
2.05044	0.427891	0.0599188
2.05376	0.455454	0.0148952
2.05708	0.500460	0.0561769
2.06039	0.514513	0.0892103
2.06370	0.510705	0.000413115
2.06701	0.549039	0.0578571
2.07031	0.558033	0.000354429
2.07360	0.528731	0.0362886
2.07689	0.526967	0.0570740
2.08018	0.503063	0.0809597
2.08346	0.499972	0.0217338
2.08674	0.542029	0.0174300
2.09001	0.556779	0.0587725
2.09328	0.551707	0.0758723
2.09654	0.528730	0.0571538
2.09980	0.550180	0.0627145
2.10305	0.565133	0.00300793
2.10630	0.547594	0.00563645
2.10955	0.519244	0.0531339
2.11279	0.627255	0.0573239
2.11602	0.528522	0.0373544
2.11926	0.560668	0.0411683
2.12248	0.515858	0.0913038
2.12571	0.580362	0.0357930
2.12892	0.591019	0.0770784
2.13214	0.576312	0.0653545
2.13534	0.528188	0.0548709
2.13855	0.524282	0.0235560
2.14175	0.582083	0.0981791
2.14494	0.570767	0.0643432
2.14813	0.543706	0.0112407
2.15132	0.597493	0.0823144
2.15450	0.560697	0.0492294
2.15767	0.515338	0.112679
2.16085	0.623501	0.0470181
2.16401	0.562865	0.00193506
2.16717	0.577925	0.0637195
2.17033	0.616307	0.0485637
2.17348	0.633296	0.0340115
2.17663	0.575478	0.0317793
2.17977	0.559912	0.0266163
2.18291	0.599191	0.0539830
2.18604	0.616823	0.0869827
2.18917	0.624726	0.0659557
2.19229	0.485881	0.0216841
2.19541	0.551432	0.0231146
2.19853	0.588518	0.0931799
2.20163	0.581456	0.0383375
2.20474	0.510419	0.0664164
2.20784	0.580781	0.0625279
2.21093	0.528987	0.0119827
2.21402	0.600452	0.0167700
2.21710	0.558366	0.143767
2.22018	0.579515	0.0984957
2.22326	0.617989	0.0627023
2.22632	0.605040	0.133297
2.22939	0.542987	0.0491475
2.23245	0.537864	0.00557541
2.23550	0.582924	0.0533253
2.23855	0.570557	0.0610379
2.24159	0.566045	0.0358168
2.24463	0.529459	0.0659163
2.24766	0.567859	0.0346806
2.25069	0.576310	0.0116442
2.25371	0.574773	0.0975368
2.25673	0.555112	0.0973552
2.25974	0.537509	0.0284549
2.26275	0.537162	0.0511317
2.26575	0.534995	0.0526769
2.26875	0.552478	0.0291769
2.27174	0.561866	0.127067
2.27473	0.574166	0.0460414
2.27771	0.529186	0.0639943
2.28069	0.575077	0.0442128
2.28366	0.540806	0.0374591
2.28662	0.528347	0.0518104
2.28958	0.479416	0.0683058
2.29254	0.539797	0.0552029
2.29549	0.551684	0.0424548
2.29844	0.448174	0.0393393
2.30137	0.430953	0.00169754
2.30431	0.368281	0.0163733
2.30724	0.417319	0.0293999
2.31016	0.452998	0.102718
2.31308	0.468611	0.0155213
2.31600	0.384036	0.0339516
2.31891	0.440434	0.0132690
2.32181	0.467759	0.000714609
2.32471	0.410093	0.00851106
2.32760	0.354826	0.0107654
2.33049	0.386212	0.0206696
2.33338	0.428433	0.0330692
2.33626	0.393203	0.00973540
2.33913	0.385545	0.0207697
2.34200	0.363123	0.0278172
2.34486	0.384541	0.00168981
2.34772	0.440502	0.0176995
2.35058	0.382673	0.00500089
2.35343	0.380462	0.0308044
2.35627	0.451499	0.0182862
2.35911	0.368064	0.000685527
2.36195	0.366526	0.0273173
2.36478	0.401683	0.0397418
2.36761	0.413322	0.0273306
2.37043	0.382000	0.114805
2.37325	0.390030	0.105599
2.37607	0.452036	0.0282123
2.37888	0.351772	0.0380991
2.38168	0.349239	0.000556953
2.38449	0.409995	0.0706653
2.38728	0.411100	0.0201157
2.39008	0.420285	0.113219
2.39287	0.378505	0.0477255
2.39566	0.337494	0.105326
2.39844	0.427647	0.0672505
2.40122	0.353229	0.126056
2.40400	0.285453	0.0345884
2.40677	0.369990	0.0441312
2.40955	0.387560	0.0311904
2.41231	0.374370	0.102442
2.41508	0.283034	0.0913902
2.41784	0.349985	0.120235
2.42060	0.316901	0.00752728
2.42336	0.319322	0.0696994
2.42612	0.270106	0.0937249
2.42887	0.316591	0.0672651
2.43162	0.406371	0.0139407
2.43437	0.291949	0.0573450
2.43712	0.368569	0.0478051
2.43987	0.357205	0.0112927
2.44262	0.303016	0.0280202
2.44536	0.271591	0.0600422
2.44811	0.214568	0.0185193
2.45085	0.423710	0.0116355
2.45359	0.388585	0.0381296
2.45634	0.246028	0.0199884
2.45908	0.376752	0.120249
2.46182	0.325258	0.0291066
2.46457	0.208978	0.0154007
2.46731	0.291001	0.0242627
2.47006	0.241554	0.121134
2.47281	0.184712	0.120990
2.47556	0.324543	0.0471014
2.47831	0.350600	0.135492
2.48106	0.397887	0.0535195
2.48382	0.363270	0.161728
2.48658	0.304244	0.0213276
2.48934	0.308078	0.192653
2.49211	0.238201	0.207759
2.49488	0.313469	0.0143302
2.49765	0.159995	0.165707
2.50043	0.133196	0.101535
2.50321	0.133039	0.00737997
2.50600	0.264022	0.0348520
2.50879	0.301108	0.0439400
2.51159	0.219752	0.365368
2.51440	0.162006	0.0168116
2.51721	0.296562	0.131858
2.52003	0.209130	0.234623
2.52286	0.272182	0.128515
2.52569	0.278615	0.0120440
2.52853	0.513041	0.438467
2.53139	0.234522	0.0934547
2.53425	0.274375	0.623023
2.53712	0.248075	0.0425575
2.54000	-0.0364233	0.232419
2.54289	0.307928	0.210602
2.54580	0.143760	0.326222
2.54872	0.0163646	0.177598
2.55164	0.713928	0.170547
2.55458	-0.200828	0.0539613
2.55754	-1.16104	0.0754798
2.56051	-0.250165	1.33449
2.56349	0.479503	0.666511
2.56649	0.736338	1.94040
