#  ----------------------------------------------------------------------------------
# SpeX prism spectrum of 2MASSW J0030300-145033 (J00303013-1450333)
# Originally observed on 2007 Jul 28
# Average resolution = 120
# Originally published in Burgasser et al. (2010) ApJ, 710, 1142-1169
#
# PLEASE CITE THE ORIGINAL DATA REFERENCE WHEN PUBLISHING OR PRESENTING THESE DATA
#
# Optical spectral type: L7
# J magnitude = 16.278
# H magnitude = 15.273
# Ks magnitude = 14.481
#
#  Wavelength (micron)   F_lambda (normalized)  Noise (normalized as F_lambda)
#  ----------------------------------------------------------------------------------
0.649751	0.656931	0.560911
0.651972	1.10308	0.529033
0.654182	0.841165	0.469589
0.656382	0.221605	0.400000
0.658572	-0.116329	0.374614
0.660754	0.0750313	0.357790
0.662929	-0.236898	0.346569
0.665097	0.335967	0.349755
0.667259	-0.235696	0.329459
0.669417	0.441187	0.324255
0.671571	0.190189	0.306352
0.673721	0.117472	0.299445
0.675870	-0.0641184	0.286119
0.678018	0.645447	0.273889
0.680164	0.466806	0.259671
0.682311	-0.400414	0.255186
0.684459	0.185516	0.231074
0.686609	0.436333	0.228183
0.688761	0.579230	0.208189
0.690916	0.306953	0.186684
0.693075	0.124091	0.166105
0.695238	0.342181	0.140912
0.697407	0.147731	0.0918603
0.699581	-0.0170917	0.0133012
0.701762	0.0724936	0.0853931
0.703949	0.0946688	0.0856284
0.706144	0.162794	0.0703762
0.708347	0.234658	0.0553962
0.710558	0.0768877	0.0421198
0.712779	0.0779324	0.0283520
0.715009	0.0387175	0.00889289
0.717250	-0.00425074	0.00280801
0.719501	-0.0897265	0.0189568
0.721763	0.0894088	0.0290681
0.724036	-0.00285697	0.00803574
0.726322	-0.0661863	0.0236013
0.728620	-0.115106	0.0338143
0.730930	0.0687169	0.0297203
0.733254	-0.0158347	0.0175052
0.735591	-0.0362634	0.0266757
0.737943	-0.137071	0.0709478
0.740308	-0.0687092	0.0760218
0.742689	-0.0911887	0.0753984
0.745084	0.00149000	0.0766886
0.747494	-0.0842595	0.0679393
0.749920	-0.102860	0.0747312
0.752362	-0.0392876	0.0676264
0.754820	-0.165166	0.0657700
0.757294	-0.0687247	0.0618660
0.759785	-0.0572278	0.0605556
0.762293	-0.0775755	0.0533685
0.764818	-0.0810727	0.0424855
0.767360	-0.0263860	0.0268808
0.769920	-0.0171430	0.0182707
0.772498	-0.0103069	0.00996780
0.775093	-0.00538993	0.00386297
0.777707	0.00140175	0.00182794
0.780339	0.0140773	0.00691038
0.782990	0.00323372	0.0111771
0.785658	0.00125204	0.0156995
0.788346	0.00195066	0.0185748
0.791053	0.0182158	0.0215697
0.793778	-0.0131237	0.0224402
0.796523	0.0163193	0.0236644
0.799286	-0.0349678	0.0229998
0.802069	-0.0452611	0.0214059
0.804872	-0.0458286	0.0173975
0.807693	0.00344155	0.0120983
0.810535	-0.00552634	0.00427153
0.813395	0.00163966	0.00431816
0.816276	0.0152201	0.00957374
0.819176	0.0118899	0.0106561
0.822095	-0.00553515	0.00286345
0.825034	0.00309097	0.00287472
0.827994	0.00885927	0.00696964
0.830972	0.0238051	0.0105807
0.833971	0.0162234	0.0193458
0.836989	0.0180222	0.0251058
0.840027	0.110757	0.0294332
0.843084	0.141803	0.0345067
0.846161	0.234271	0.0381269
0.849258	0.153775	0.0415500
0.852375	0.154681	0.0424003
0.855511	0.302155	0.0438949
0.858666	0.147031	0.0447826
0.861841	0.172763	0.0478382
0.865035	0.203248	0.0469601
0.868249	0.171113	0.0490245
0.871482	0.133269	0.0505503
0.874734	0.183824	0.0519043
0.878005	0.173933	0.0533901
0.881295	0.170285	0.0550486
0.884604	0.178137	0.0545016
0.887932	0.258163	0.0543965
0.891278	0.253728	0.0534677
0.894644	0.0812337	0.0544590
0.898027	0.278404	0.0516343
0.901429	0.0900994	0.0504723
0.904850	0.238431	0.0481036
0.908288	0.175229	0.0469190
0.911744	0.318440	0.0460618
0.915219	0.316499	0.0467544
0.918711	0.337333	0.0448015
0.922220	0.185305	0.0444593
0.925747	0.308693	0.0456671
0.929292	0.283805	0.0494663
0.932853	0.289747	0.0534113
0.936432	0.300147	0.0551240
0.940027	0.330674	0.0548864
0.943640	0.220549	0.0542654
0.947268	0.388280	0.0525646
0.950913	0.390704	0.0510033
0.954574	0.443939	0.0467914
0.958252	0.422631	0.0438819
0.961945	0.415685	0.0412119
0.965653	0.477978	0.0408953
0.969378	0.439599	0.0412767
0.973117	0.480164	0.0419423
0.976872	0.397896	0.0413269
0.980642	0.461854	0.0405067
0.984426	0.518607	0.0404240
0.988225	0.497761	0.0417942
0.992039	0.396075	0.0431105
0.995866	0.420181	0.0442623
0.999708	0.446057	0.0445113
1.00356	0.452000	0.0413688
1.00743	0.352144	0.0390077
1.01131	0.394005	0.0391371
1.01521	0.436487	0.0410946
1.01912	0.382378	0.0412823
1.02304	0.543615	0.0425086
1.02697	0.418609	0.0438450
1.03092	0.384771	0.0419085
1.03488	0.499901	0.0423286
1.03885	0.542166	0.0408086
1.04283	0.505490	0.0410861
1.04683	0.565410	0.0379501
1.05083	0.614966	0.0343973
1.05485	0.551569	0.0309824
1.05888	0.580066	0.0284456
1.06292	0.623130	0.0275429
1.06696	0.575607	0.0303765
1.07102	0.639550	0.0328207
1.07509	0.655568	0.0346717
1.07917	0.623768	0.0383876
1.08326	0.594133	0.0380747
1.08736	0.646550	0.0386674
1.09147	0.678674	0.0387960
1.09558	0.728362	0.0361831
1.09971	0.738471	0.0358622
1.10384	0.604538	0.0343878
1.10799	0.642743	0.0310763
1.11214	0.659535	0.0286747
1.11630	0.677486	0.0269710
1.12046	0.672302	0.0267052
1.12464	0.631521	0.0289631
1.12882	0.712763	0.0334515
1.13301	0.673546	0.0341380
1.13721	0.669339	0.0354179
1.14141	0.552846	0.0371318
1.14562	0.681047	0.0349689
1.14983	0.733090	0.0367529
1.15405	0.594882	0.0349425
1.15828	0.725078	0.0337015
1.16252	0.675639	0.0327813
1.16676	0.730822	0.0298057
1.17100	0.703247	0.0260504
1.17525	0.662728	0.0234745
1.17950	0.625062	0.0218368
1.18376	0.685568	0.0204234
1.18803	0.697699	0.0191955
1.19230	0.746089	0.0214394
1.19657	0.730309	0.0254752
1.20085	0.697323	0.0273517
1.20513	0.777014	0.0291606
1.20941	0.740064	0.0304070
1.21370	0.823762	0.0288139
1.21799	0.750447	0.0302725
1.22228	0.852573	0.0295548
1.22658	0.905397	0.0296652
1.23088	0.864596	0.0292286
1.23518	0.853188	0.0274827
1.23948	0.869137	0.0251787
1.24379	0.812713	0.0226411
1.24810	0.805716	0.0207578
1.25240	0.847198	0.0196554
1.25672	0.868873	0.0202085
1.26103	0.891095	0.0222291
1.26534	0.991409	0.0271281
1.26966	0.913479	0.0295694
1.27397	1.04096	0.0336315
1.27829	1.03149	0.0321117
1.28261	0.975833	0.0303690
1.28693	0.920405	0.0302848
1.29124	0.942437	0.0280607
1.29556	0.978453	0.0287622
1.29988	0.976985	0.0284728
1.30420	0.963346	0.0279206
1.30852	0.972569	0.0282332
1.31283	1.00793	0.0271908
1.31715	1.03290	0.0256369
1.32146	0.997666	0.0233720
1.32578	1.00492	0.0219204
1.33009	0.926695	0.0199056
1.33440	0.771314	0.0177906
1.33871	0.693656	0.0172974
1.34302	0.637738	0.0173021
1.34733	0.595765	0.0188445
1.35164	0.663174	0.0223928
1.35594	0.658451	0.0286908
1.36024	0.622226	0.0380215
1.36454	0.598520	0.0485125
1.36884	0.540379	0.0486551
1.37313	0.609981	0.0426715
1.37743	0.598484	0.0409575
1.38172	0.643516	0.0418195
1.38600	0.694835	0.0422154
1.39029	0.670702	0.0406721
1.39457	0.595441	0.0387421
1.39885	0.568134	0.0435355
1.40312	0.554189	0.0458255
1.40739	0.616048	0.0474214
1.41166	0.564785	0.0459176
1.41592	0.613990	0.0432346
1.42018	0.663880	0.0374153
1.42444	0.622741	0.0320976
1.42869	0.541063	0.0276172
1.43294	0.633667	0.0296942
1.43719	0.521435	0.0287172
1.44143	0.565804	0.0274176
1.44566	0.536533	0.0276734
1.44989	0.629826	0.0312012
1.45412	0.649426	0.0342640
1.45834	0.589680	0.0357869
1.46256	0.643624	0.0328949
1.46678	0.601405	0.0326566
1.47098	0.694391	0.0304808
1.47519	0.652374	0.0317120
1.47939	0.576342	0.0318770
1.48358	0.707850	0.0338225
1.48777	0.710628	0.0335173
1.49195	0.720355	0.0294178
1.49613	0.693717	0.0256009
1.50030	0.691151	0.0305471
1.50447	0.749519	0.0365859
1.50863	0.684011	0.0369977
1.51279	0.731227	0.0348191
1.51694	0.741987	0.0270442
1.52109	0.735496	0.0298073
1.52523	0.692657	0.0322308
1.52936	0.761074	0.0367302
1.53349	0.757579	0.0344662
1.53762	0.837613	0.0339684
1.54173	0.882145	0.0314449
1.54584	0.824184	0.0285114
1.54995	0.877070	0.0291169
1.55405	0.925633	0.0278254
1.55814	0.924362	0.0296610
1.56223	0.869937	0.0314174
1.56631	0.916076	0.0291687
1.57038	0.930684	0.0267004
1.57445	0.948052	0.0225713
1.57852	0.937550	0.0296687
1.58257	0.944509	0.0363997
1.58662	0.931251	0.0364738
1.59067	0.972452	0.0329200
1.59470	0.912751	0.0241273
1.59873	0.929133	0.0268849
1.60276	0.918149	0.0311817
1.60678	0.959706	0.0339835
1.61079	0.844090	0.0355621
1.61479	0.968424	0.0323438
1.61879	0.889619	0.0327355
1.62279	0.926632	0.0307929
1.62677	0.957259	0.0300689
1.63075	0.933140	0.0284488
1.63472	0.885931	0.0254548
1.63869	0.949266	0.0263401
1.64265	0.967164	0.0276826
1.64660	0.985431	0.0279484
1.65055	1.00003	0.0282908
1.65449	0.976638	0.0254230
1.65843	1.03244	0.0209374
1.66235	0.980568	0.0199175
1.66627	1.03343	0.0300874
1.67019	1.02595	0.0343592
1.67410	0.957513	0.0338386
1.67800	0.949427	0.0276796
1.68189	1.00138	0.0197063
1.68578	0.966492	0.0231220
1.68966	1.02362	0.0276509
1.69353	0.990110	0.0289081
1.69740	1.03124	0.0322750
1.70126	1.03805	0.0297136
1.70512	0.982794	0.0289277
1.70897	0.987532	0.0286826
1.71281	1.00466	0.0257326
1.71665	0.960167	0.0248527
1.72047	0.961300	0.0238823
1.72430	0.940373	0.0223458
1.72811	0.967097	0.0228779
1.73192	0.922052	0.0231608
1.73573	0.865315	0.0236548
1.73952	0.914820	0.0250823
1.74331	0.822005	0.0254559
1.74710	0.808026	0.0233431
1.75088	0.811422	0.0209981
1.75465	0.793098	0.0169183
1.75841	0.790238	0.0176161
1.76217	0.734815	0.0269545
1.76592	0.748150	0.0307271
1.76967	0.731184	0.0311246
1.77341	0.734127	0.0255984
1.77714	0.690695	0.0181000
1.78087	0.691198	0.0181079
1.78459	0.679708	0.0244493
1.78831	0.685690	0.0258358
1.79202	0.622489	0.0257635
1.79572	0.653207	0.0300942
1.79942	0.654333	0.0290371
1.80311	0.641891	0.0324865
1.80679	0.687619	0.0340877
1.81047	0.721342	0.0326587
1.81414	0.673302	0.0325978
1.81781	0.691377	0.0326807
1.82147	0.677881	0.0295112
1.82513	0.712333	0.0323131
1.82878	0.687663	0.0339629
1.83242	0.722644	0.0368041
1.83606	0.649058	0.0376568
1.83969	0.646958	0.0442468
1.84332	0.536205	0.0526211
1.84694	0.537419	0.0519204
1.85055	0.680622	0.0544621
1.85416	0.532972	0.0529073
1.85776	0.565794	0.0462837
1.86136	0.521320	0.0377068
1.86495	0.526168	0.0351519
1.86854	0.533397	0.0446374
1.87212	0.626281	0.0758485
1.87570	0.528435	0.0732713
1.87927	0.431262	0.0504171
1.88283	0.516616	0.0307175
1.88639	0.568106	0.0264123
1.88994	0.625872	0.0258335
1.89349	0.628745	0.0260457
1.89704	0.564902	0.0295464
1.90057	0.611129	0.0330591
1.90411	0.616184	0.0390824
1.90763	0.583161	0.0377828
1.91116	0.685761	0.0330581
1.91467	0.622753	0.0312866
1.91819	0.617181	0.0335771
1.92169	0.713717	0.0374639
1.92519	0.710376	0.0371533
1.92869	0.662237	0.0331790
1.93218	0.652704	0.0284870
1.93567	0.558327	0.0237369
1.93915	0.631714	0.0218463
1.94262	0.573947	0.0195487
1.94610	0.584502	0.0173873
1.94956	0.566517	0.0191748
1.95302	0.573749	0.0226508
1.95648	0.608464	0.0250235
1.95993	0.572238	0.0262749
1.96338	0.533955	0.0246686
1.96682	0.562475	0.0246403
1.97026	0.584875	0.0240071
1.97369	0.557904	0.0240765
1.97712	0.515910	0.0214028
1.98054	0.536241	0.0195967
1.98396	0.544195	0.0160716
1.98737	0.547653	0.0138548
1.99078	0.564647	0.0132710
1.99418	0.558264	0.0150211
1.99758	0.579422	0.0251870
2.00098	0.614327	0.0361634
2.00436	0.527501	0.0446274
2.00775	0.548290	0.0385888
2.01113	0.559937	0.0261215
2.01451	0.531936	0.0235687
2.01788	0.604516	0.0223116
2.02124	0.595673	0.0208578
2.02461	0.609931	0.0235176
2.02796	0.548449	0.0223523
2.03132	0.559143	0.0225054
2.03466	0.615157	0.0200841
2.03801	0.637548	0.0222138
2.04135	0.638193	0.0219167
2.04468	0.624658	0.0217909
2.04801	0.633231	0.0198305
2.05134	0.604461	0.0203216
2.05466	0.620226	0.0253214
2.05797	0.671160	0.0240019
2.06129	0.623021	0.0218471
2.06459	0.663341	0.0159673
2.06790	0.678275	0.0160841
2.07119	0.637318	0.0190361
2.07449	0.709995	0.0181513
2.07778	0.711407	0.0169234
2.08106	0.705675	0.0138219
2.08434	0.699868	0.0139307
2.08762	0.692202	0.0152099
2.09089	0.706692	0.0153784
2.09416	0.721852	0.0141390
2.09742	0.691684	0.0129495
2.10068	0.711868	0.0123281
2.10393	0.733491	0.0137698
2.10718	0.725507	0.0156916
2.11042	0.739063	0.0163158
2.11366	0.741411	0.0169139
2.11690	0.713294	0.0165824
2.12013	0.726634	0.0164964
2.12335	0.717827	0.0170537
2.12657	0.746805	0.0160157
2.12979	0.739146	0.0160442
2.13300	0.734189	0.0143005
2.13621	0.755254	0.0134746
2.13941	0.765460	0.0124183
2.14261	0.760342	0.0118660
2.14580	0.755513	0.0136531
2.14899	0.732238	0.0190243
2.15218	0.745034	0.0212736
2.15535	0.728052	0.0216211
2.15853	0.761935	0.0184362
2.16170	0.782834	0.0150577
2.16486	0.753637	0.0137110
2.16803	0.781706	0.0139207
2.17118	0.763496	0.0142166
2.17433	0.726424	0.0141549
2.17748	0.757659	0.0168717
2.18062	0.727184	0.0179033
2.18376	0.744054	0.0184869
2.18689	0.748280	0.0175512
2.19001	0.766876	0.0156578
2.19314	0.762068	0.0181315
2.19625	0.723605	0.0190013
2.19936	0.758841	0.0191909
2.20247	0.761164	0.0183219
2.20557	0.726201	0.0162947
2.20867	0.731448	0.0171657
2.21176	0.768919	0.0187421
2.21485	0.732836	0.0181201
2.21793	0.725248	0.0177872
2.22101	0.743583	0.0148884
2.22408	0.733527	0.0148351
2.22715	0.735938	0.0157373
2.23021	0.737121	0.0176585
2.23327	0.691047	0.0175667
2.23632	0.745500	0.0169854
2.23937	0.719944	0.0152318
2.24241	0.699002	0.0144872
2.24545	0.725239	0.0149434
2.24848	0.703078	0.0155547
2.25151	0.736601	0.0162930
2.25453	0.708001	0.0161544
2.25754	0.731014	0.0158677
2.26056	0.720606	0.0151286
2.26356	0.703774	0.0150439
2.26656	0.726943	0.0154612
2.26956	0.718471	0.0156383
2.27255	0.706471	0.0162430
2.27553	0.697906	0.0162142
2.27851	0.725465	0.0159772
2.28149	0.700059	0.0156890
2.28446	0.707744	0.0153826
2.28742	0.707307	0.0155025
2.29038	0.662281	0.0157287
2.29334	0.633765	0.0160380
2.29628	0.582837	0.0165130
2.29923	0.520260	0.0174707
2.30217	0.540635	0.0168535
2.30510	0.539119	0.0166851
2.30803	0.555751	0.0160734
2.31095	0.533622	0.0159363
2.31387	0.541722	0.0161780
2.31678	0.550635	0.0171386
2.31969	0.558517	0.0177102
2.32259	0.517580	0.0183411
2.32549	0.506653	0.0178455
2.32838	0.516590	0.0169664
2.33127	0.496763	0.0170503
2.33415	0.495986	0.0171265
2.33703	0.495805	0.0178291
2.33990	0.518160	0.0185987
2.34277	0.526425	0.0191536
2.34563	0.532791	0.0188423
2.34849	0.558351	0.0196245
2.35135	0.535988	0.0201099
2.35420	0.481177	0.0204550
2.35704	0.511166	0.0201139
2.35988	0.488797	0.0195077
2.36271	0.494415	0.0189556
2.36555	0.495566	0.0191126
2.36837	0.498048	0.0210442
2.37119	0.470822	0.0232952
2.37401	0.469988	0.0255718
2.37682	0.478849	0.0256669
2.37963	0.526333	0.0231303
2.38244	0.485571	0.0221945
2.38524	0.484015	0.0218579
2.38804	0.475044	0.0221678
2.39083	0.516678	0.0219221
2.39362	0.497323	0.0216782
2.39641	0.521289	0.0215690
2.39919	0.496983	0.0212940
2.40197	0.476924	0.0215887
2.40475	0.487337	0.0222023
2.40752	0.492054	0.0234122
2.41029	0.486301	0.0233537
2.41306	0.469359	0.0243839
2.41582	0.474300	0.0264096
2.41859	0.476820	0.0271556
2.42135	0.417670	0.0260262
2.42410	0.453859	0.0242032
2.42686	0.450232	0.0227721
2.42961	0.478243	0.0231777
2.43236	0.450866	0.0263349
2.43511	0.408524	0.0289757
2.43786	0.468638	0.0288928
2.44061	0.419789	0.0260866
2.44336	0.437397	0.0265000
2.44610	0.435388	0.0303038
2.44885	0.362523	0.0344636
2.45159	0.398801	0.0364971
2.45433	0.401627	0.0324311
2.45708	0.415624	0.0278196
2.45982	0.396762	0.0272072
2.46256	0.381686	0.0280145
2.46531	0.443561	0.0289133
2.46806	0.375082	0.0308420
2.47080	0.348877	0.0341414
2.47355	0.362120	0.0352248
2.47630	0.366736	0.0354270
2.47905	0.363155	0.0346642
2.48181	0.300566	0.0397865
2.48456	0.481614	0.0465980
2.48732	0.416359	0.0487517
2.49009	0.388264	0.0501441
2.49285	0.388006	0.0517490
2.49562	0.365190	0.0484867
2.49840	0.325009	0.0442412
2.50118	0.294720	0.0424380
2.50396	0.422032	0.0465491
2.50675	0.285729	0.0523461
2.50955	0.335115	0.0573810
2.51235	0.233939	0.0628549
2.51515	0.268006	0.0799145
2.51797	0.182788	0.0869860
2.52079	0.296160	0.0844008
2.52362	0.368013	0.0781389
2.52646	0.306213	0.0845129
2.52930	0.525290	0.119759
2.53216	0.557751	0.164503
2.53502	0.501336	0.192537
2.53790	0.135291	0.186595
2.54078	0.333357	0.167705
2.54368	0.152353	0.193619
2.54658	0.129740	0.250109
2.54950	0.832986	0.390125
2.55244	0.493720	0.413399
2.55538	0.578022	0.345228
2.55834	-0.0772735	0.231911
