#  ----------------------------------------------------------------------------------
# SpeX prism spectrum of SDSSp J083008.12+482847.4 (J08300825+4828482)
# Originally observed on 2004 Nov 08
# Average resolution = 120
# Originally published in Burgasser et al. (2008) ApJ, 681, 579
#
# PLEASE CITE THE ORIGINAL DATA REFERENCE WHEN PUBLISHING OR PRESENTING THESE DATA
#
# Optical spectral type: L8
# Near infrared spectral type: L9+/-1
# J magnitude = 15.444
# H magnitude = 14.343
# Ks magnitude = 13.676
#
#  Wavelength (micron)   F_lambda (normalized)  Noise (normalized as F_lambda)
#  ----------------------------------------------------------------------------------
0.650132	0.550891	0.343445
0.652352	-0.129563	0.494891
0.654560	0.513760	0.347660
0.656758	0.795582	0.378444
0.658947	0.427977	0.311190
0.661127	0.586148	0.261299
0.663301	0.497599	0.168464
0.665468	0.0712092	0.472442
0.667629	0.778498	0.264015
0.669786	0.403307	0.387397
0.671940	0.00381117	0.243164
0.674090	0.668270	0.212399
0.676238	0.535022	0.294731
0.678386	0.316977	0.407771
0.680532	0.0876781	0.157199
0.682680	0.00936699	0.181421
0.684828	0.262530	0.216383
0.686978	0.290371	0.523712
0.689130	-0.0326939	0.263057
0.691286	-0.0482797	0.518472
0.693446	-0.0458339	0.166459
0.695610	0.377394	0.0726333
0.697779	0.158739	0.171798
0.699955	0.477098	0.0748704
0.702136	0.319364	0.298066
0.704325	0.0821407	0.116637
0.706521	0.224331	0.109592
0.708725	0.0826068	0.330370
0.710938	0.0187296	0.192222
0.713161	0.103967	0.162454
0.715393	0.201898	0.351913
0.717635	0.210502	0.254087
0.719888	-0.0647611	0.0819316
0.722152	-0.0473152	0.0738845
0.724427	0.0671326	0.0284883
0.726715	0.107582	0.0378171
0.729015	0.0936389	0.227154
0.731328	-0.0487370	0.0535134
0.733654	0.190287	0.135510
0.735994	-0.0241561	0.156021
0.738347	-0.0809517	0.117658
0.740715	0.0510375	0.0851930
0.743098	0.0140572	0.0586464
0.745496	0.0680754	0.00976390
0.747909	0.156644	0.0765305
0.750338	0.158085	0.0290467
0.752782	0.0944467	0.0747966
0.755243	0.0785872	0.0893206
0.757720	0.0269790	0.0833506
0.760214	0.0359017	0.0515147
0.762725	0.0872172	0.158585
0.765253	-0.0406217	0.125535
0.767798	0.0156014	0.0531795
0.770361	-0.190522	0.0123138
0.772942	-0.0377724	0.0612544
0.775540	-0.0106128	0.0673473
0.778157	-0.00839469	0.0534382
0.780792	0.0807671	0.0288940
0.783446	-0.0297228	0.0469771
0.786118	0.0988966	0.0441350
0.788809	-0.0393301	0.0761827
0.791519	0.0588741	0.0413958
0.794247	0.0360943	0.0902434
0.796995	-0.0231294	0.0282141
0.799762	-0.00339624	0.0926117
0.802548	-0.00435766	0.0467253
0.805354	0.0173460	0.0394967
0.808179	0.0350891	0.0508877
0.811024	-0.0284949	0.0264622
0.813888	0.0368535	0.0224720
0.816771	0.0534508	0.0306167
0.819675	0.0413578	0.0462876
0.822598	0.0555324	0.0239102
0.825540	0.0446198	0.0267406
0.828503	0.0285515	0.0237308
0.831485	0.0816399	0.0467596
0.834487	0.0917802	0.0614825
0.837508	0.0998658	0.0511776
0.840549	0.0624925	0.0426711
0.843610	0.156930	0.0569436
0.846691	0.129076	0.0512327
0.849791	0.126389	0.0130961
0.852911	0.141703	0.0263086
0.856050	0.146586	0.0289495
0.859209	0.118579	0.0282064
0.862387	0.142735	0.0120101
0.865585	0.138570	0.00886811
0.868802	0.133656	0.0157317
0.872038	0.182892	0.0168393
0.875293	0.221823	0.0187700
0.878568	0.220636	0.0155236
0.881861	0.119433	0.0228742
0.885173	0.176265	0.0191186
0.888504	0.171710	0.0385575
0.891854	0.228576	0.0162618
0.895222	0.231369	0.0394157
0.898609	0.193897	0.0260217
0.902014	0.254344	0.0258126
0.905438	0.211054	0.0172900
0.908879	0.272137	0.0235190
0.912339	0.298363	0.0353953
0.915816	0.289448	0.0450265
0.919311	0.316349	0.0134783
0.922824	0.286498	0.0467360
0.926354	0.276068	0.0238145
0.929901	0.273833	0.0246744
0.933466	0.247148	0.0174240
0.937047	0.336927	0.0200146
0.940646	0.306473	0.0169862
0.944260	0.328973	0.0196446
0.947892	0.360470	0.0210863
0.951540	0.335226	0.0214431
0.955204	0.332818	0.0205506
0.958884	0.363335	0.0225287
0.962579	0.361640	0.0269496
0.966291	0.392788	0.0384054
0.970018	0.426868	0.0129241
0.973760	0.449103	0.0218493
0.977517	0.439576	0.0301926
0.981289	0.425813	0.0232139
0.985076	0.480511	0.0287667
0.988878	0.446012	0.0166132
0.992694	0.456649	0.0140277
0.996524	0.425243	0.0153258
1.00037	0.450295	0.0104560
1.00423	0.466989	0.0227428
1.00810	0.460463	0.0183003
1.01198	0.508145	0.0282016
1.01588	0.488278	0.0339763
1.01979	0.497182	0.0216056
1.02371	0.506517	0.0127719
1.02765	0.539650	0.0204961
1.03160	0.546407	0.0150650
1.03556	0.534243	0.0149450
1.03953	0.546857	0.0103543
1.04352	0.612474	0.0305859
1.04751	0.630875	0.0314958
1.05152	0.623836	0.0163555
1.05554	0.636236	0.0145710
1.05957	0.631353	0.0171101
1.06361	0.618628	0.0270684
1.06766	0.655698	0.0146784
1.07172	0.669035	0.0306505
1.07579	0.674108	0.0202412
1.07987	0.722318	0.0256224
1.08396	0.675713	0.0124056
1.08806	0.716016	0.0160330
1.09217	0.674646	0.0258324
1.09629	0.663526	0.0316598
1.10042	0.618526	0.0227169
1.10455	0.598270	0.0206038
1.10870	0.579262	0.0114619
1.11285	0.540981	0.0143479
1.11701	0.542892	0.0185629
1.12118	0.549370	0.0160382
1.12535	0.539423	0.0198455
1.12954	0.577426	0.0241731
1.13373	0.523874	0.0152023
1.13793	0.534637	0.0205432
1.14213	0.528298	0.0185988
1.14634	0.586232	0.0274608
1.15056	0.596522	0.0159245
1.15478	0.606427	0.0175549
1.15901	0.603190	0.0178500
1.16324	0.566185	0.0103667
1.16748	0.582346	0.0283695
1.17173	0.588031	0.0215445
1.17598	0.578228	0.00951636
1.18023	0.594519	0.0115041
1.18449	0.642779	0.0149037
1.18876	0.707052	0.0148740
1.19303	0.733164	0.0113600
1.19730	0.751532	0.0239651
1.20158	0.741303	0.0197246
1.20586	0.759476	0.0303522
1.21014	0.805033	0.0138617
1.21443	0.845215	0.0107829
1.21872	0.848711	0.0111425
1.22302	0.846305	0.0216000
1.22731	0.851698	0.0170192
1.23161	0.881543	0.0210483
1.23592	0.901920	0.0177513
1.24022	0.884256	0.0165054
1.24453	0.878478	0.0120081
1.24883	0.891936	0.0192732
1.25314	0.900213	0.0111127
1.25746	0.905787	0.00664880
1.26177	0.941114	0.0140435
1.26608	0.975518	0.00936050
1.27040	0.967885	0.0178351
1.27471	0.987436	0.0161678
1.27903	0.988795	0.0133216
1.28335	0.975926	0.0177503
1.28767	0.993098	0.0160458
1.29198	0.977507	0.0126940
1.29630	1.00952	0.0242499
1.30062	0.953983	0.0183354
1.30494	0.971595	0.0185396
1.30926	0.958281	0.0252256
1.31357	0.958513	0.0176765
1.31789	0.961342	0.00659422
1.32220	0.945172	0.0175015
1.32652	0.885156	0.0118816
1.33083	0.761721	0.00646016
1.33514	0.589663	0.0117708
1.33945	0.430015	0.00843587
1.34376	0.350594	0.00483558
1.34807	0.327865	0.0120343
1.35238	0.311314	0.0104864
1.35668	0.287065	0.0303321
1.36098	0.240919	0.0277760
1.36528	0.278826	0.0303248
1.36958	0.237411	0.0516710
1.37387	0.217075	0.0165760
1.37816	0.332608	0.0456370
1.38245	0.381178	0.00979455
1.38674	0.342996	0.0515495
1.39102	0.366033	0.0139141
1.39530	0.325445	0.0147049
1.39958	0.258357	0.0331380
1.40385	0.323304	0.0274520
1.40812	0.315083	0.0128991
1.41239	0.263360	0.0121124
1.41665	0.266381	0.0329142
1.42091	0.271389	0.0197275
1.42517	0.231929	0.0187102
1.42942	0.266497	0.0276859
1.43367	0.263878	0.0225546
1.43791	0.284236	0.00767610
1.44215	0.296272	0.0142554
1.44639	0.317221	0.0214144
1.45062	0.337921	0.0195889
1.45485	0.373184	0.0325174
1.45907	0.391440	0.00600603
1.46328	0.450092	0.0106356
1.46750	0.414226	0.0115348
1.47171	0.407906	0.0191473
1.47591	0.426291	0.00724914
1.48011	0.440666	0.0103572
1.48430	0.454350	0.0127786
1.48849	0.457163	0.0163094
1.49267	0.483381	0.0165568
1.49685	0.512026	0.00507314
1.50102	0.557583	0.00942473
1.50519	0.562104	0.00854276
1.50935	0.593554	0.0155338
1.51350	0.598892	0.0127112
1.51765	0.641851	0.00672573
1.52180	0.670858	0.0248374
1.52594	0.677387	0.0120380
1.53007	0.704413	0.0149134
1.53420	0.714661	0.0125450
1.53832	0.769196	0.00576809
1.54244	0.768839	0.00554986
1.54655	0.792716	0.00605106
1.55065	0.831762	0.0176828
1.55475	0.839293	0.00951687
1.55884	0.857035	0.0259457
1.56293	0.833436	0.0107051
1.56701	0.878548	0.00577171
1.57108	0.894621	0.0120999
1.57515	0.903793	0.00949387
1.57921	0.944824	0.0227175
1.58327	0.916958	0.00804198
1.58732	0.947857	0.0227716
1.59136	0.953389	0.0294777
1.59539	1.00371	0.0162740
1.59942	0.978913	0.00811618
1.60345	0.978699	0.00825905
1.60747	0.984793	0.00960127
1.61148	0.970881	0.00997568
1.61548	0.988335	0.00779268
1.61948	1.02087	0.0175092
1.62347	0.988544	0.00900895
1.62745	0.983406	0.0193752
1.63143	0.978639	0.00737968
1.63541	0.999743	0.0110947
1.63937	0.986745	0.00678300
1.64333	0.972903	0.00788329
1.64728	1.00049	0.00958801
1.65123	1.01873	0.00727228
1.65517	0.987032	0.00554044
1.65910	1.01078	0.0107391
1.66303	1.00892	0.00594412
1.66695	0.996748	0.0169297
1.67086	0.974187	0.0212081
1.67476	1.01354	0.0116996
1.67866	0.968618	0.0130359
1.68256	1.00171	0.00478995
1.68644	1.01429	0.00358561
1.69032	1.00544	0.00800855
1.69420	0.969995	0.0303011
1.69807	0.953894	0.0306037
1.70193	0.956547	0.0216857
1.70578	0.955128	0.0139009
1.70963	0.935146	0.00410461
1.71347	0.919509	0.00658184
1.71730	0.876707	0.0109747
1.72113	0.871295	0.00773189
1.72495	0.821333	0.00449720
1.72877	0.784109	0.00565758
1.73258	0.795944	0.0219871
1.73638	0.740292	0.00725378
1.74017	0.739712	0.0145743
1.74396	0.689142	0.0123354
1.74775	0.690200	0.00339944
1.75152	0.642454	0.00516097
1.75529	0.602597	0.00279096
1.75906	0.561116	0.00596777
1.76281	0.585569	0.0123925
1.76657	0.560523	0.0158874
1.77031	0.523587	0.00743218
1.77405	0.498861	0.0185838
1.77778	0.471348	0.0168941
1.78151	0.452377	0.00781601
1.78523	0.449931	0.0160579
1.78894	0.428187	0.00697884
1.79265	0.416300	0.0141829
1.79635	0.430976	0.0173368
1.80005	0.404151	0.00451402
1.80374	0.367259	0.00761591
1.80742	0.332423	0.0247325
1.81110	0.394879	0.0105764
1.81477	0.368331	0.0164731
1.81844	0.426214	0.00693172
1.82210	0.406953	0.00697327
1.82575	0.438477	0.0145105
1.82940	0.464267	0.0198529
1.83304	0.372205	0.0192716
1.83668	0.353733	0.0482301
1.84031	0.412613	0.0373839
1.84394	0.291144	0.0509100
1.84756	0.352085	0.0243063
1.85117	0.313847	0.0367700
1.85478	0.316374	0.0103944
1.85838	0.256100	0.0142138
1.86198	0.247513	0.0198669
1.86557	0.300696	0.0163198
1.86915	0.296406	0.00976840
1.87273	0.260002	0.0509016
1.87631	0.238626	0.0160612
1.87988	0.351962	0.00988178
1.88344	0.390726	0.0150708
1.88700	0.357076	0.0265224
1.89055	0.370081	0.0109988
1.89410	0.368903	0.0165046
1.89764	0.387283	0.0200053
1.90118	0.418742	0.0110412
1.90471	0.338316	0.0688280
1.90824	0.460682	0.0285955
1.91176	0.429204	0.0165717
1.91528	0.434029	0.0138339
1.91879	0.488033	0.0225363
1.92229	0.458538	0.0112731
1.92579	0.466108	0.0101656
1.92929	0.424832	0.00633472
1.93278	0.322025	0.0137547
1.93626	0.361269	0.0191672
1.93974	0.294425	0.00682075
1.94322	0.292921	0.00660540
1.94669	0.340185	0.00453246
1.95016	0.325553	0.00359746
1.95362	0.347371	0.00719424
1.95707	0.296769	0.0171533
1.96052	0.308181	0.00582026
1.96397	0.311955	0.0151795
1.96741	0.329723	0.00514470
1.97085	0.332781	0.00973093
1.97428	0.335590	0.00960822
1.97770	0.348954	0.0102515
1.98113	0.346606	0.0108236
1.98454	0.354017	0.00890280
1.98795	0.363424	0.00334140
1.99136	0.373128	0.00338204
1.99477	0.387013	0.0106730
1.99816	0.394557	0.0162294
2.00156	0.381928	0.0225394
2.00495	0.368808	0.0220180
2.00833	0.376358	0.00928714
2.01171	0.404529	0.0136578
2.01508	0.406465	0.0115772
2.01845	0.402392	0.00542349
2.02182	0.440214	0.0136306
2.02518	0.498365	0.0113388
2.02854	0.472335	0.00650741
2.03189	0.488969	0.00496449
2.03524	0.499960	0.0124597
2.03858	0.534456	0.00682057
2.04192	0.527000	0.00592747
2.04525	0.537327	0.00547858
2.04858	0.553905	0.0100253
2.05191	0.551364	0.00543318
2.05523	0.565619	0.0124357
2.05854	0.577259	0.0215600
2.06185	0.593944	0.00620024
2.06516	0.575682	0.00563184
2.06846	0.565443	0.00605273
2.07176	0.577625	0.00827881
2.07505	0.592988	0.00789331
2.07834	0.605319	0.00838171
2.08162	0.626720	0.0107011
2.08490	0.626956	0.00323623
2.08818	0.633509	0.0112313
2.09145	0.631408	0.00625227
2.09472	0.640154	0.00749543
2.09798	0.627258	0.00752706
2.10123	0.629354	0.00858408
2.10449	0.641902	0.0144581
2.10773	0.655856	0.00703328
2.11098	0.646248	0.00704139
2.11422	0.650917	0.0202250
2.11745	0.636862	0.00621855
2.12068	0.653551	0.00984649
2.12390	0.654043	0.0126643
2.12712	0.650161	0.00546759
2.13034	0.665803	0.0104060
2.13355	0.643952	0.00344896
2.13676	0.657066	0.0104105
2.13996	0.654567	0.00765820
2.14316	0.657052	0.00785946
2.14635	0.662900	0.00335796
2.14954	0.639426	0.00611769
2.15272	0.648803	0.00745972
2.15590	0.639023	0.00995885
2.15907	0.630801	0.00387273
2.16224	0.615632	0.00591166
2.16541	0.629869	0.00312582
2.16857	0.654126	0.00557662
2.17172	0.630133	0.00796417
2.17487	0.641346	0.00815453
2.17802	0.621605	0.00563402
2.18116	0.610313	0.00991067
2.18429	0.639964	0.00502362
2.18742	0.615373	0.00717819
2.19055	0.599072	0.0149272
2.19367	0.606200	0.00781035
2.19679	0.611162	0.0118833
2.19990	0.602866	0.00536001
2.20300	0.607382	0.00782171
2.20611	0.576206	0.00698153
2.20920	0.566616	0.00866036
2.21229	0.577045	0.00858533
2.21538	0.564056	0.0110277
2.21846	0.575789	0.0157743
2.22154	0.570358	0.0137368
2.22461	0.561381	0.00519204
2.22768	0.560291	0.00460452
2.23074	0.553525	0.0114981
2.23379	0.557119	0.00522896
2.23685	0.544552	0.0109769
2.23989	0.557457	0.0133616
2.24293	0.543870	0.00900858
2.24597	0.545419	0.00599610
2.24900	0.547005	0.00450452
2.25203	0.537730	0.00464879
2.25505	0.534368	0.0112910
2.25806	0.535300	0.00300173
2.26107	0.528071	0.00308762
2.26408	0.528563	0.00987751
2.26708	0.527960	0.0100570
2.27007	0.535620	0.00447964
2.27306	0.509522	0.00701700
2.27604	0.510547	0.00685261
2.27902	0.514883	0.00621498
2.28200	0.507727	0.0127419
2.28497	0.515212	0.00486906
2.28793	0.505789	0.00498963
2.29089	0.491464	0.00931942
2.29384	0.486794	0.0112602
2.29679	0.440298	0.00888096
2.29973	0.403769	0.00856553
2.30267	0.386040	0.0130476
2.30560	0.395424	0.00857944
2.30853	0.396685	0.00424033
2.31145	0.394471	0.00870873
2.31437	0.398649	0.0115429
2.31728	0.389942	0.0186882
2.32019	0.361511	0.00136647
2.32309	0.365764	0.00574138
2.32599	0.372374	0.0117058
2.32888	0.364968	0.00945399
2.33176	0.370790	0.00887776
2.33465	0.370614	0.00601502
2.33752	0.387883	0.0104764
2.34040	0.390766	0.00780826
2.34326	0.361166	0.00528646
2.34612	0.367906	0.00549620
2.34898	0.386337	0.00644258
2.35184	0.372435	0.0116025
2.35468	0.369968	0.00302122
2.35753	0.395080	0.00813672
2.36037	0.384142	0.00473949
2.36320	0.376652	0.0118573
2.36603	0.373647	0.00899550
2.36886	0.395905	0.00921452
2.37168	0.386474	0.0170685
2.37449	0.362287	0.00393667
2.37731	0.378403	0.0125068
2.38012	0.372318	0.00287484
2.38292	0.378549	0.00818592
2.38572	0.347427	0.00450191
2.38852	0.367277	0.0122111
2.39131	0.374629	0.00788399
2.39410	0.382666	0.00644689
2.39689	0.372293	0.0165098
2.39967	0.378041	0.00421951
2.40245	0.400266	0.00864794
2.40522	0.360456	0.0101905
2.40800	0.370349	0.00900065
2.41077	0.361074	0.0110744
2.41353	0.347135	0.0139631
2.41630	0.372759	0.0244765
2.41906	0.335388	0.0100521
2.42182	0.379995	0.0167306
2.42458	0.335765	0.0139336
2.42733	0.331075	0.0125464
2.43008	0.350884	0.0132536
2.43284	0.335066	0.00442505
2.43559	0.333883	0.0170878
2.43833	0.330342	0.00942797
2.44108	0.336508	0.0172520
2.44383	0.277397	0.00549059
2.44657	0.300494	0.0197676
2.44932	0.264770	0.0120983
2.45206	0.281576	0.0132133
2.45480	0.244111	0.0392541
2.45755	0.281100	0.00734022
2.46029	0.293875	0.0112493
2.46303	0.290074	0.00819594
2.46578	0.223745	0.00402981
2.46853	0.297621	0.0147903
2.47127	0.251231	0.0183585
2.47402	0.209417	0.0261094
2.47677	0.200237	0.0123637
2.47952	0.200408	0.0409419
2.48228	0.272458	0.0241544
2.48504	0.263968	0.0123733
2.48780	0.237645	0.00683800
2.49056	0.116881	0.0189424
2.49333	0.117696	0.0552208
2.49610	0.157802	0.0372534
2.49887	0.183316	0.0155551
2.50165	0.142403	0.0250551
2.50444	0.181641	0.0327235
2.50723	0.137600	0.0225635
2.51003	0.233713	0.0135441
2.51283	0.269006	0.0404842
2.51564	0.123923	0.0857750
2.51845	0.103461	0.0766353
2.52127	0.0914853	0.0140101
2.52410	0.230416	0.0221519
2.52694	0.221873	0.0115570
2.52979	0.188718	0.155816
2.53265	0.0358891	0.162940
2.53551	0.365795	0.109602
2.53839	-0.0633245	0.253679
2.54128	0.0722276	0.0699525
2.54417	0.0565823	0.317234
2.54708	0.421661	0.0797678
2.55000	-0.173810	0.453007
2.55294	0.155533	0.416552
2.55589	0.132145	0.278849
2.55885	0.0987482	0.0904011
