#  ----------------------------------------------------------------------------------
# SpeX prism spectrum of DENIS-P J220002.05-303832.9A (J22000201-3038327)
# Originally observed on 2004 Sep 07
# Average resolution = 120
# Originally published in Burgasser & McElwain (2006) AJ, 131, 1007
#
# PLEASE CITE THE ORIGINAL DATA REFERENCE WHEN PUBLISHING OR PRESENTING THESE DATA
#
# Near infrared spectral type: M9
# J magnitude = 14.05
# H magnitude = 13.28
# Ks magnitude = 12.83
#
#  Wavelength (micron)   F_lambda (normalized)  Noise (normalized as F_lambda)
#  ----------------------------------------------------------------------------------
0.651833	-0.00711278	0.0472296
0.654044	0.0170397	0.0638302
0.656244	0.0776781	0.115333
0.658435	0.0225657	0.0474179
0.660617	0.0818997	0.0349175
0.662792	-0.0139230	0.0183008
0.664961	-0.000878188	0.0194266
0.667123	0.0390368	0.0396603
0.669281	-0.00388139	0.00902046
0.671435	-0.0145248	0.0174443
0.673586	-0.0337117	0.0437737
0.675735	0.0670620	0.0136345
0.677883	0.115094	0.0318509
0.680029	0.0807744	0.0191620
0.682176	0.0531884	0.0470079
0.684324	0.0467495	0.0225256
0.686474	0.0203888	0.0329453
0.688626	0.0653409	0.0271194
0.690781	-0.0173732	0.0117158
0.692939	0.0643135	0.0130434
0.695102	0.0670826	0.0135197
0.697271	0.0520639	0.0202901
0.699444	0.0330995	0.0105982
0.701624	-0.00122747	0.0114672
0.703811	0.0161824	0.0275229
0.706006	0.0567409	0.0147873
0.708208	0.0693561	0.0151677
0.710419	0.0698664	0.0232953
0.712639	0.0192619	0.0110591
0.714869	0.00205174	0.0220174
0.717108	0.0584395	0.00509509
0.719359	0.0265016	0.00238735
0.721620	-0.0125267	0.0165077
0.723893	0.0191134	0.0153179
0.726178	0.0952200	0.00488890
0.728475	0.0668574	0.0133992
0.730785	0.0951418	0.00660762
0.733108	0.0717903	0.00993631
0.735444	0.138780	0.0330891
0.737795	0.0701355	0.0114919
0.740159	0.114875	0.0120580
0.742539	0.122080	0.00651660
0.744933	0.107727	0.00163829
0.747342	0.110967	0.00749973
0.749767	0.113592	0.00801638
0.752208	0.127375	0.0144880
0.754665	0.138647	0.0209867
0.757138	0.144977	0.0101284
0.759628	0.135338	0.0108314
0.762135	0.0941145	0.0110869
0.764659	0.0887996	0.00471345
0.767200	0.0404835	0.00640066
0.769759	0.0568614	0.00738308
0.772336	0.0376018	0.00609667
0.774930	0.0563033	0.00657295
0.777542	0.0901323	0.0198528
0.780173	0.0604153	0.00840564
0.782822	0.0934425	0.0192719
0.785490	0.0849971	0.00322054
0.788177	0.109653	0.00830698
0.790882	0.114042	0.00337326
0.793606	0.118992	0.00802439
0.796350	0.127399	0.00501237
0.799112	0.120102	0.0111952
0.801894	0.139522	0.0188205
0.804695	0.179560	0.0110920
0.807516	0.222770	0.0221288
0.810356	0.241046	0.0313791
0.813215	0.307558	0.0178778
0.816094	0.304623	0.0147365
0.818993	0.289965	0.0141144
0.821911	0.295496	0.00940562
0.824849	0.309811	0.00834499
0.827807	0.313137	0.0187981
0.830785	0.336175	0.0352267
0.833782	0.309927	0.00825953
0.836799	0.294637	0.0156344
0.839835	0.296706	0.0123851
0.842892	0.296666	0.0227970
0.845968	0.236175	0.00876724
0.849063	0.208917	0.00742124
0.852178	0.203528	0.0204938
0.855313	0.233670	0.0113347
0.858467	0.245364	0.00391012
0.861641	0.249408	0.0156255
0.864834	0.250678	0.0176739
0.868046	0.258371	0.0124088
0.871278	0.264880	0.0157707
0.874529	0.256794	0.00173284
0.877799	0.322303	0.0179482
0.881088	0.354378	0.00993756
0.884396	0.355656	0.0162460
0.887722	0.384171	0.0111829
0.891068	0.351670	0.0150111
0.894432	0.397240	0.00748137
0.897814	0.414670	0.0145608
0.901215	0.431199	0.0143144
0.904634	0.453985	0.0134974
0.908071	0.477106	0.0335957
0.911527	0.518949	0.0290352
0.915000	0.554638	0.0357993
0.918491	0.577609	0.0434992
0.921999	0.593171	0.0124809
0.925525	0.588357	0.0301779
0.929069	0.580392	0.0156769
0.932629	0.591307	0.0125812
0.936207	0.560325	0.0136280
0.939801	0.553529	0.0216200
0.943412	0.601821	0.0301014
0.947040	0.652790	0.0191840
0.950684	0.669899	0.0220607
0.954344	0.673192	0.0245924
0.958020	0.694071	0.0301956
0.961712	0.682761	0.0235511
0.965420	0.680210	0.0125009
0.969143	0.689437	0.0219378
0.972882	0.723193	0.0216027
0.976636	0.738636	0.0253940
0.980404	0.755577	0.0269710
0.984188	0.760960	0.0175291
0.987986	0.714081	0.00667460
0.991799	0.664635	0.0121338
0.995625	0.604421	0.0119508
0.999466	0.585875	0.0167017
1.00332	0.597684	0.00838159
1.00719	0.641075	0.0188855
1.01107	0.688206	0.00470347
1.01497	0.700454	0.0262642
1.01887	0.727144	0.00357050
1.02279	0.719069	0.0213052
1.02673	0.706679	0.0110967
1.03067	0.720686	0.0101799
1.03463	0.717149	0.0269919
1.03860	0.765092	0.0315452
1.04258	0.790763	0.0285648
1.04658	0.796521	0.0245062
1.05058	0.792391	0.0250001
1.05460	0.789994	0.0308035
1.05862	0.792550	0.0181443
1.06266	0.790813	0.0179089
1.06671	0.826093	0.0194719
1.07077	0.824330	0.0337222
1.07484	0.851845	0.0237126
1.07892	0.878863	0.0292057
1.08300	0.932407	0.0137227
1.08710	0.948539	0.0118064
1.09121	0.955181	0.00812627
1.09533	0.953257	0.0205170
1.09945	0.939831	0.0129968
1.10358	0.954490	0.0208495
1.10773	0.935999	0.0195914
1.11188	0.954060	0.0155332
1.11604	0.945386	0.00825951
1.12020	0.957068	0.0155716
1.12438	0.990814	0.0120208
1.12856	1.00658	0.0199113
1.13275	0.958010	0.0208591
1.13694	0.881333	0.0370195
1.14114	0.860585	0.0274332
1.14535	0.898251	0.0175713
1.14957	0.935430	0.0242565
1.15379	0.985442	0.0190554
1.15802	0.968188	0.0272727
1.16225	0.955484	0.0242140
1.16649	0.946437	0.00466224
1.17073	0.919893	0.0123697
1.17498	0.883224	0.0101288
1.17924	0.888953	0.0202433
1.18350	0.892833	0.0210250
1.18776	0.903987	0.0189269
1.19203	0.888951	0.0210197
1.19630	0.881828	0.00505733
1.20058	0.859766	0.0136919
1.20486	0.852767	0.0122298
1.20914	0.871672	0.0176999
1.21343	0.921462	0.0138359
1.21772	0.933169	0.00763488
1.22201	0.959266	0.00517496
1.22631	0.962894	0.0144011
1.23061	0.951561	0.0115132
1.23491	0.954344	0.0116429
1.23921	0.898516	0.0122941
1.24352	0.886511	0.00954716
1.24782	0.881814	0.0127299
1.25213	0.881793	0.0197312
1.25645	0.925052	0.00974348
1.26076	0.940307	0.0192738
1.26507	0.972520	0.0149753
1.26939	0.971817	0.0101342
1.27370	1.02365	0.0144265
1.27802	1.02290	0.0162312
1.28234	1.01337	0.0144947
1.28665	0.995004	0.0112267
1.29097	0.992622	0.0135778
1.29529	0.994663	0.0124044
1.29961	0.998917	0.0107277
1.30393	0.997325	0.00303737
1.30824	0.984511	0.00897603
1.31256	0.980497	0.00520649
1.31688	0.996542	0.00535969
1.32119	0.990612	0.00768630
1.32551	0.991383	0.00496218
1.32982	0.931231	0.00318337
1.33413	0.858065	0.00312679
1.33844	0.778264	0.00620219
1.34275	0.752610	0.00368717
1.34706	0.764462	0.00459340
1.35137	0.781680	0.0205440
1.35567	0.772608	0.0493117
1.35997	0.807781	0.0357468
1.36427	0.737473	0.0404515
1.36857	0.692276	0.0113821
1.37287	0.762560	0.0354913
1.37716	0.754307	0.0180605
1.38145	0.719742	0.0131399
1.38573	0.752439	0.0146128
1.39002	0.760680	0.00970464
1.39430	0.761336	0.00891709
1.39858	0.719403	0.0166597
1.40285	0.677128	0.00759704
1.40712	0.676980	0.00643453
1.41139	0.661322	0.00581606
1.41566	0.646708	0.0108114
1.41992	0.651731	0.0117430
1.42417	0.629199	0.00589379
1.42843	0.623250	0.00299342
1.43267	0.603578	0.00127095
1.43692	0.616493	0.00789925
1.44116	0.614893	0.00420754
1.44540	0.613150	0.00453995
1.44963	0.616098	0.0117430
1.45386	0.621662	0.00409309
1.45808	0.617034	0.00646950
1.46230	0.632525	0.00334315
1.46651	0.612277	0.00377453
1.47072	0.607342	0.00502492
1.47492	0.601863	0.00153202
1.47912	0.603188	0.00466788
1.48332	0.621759	0.00664801
1.48751	0.606196	0.00698309
1.49169	0.607421	0.00711804
1.49587	0.620173	0.00578579
1.50004	0.618085	0.00175255
1.50421	0.626336	0.00406922
1.50837	0.626249	0.00621802
1.51253	0.632851	0.0104707
1.51668	0.637086	0.00513297
1.52083	0.637780	0.00952910
1.52497	0.643910	0.00141358
1.52910	0.660126	0.00354374
1.53323	0.660080	0.00370370
1.53736	0.668647	0.00170412
1.54147	0.664140	0.00109856
1.54559	0.680891	0.00349202
1.54969	0.683708	0.00614303
1.55379	0.683277	0.00688430
1.55788	0.682327	0.00741867
1.56197	0.692454	0.00441833
1.56605	0.702211	0.00699464
1.57013	0.701959	0.00161144
1.57420	0.703824	0.00257694
1.57826	0.716534	0.00264932
1.58232	0.709880	0.00455117
1.58637	0.687803	0.00437217
1.59041	0.680101	0.00425103
1.59445	0.697997	0.00370989
1.59848	0.705133	0.00300567
1.60251	0.712778	0.00373416
1.60652	0.704138	0.00694178
1.61054	0.692939	0.00297857
1.61454	0.687318	0.0113968
1.61854	0.700076	0.00267999
1.62254	0.710356	0.00114406
1.62652	0.697492	0.00230937
1.63050	0.700421	0.000922866
1.63448	0.697306	0.00174126
1.63844	0.710755	0.00114437
1.64240	0.702730	0.00714689
1.64636	0.725057	0.00221589
1.65030	0.731956	0.00110399
1.65424	0.730876	0.00598016
1.65818	0.727481	0.00000
1.66211	0.726277	0.00410711
1.66603	0.725442	0.00157025
1.66994	0.714497	0.000331014
1.67385	0.715860	0.00396488
1.67775	0.713831	0.00308935
1.68165	0.726131	0.00736087
1.68553	0.725797	0.00237061
1.68942	0.738624	0.00366987
1.69329	0.732918	0.00124220
1.69716	0.718173	0.00327600
1.70102	0.710858	0.00412228
1.70488	0.700559	0.00268505
1.70873	0.700375	0.00692005
1.71257	0.701313	0.00888257
1.71641	0.679019	0.00422002
1.72023	0.665070	0.00428713
1.72406	0.653033	0.000531013
1.72787	0.652813	0.00229800
1.73168	0.640921	0.00447238
1.73549	0.628369	0.00932472
1.73929	0.629032	0.000778450
1.74308	0.617110	0.00302669
1.74686	0.609540	0.00169262
1.75064	0.585511	0.00508508
1.75441	0.580198	0.00903427
1.75818	0.560142	0.00508476
1.76194	0.545075	0.00256593
1.76569	0.536351	0.000603534
1.76943	0.533579	0.00266591
1.77318	0.514816	0.00732447
1.77691	0.509937	0.00176556
1.78064	0.509128	0.00187270
1.78436	0.494352	0.00180169
1.78807	0.499143	0.00188206
1.79178	0.482996	0.00334123
1.79549	0.485035	0.00251495
1.79918	0.472626	0.0117473
1.80288	0.478961	0.0105425
1.80656	0.470221	0.00287211
1.81024	0.478924	0.00501496
1.81391	0.494572	0.00874403
1.81758	0.487367	0.00292899
1.82124	0.505096	0.00501162
1.82490	0.505324	0.0199682
1.82855	0.480717	0.0169594
1.83219	0.531558	0.0392716
1.83583	0.494509	0.0122434
1.83946	0.464099	0.0120239
1.84309	0.506519	0.0382491
1.84671	0.511078	0.00788076
1.85032	0.502609	0.0180095
1.85393	0.479668	0.0103642
1.85754	0.439810	0.0137846
1.86114	0.464110	0.0138465
1.86473	0.475246	0.0145643
1.86832	0.434983	0.0112065
1.87190	0.427207	0.0281979
1.87547	0.372303	0.0309808
1.87904	0.500447	0.0163293
1.88261	0.481912	0.0113996
1.88617	0.511742	0.00459524
1.88972	0.435802	0.00778853
1.89327	0.488364	0.00854198
1.89681	0.461427	0.00824302
1.90035	0.452825	0.0136914
1.90389	0.453893	0.0236831
1.90741	0.488604	0.00436195
1.91094	0.475566	0.00545298
1.91445	0.519659	0.0112727
1.91796	0.486671	0.00711125
1.92147	0.492313	0.00603537
1.92497	0.464595	0.00799380
1.92847	0.436036	0.00661934
1.93196	0.455549	0.00221963
1.93545	0.437731	0.00131491
1.93893	0.431425	0.00879319
1.94241	0.410846	0.00131784
1.94588	0.388567	0.000969385
1.94934	0.391544	0.00196040
1.95281	0.386783	0.00931456
1.95626	0.389165	0.00803007
1.95971	0.396421	0.00214871
1.96316	0.403930	0.00459294
1.96660	0.402154	0.00694627
1.97004	0.389495	0.00213445
1.97347	0.374033	0.00169506
1.97690	0.344856	0.00319754
1.98032	0.346722	0.00152068
1.98374	0.337706	0.00225521
1.98716	0.342119	0.00450027
1.99056	0.340982	0.00328943
1.99397	0.353820	0.00136130
1.99737	0.347474	0.0114486
2.00076	0.336133	0.00609011
2.00415	0.315947	0.0199266
2.00754	0.356102	0.0100962
2.01092	0.371674	0.00102634
2.01429	0.372650	0.00339497
2.01767	0.363623	0.00317128
2.02103	0.374570	0.00432679
2.02439	0.371160	0.00414856
2.02775	0.366423	0.00228424
2.03111	0.364175	0.00236767
2.03445	0.365899	0.00443987
2.03780	0.364710	0.00502580
2.04114	0.353504	0.000556406
2.04447	0.359957	0.00729524
2.04780	0.369351	0.00365190
2.05113	0.361072	0.00813811
2.05445	0.357514	0.00623919
2.05777	0.368440	0.00567837
2.06108	0.374014	0.00350537
2.06439	0.364468	0.00376781
2.06769	0.366895	0.00107656
2.07099	0.371279	0.00961362
2.07428	0.374676	0.00606059
2.07757	0.378065	0.00269107
2.08086	0.380004	0.00270396
2.08414	0.374373	0.00238227
2.08741	0.375587	0.00280295
2.09068	0.376716	0.00258267
2.09395	0.380236	0.00408446
2.09721	0.376712	0.00414676
2.10047	0.378538	0.00494914
2.10372	0.385291	0.00523700
2.10697	0.386032	0.00641489
2.11022	0.380924	0.00260394
2.11346	0.385915	0.00173164
2.11669	0.388195	0.00768774
2.11992	0.389906	0.00721162
2.12315	0.386613	0.00416153
2.12637	0.388761	0.00227795
2.12959	0.387650	0.00707379
2.13280	0.394361	0.00694426
2.13601	0.393151	0.00298952
2.13921	0.393972	0.00275761
2.14241	0.394827	0.00569122
2.14560	0.396647	0.00484361
2.14879	0.408022	0.00216081
2.15198	0.399093	0.00825847
2.15516	0.401287	0.00291601
2.15833	0.407721	0.00193614
2.16150	0.387852	0.000625421
2.16467	0.396856	0.00711371
2.16783	0.403281	0.00527731
2.17098	0.405558	0.00365333
2.17413	0.412319	0.00775203
2.17728	0.403258	0.00813099
2.18042	0.402597	0.00603954
2.18356	0.403655	0.00433308
2.18669	0.392994	0.00442234
2.18982	0.396394	0.00449615
2.19294	0.405351	0.00583907
2.19606	0.407742	0.00692688
2.19917	0.393759	0.00705588
2.20228	0.399024	0.0132867
2.20538	0.396532	0.00656409
2.20848	0.376634	0.00402717
2.21157	0.388492	0.00371528
2.21466	0.393797	0.00855328
2.21774	0.394988	0.00953782
2.22082	0.396653	0.00840558
2.22389	0.390335	0.00625753
2.22696	0.391068	0.0106179
2.23002	0.397240	0.00766438
2.23308	0.390719	0.00746258
2.23613	0.384524	0.00542158
2.23918	0.396805	0.00671355
2.24222	0.385702	0.00741710
2.24526	0.388045	0.00594882
2.24829	0.391691	0.00518015
2.25132	0.391127	0.00891974
2.25434	0.387775	0.0112645
2.25736	0.387017	0.00491141
2.26037	0.380262	0.00647847
2.26337	0.375759	0.00374497
2.26637	0.375307	0.00951339
2.26937	0.377976	0.00943571
2.27236	0.375401	0.00920403
2.27535	0.373607	0.00842305
2.27833	0.379616	0.00385571
2.28130	0.377796	0.0128737
2.28427	0.375101	0.00903957
2.28724	0.368818	0.00674351
2.29020	0.370600	0.00643160
2.29315	0.362597	0.0111454
2.29610	0.334403	0.00824440
2.29904	0.317132	0.00440746
2.30198	0.313064	0.00968029
2.30492	0.317038	0.00308172
2.30784	0.326804	0.00424827
2.31077	0.335521	0.00671430
2.31369	0.332598	0.00488709
2.31660	0.320778	0.0106466
2.31951	0.316914	0.0122506
2.32241	0.312742	0.00406055
2.32531	0.295231	0.00384215
2.32820	0.289790	0.00603395
2.33109	0.290400	0.00573307
2.33397	0.297076	0.00471571
2.33685	0.295801	0.00556531
2.33972	0.294472	0.00976310
2.34259	0.294462	0.00854678
2.34545	0.302172	0.00547521
2.34831	0.303498	0.00986867
2.35117	0.295625	0.00863778
2.35402	0.280536	0.00960883
2.35686	0.282765	0.00216608
2.35970	0.275143	0.00600187
2.36254	0.275864	0.00686998
2.36537	0.288873	0.00728818
2.36819	0.286608	0.00692673
2.37102	0.268311	0.00462846
2.37383	0.289871	0.00642103
2.37665	0.287608	0.0101631
2.37946	0.276302	0.00132179
2.38226	0.265626	0.00232910
2.38507	0.264905	0.00718129
2.38786	0.268473	0.00522946
2.39066	0.268799	0.00807529
2.39345	0.267836	0.00826565
2.39623	0.261892	0.00856580
2.39902	0.258616	0.00323691
2.40180	0.248862	0.00628488
2.40457	0.255461	0.00713866
2.40735	0.250527	0.00994761
2.41012	0.258614	0.00365084
2.41289	0.247665	0.00731952
2.41565	0.236719	0.00574024
2.41841	0.232233	0.00786333
2.42117	0.236942	0.00640411
2.42393	0.235256	0.00174059
2.42669	0.228927	0.00244387
2.42944	0.238144	0.00834833
2.43219	0.218877	0.00546644
2.43494	0.207824	0.00426952
2.43769	0.215423	0.00185210
2.44044	0.224270	0.00567461
2.44318	0.218843	0.00220954
2.44593	0.204589	0.00329984
2.44867	0.210507	0.00640668
2.45142	0.201330	0.00316609
2.45416	0.207696	0.00238515
2.45690	0.209999	0.00422645
2.45965	0.203511	0.00838596
2.46239	0.201852	0.00484787
2.46514	0.193639	0.00478961
2.46788	0.191842	0.00676292
2.47063	0.175983	0.00857106
2.47338	0.185062	0.00652981
2.47613	0.199262	0.00540704
2.47888	0.182480	0.00737337
2.48163	0.197849	0.0154051
2.48439	0.166894	0.00860529
2.48715	0.209439	0.0154450
2.48991	0.176377	0.00540969
2.49268	0.177382	0.00428982
2.49545	0.195515	0.00447225
2.49822	0.211286	0.00547106
2.50100	0.181998	0.0119022
2.50379	0.175661	0.00301691
2.50658	0.177992	0.0128731
2.50937	0.138923	0.0210087
2.51217	0.184255	0.0138941
2.51498	0.189631	0.0195791
2.51779	0.129388	0.0225110
2.52061	0.208802	0.0305040
2.52344	0.162737	0.0107754
2.52628	0.167314	0.0202084
2.52912	0.225987	0.0317516
2.53198	0.228603	0.0732004
2.53484	0.244125	0.0516172
2.53772	0.258649	0.0848884
2.54060	0.0601771	0.0349679
2.54349	0.398506	0.216514
2.54640	0.169636	0.0729428
2.54932	0.337579	0.123321
2.55225	-0.360161	0.542799
2.55519	-0.194784	0.296292
2.55815	0.105386	0.110088
2.56112	0.247502	0.187280
