#  ----------------------------------------------------------------------------------
# SpeX prism spectrum of 2MASS J15200224-4422419B (J15200224-4422419)
# Originally observed on 2006 Apr 08
# Average resolution = 200
# Originally published in Burgasser et al. (2007) ApJ, 658, 557
#
# PLEASE CITE THE ORIGINAL DATA REFERENCE WHEN PUBLISHING OR PRESENTING THESE DATA
#
# Near infrared spectral type: L4.5
# J magnitude = 14.7
# H magnitude = 13.7
# Ks magnitude = 13.22
#
#  Wavelength (micron)   F_lambda (normalized)  Noise (normalized as F_lambda)
#  ----------------------------------------------------------------------------------
0.643549	0.277691	0.229095
0.645807	0.743366	0.217806
0.648051	0.387487	0.219718
0.650282	-0.361176	0.229954
0.652501	0.389710	0.227398
0.654708	1.00943	0.189123
0.656906	0.726351	0.157530
0.659094	0.0556097	0.153439
0.661274	0.103830	0.146174
0.663447	0.0875212	0.150757
0.665613	0.00782744	0.146694
0.667775	0.348583	0.144935
0.669931	-0.000623858	0.145531
0.672084	-0.0135926	0.133742
0.674235	0.108800	0.125136
0.676383	-0.0195074	0.127006
0.678530	0.257161	0.111717
0.680677	0.161508	0.111250
0.682824	0.399090	0.109020
0.684972	0.353079	0.107130
0.687123	0.378527	0.112212
0.689275	0.112933	0.109753
0.691431	0.226897	0.0969701
0.693591	0.0755177	0.0925605
0.695756	0.289351	0.0807174
0.697925	0.209977	0.0781695
0.700101	0.323354	0.0713925
0.702283	0.579761	0.0671229
0.704472	0.390596	0.0646464
0.706669	0.365596	0.0607803
0.708874	0.446390	0.0541980
0.711088	0.315792	0.0521827
0.713310	0.175783	0.0477858
0.715543	0.253768	0.0415284
0.717786	0.292442	0.0350875
0.720040	0.123835	0.0280966
0.722304	0.0819106	0.0179722
0.724581	-0.00334352	0.0102353
0.726869	0.0203981	0.00424022
0.729170	-0.00174888	0.00159669
0.731484	-0.0133809	0.00405280
0.733811	-0.00699747	0.00217478
0.736152	0.00825492	0.00475499
0.738506	0.0595147	0.0144712
0.740875	0.109811	0.0215053
0.743259	0.0835524	0.0279708
0.745658	0.170790	0.0290631
0.748072	0.0609562	0.0317793
0.750502	0.119664	0.0306320
0.752947	0.105686	0.0311111
0.755409	0.0630613	0.0301381
0.757887	0.0395722	0.0339263
0.760382	0.0528860	0.0425724
0.762894	-0.0590745	0.0516207
0.765424	0.0592083	0.0417075
0.767970	0.00360201	0.0332280
0.770534	0.0930690	0.0293636
0.773116	0.146837	0.0281524
0.775716	0.0813489	0.0261859
0.778334	0.0808316	0.0262725
0.780970	0.0573395	0.0256959
0.783625	0.0451687	0.0262172
0.786298	0.123495	0.0250357
0.788991	0.144704	0.0249498
0.791702	0.107186	0.0242928
0.794432	0.147651	0.0235490
0.797181	0.183479	0.0246575
0.799949	0.0689301	0.0229876
0.802737	0.152816	0.0220152
0.805544	0.253921	0.0219485
0.808370	0.198109	0.0209430
0.811216	0.203881	0.0214627
0.814081	0.257465	0.0210935
0.816966	0.226276	0.0212794
0.819871	0.303202	0.0208706
0.822795	0.289000	0.0209504
0.825739	0.268634	0.0204130
0.828703	0.331817	0.0206016
0.831686	0.298301	0.0200720
0.834689	0.210999	0.0200316
0.837712	0.351196	0.0191853
0.840755	0.350004	0.0194880
0.843817	0.318758	0.0187674
0.846899	0.300045	0.0183813
0.850001	0.263111	0.0178543
0.853122	0.317291	0.0173488
0.856262	0.333759	0.0165597
0.859422	0.299892	0.0168350
0.862602	0.240270	0.0173564
0.865801	0.266490	0.0175998
0.869019	0.252634	0.0165936
0.872256	0.197664	0.0163575
0.875513	0.273907	0.0158988
0.878789	0.295776	0.0162755
0.882083	0.291170	0.0163547
0.885397	0.269893	0.0165493
0.888729	0.275466	0.0157649
0.892080	0.291599	0.0158903
0.895450	0.278854	0.0156417
0.898838	0.330195	0.0154951
0.902244	0.340410	0.0146716
0.905669	0.357365	0.0144099
0.909112	0.373350	0.0139898
0.912572	0.395536	0.0140864
0.916051	0.481150	0.0137674
0.919547	0.522584	0.0136620
0.923061	0.480322	0.0133057
0.926592	0.493477	0.0136356
0.930141	0.526135	0.0147902
0.933706	0.483615	0.0157843
0.937289	0.534082	0.0156726
0.940888	0.523179	0.0153272
0.944504	0.526989	0.0150140
0.948137	0.600988	0.0150452
0.951786	0.594182	0.0147274
0.955451	0.635283	0.0141456
0.959132	0.605915	0.0127270
0.962829	0.585346	0.0123020
0.966541	0.583710	0.0119615
0.970269	0.612835	0.0119868
0.974012	0.669461	0.0115366
0.977771	0.701548	0.0116085
0.981544	0.745028	0.0114493
0.985332	0.693100	0.0111791
0.989134	0.604637	0.0109696
0.992951	0.491942	0.0113586
0.996782	0.426761	0.0113861
1.00063	0.429556	0.0121509
1.00449	0.486334	0.0108158
1.00836	0.514899	0.0105618
1.01224	0.563012	0.0107802
1.01614	0.548883	0.0112308
1.02005	0.549350	0.0110926
1.02398	0.542246	0.0106555
1.02792	0.534586	0.0107018
1.03187	0.570037	0.0105745
1.03583	0.623760	0.0102188
1.03980	0.641728	0.0103961
1.04379	0.665040	0.0101114
1.04778	0.692855	0.00957010
1.05179	0.682546	0.00909143
1.05581	0.671211	0.00860443
1.05984	0.700544	0.00815845
1.06388	0.703460	0.00822132
1.06793	0.737786	0.00872099
1.07199	0.730582	0.00969849
1.07607	0.779160	0.00959312
1.08015	0.765747	0.00961054
1.08424	0.832267	0.00997984
1.08834	0.853983	0.00996772
1.09245	0.873586	0.00987700
1.09657	0.867536	0.0100994
1.10070	0.873133	0.00977760
1.10483	0.854324	0.00898334
1.10898	0.822659	0.00825811
1.11313	0.810516	0.00802576
1.11729	0.829785	0.00799121
1.12146	0.827065	0.00835778
1.12564	0.861106	0.00888703
1.12982	0.853162	0.00974122
1.13401	0.819777	0.0100711
1.13821	0.709842	0.00924335
1.14241	0.757049	0.00978431
1.14662	0.832857	0.00982773
1.15084	0.905700	0.00930826
1.15506	0.903087	0.00925202
1.15929	0.885857	0.00916268
1.16353	0.865265	0.00859428
1.16777	0.806324	0.00795289
1.17201	0.774386	0.00714996
1.17627	0.757388	0.00684663
1.18052	0.754678	0.00652185
1.18478	0.838125	0.00635945
1.18905	0.872477	0.00634904
1.19332	0.815092	0.00661607
1.19759	0.755536	0.00777356
1.20187	0.722685	0.00837048
1.20615	0.755437	0.00779460
1.21043	0.786527	0.00828862
1.21472	0.841311	0.00839121
1.21901	0.856992	0.00788978
1.22331	0.898280	0.00822455
1.22760	0.926825	0.00833218
1.23190	0.903588	0.00808604
1.23620	0.887435	0.00751653
1.24051	0.808648	0.00695439
1.24482	0.795930	0.00652460
1.24912	0.801550	0.00632783
1.25343	0.834070	0.00635851
1.25775	0.921825	0.00657298
1.26206	0.972889	0.00704455
1.26637	0.998805	0.00781248
1.27069	1.02959	0.00884176
1.27500	1.03001	0.00987619
1.27932	1.05134	0.0100105
1.28364	1.00054	0.00840702
1.28796	0.991002	0.00847722
1.29227	0.994267	0.00864634
1.29659	0.983835	0.00778656
1.30091	0.981717	0.00775340
1.30523	0.966010	0.00839472
1.30955	0.965428	0.00815744
1.31386	0.980247	0.00800541
1.31818	0.988716	0.00732473
1.32249	0.986950	0.00706145
1.32681	0.917703	0.00661546
1.33112	0.802944	0.00606528
1.33543	0.617383	0.00567181
1.33974	0.535308	0.00539823
1.34405	0.511236	0.00544454
1.34836	0.470956	0.00582439
1.35267	0.450205	0.00647290
1.35697	0.449811	0.00793524
1.36127	0.437464	0.0101973
1.36557	0.461517	0.0129828
1.36987	0.480043	0.0130922
1.37416	0.468335	0.0105076
1.37845	0.489788	0.0101203
1.38274	0.494307	0.0120274
1.38703	0.477904	0.0115524
1.39131	0.508395	0.00996289
1.39559	0.434080	0.0100313
1.39987	0.402293	0.0114105
1.40414	0.429789	0.0117011
1.40841	0.441407	0.0112712
1.41268	0.411613	0.0107577
1.41694	0.438766	0.0103976
1.42120	0.425525	0.00889362
1.42546	0.403208	0.00806172
1.42971	0.389554	0.00710016
1.43395	0.400759	0.00830749
1.43820	0.419136	0.00804798
1.44244	0.432486	0.00654639
1.44667	0.423599	0.00661767
1.45090	0.441613	0.00828451
1.45513	0.474879	0.00855195
1.45935	0.478359	0.00837053
1.46357	0.477708	0.00813998
1.46778	0.454843	0.00778944
1.47199	0.456749	0.00770776
1.47619	0.484322	0.00769847
1.48039	0.467203	0.00814635
1.48458	0.492323	0.00848819
1.48877	0.499666	0.00816709
1.49295	0.524482	0.00721296
1.49713	0.518386	0.00566937
1.50130	0.511714	0.00685340
1.50547	0.539057	0.0101609
1.50963	0.570155	0.00984762
1.51378	0.580346	0.00651138
1.51793	0.586722	0.00622522
1.52208	0.600461	0.00779866
1.52622	0.628410	0.00870888
1.53035	0.607337	0.00874715
1.53448	0.636082	0.00888365
1.53860	0.651409	0.00835873
1.54271	0.654652	0.00821204
1.54682	0.685373	0.00761619
1.55093	0.687209	0.00731566
1.55503	0.690763	0.00782640
1.55912	0.700197	0.00807077
1.56320	0.705708	0.00827088
1.56728	0.712251	0.00815373
1.57136	0.727203	0.00689508
1.57542	0.741025	0.00619848
1.57948	0.713981	0.00782517
1.58354	0.695115	0.0110458
1.58759	0.696334	0.0100197
1.59163	0.706741	0.00676727
1.59567	0.716026	0.00611590
1.59970	0.723017	0.00762103
1.60372	0.702444	0.00928661
1.60774	0.740680	0.00977737
1.61175	0.688200	0.0113966
1.61575	0.694278	0.0108748
1.61975	0.731000	0.00983281
1.62374	0.730384	0.00863081
1.62772	0.695743	0.00767995
1.63170	0.706838	0.00711864
1.63567	0.730812	0.00786825
1.63964	0.725125	0.00782706
1.64360	0.716480	0.00789648
1.64755	0.750964	0.00875899
1.65149	0.769931	0.00824631
1.65543	0.766299	0.00694874
1.65936	0.747256	0.00596142
1.66329	0.752529	0.00564483
1.66721	0.730640	0.00875584
1.67112	0.718740	0.0110217
1.67503	0.760996	0.00889043
1.67893	0.765529	0.00595602
1.68282	0.760758	0.00573712
1.68671	0.763209	0.00702666
1.69059	0.758106	0.00869724
1.69446	0.749648	0.00874529
1.69833	0.738066	0.0103277
1.70219	0.750137	0.0108846
1.70604	0.755889	0.00812428
1.70989	0.711656	0.00794814
1.71373	0.716567	0.00814773
1.71756	0.676184	0.00707675
1.72139	0.667345	0.00682518
1.72521	0.657463	0.00755808
1.72902	0.635082	0.00705556
1.73283	0.630595	0.00697716
1.73663	0.606965	0.00773078
1.74043	0.569552	0.00802766
1.74422	0.579552	0.00775937
1.74800	0.559762	0.00711639
1.75178	0.550138	0.00616233
1.75555	0.531205	0.00535325
1.75931	0.514013	0.00623703
1.76307	0.500601	0.0101252
1.76682	0.469812	0.0125997
1.77056	0.474877	0.0106542
1.77430	0.465893	0.00568707
1.77803	0.437041	0.00559941
1.78176	0.435693	0.00607645
1.78548	0.412156	0.00749214
1.78919	0.396581	0.00814130
1.79290	0.398622	0.00663031
1.79660	0.399629	0.00726629
1.80030	0.388419	0.00954712
1.80399	0.360913	0.00890220
1.80767	0.368077	0.00833228
1.81135	0.384924	0.00990149
1.81502	0.372924	0.00927899
1.81869	0.380806	0.00756611
1.82235	0.383645	0.00900759
1.82600	0.388910	0.0101891
1.82965	0.368122	0.00983637
1.83329	0.363591	0.00893076
1.83693	0.333465	0.0102399
1.84056	0.342379	0.0119875
1.84418	0.366060	0.0136084
1.84780	0.342312	0.0141966
1.85141	0.355817	0.0145894
1.85502	0.343559	0.0137853
1.85862	0.296617	0.0118388
1.86222	0.293797	0.00941337
1.86581	0.320437	0.00843666
1.86940	0.329077	0.0128594
1.87298	0.315872	0.0254099
1.87655	0.298103	0.0206862
1.88012	0.345317	0.0114372
1.88368	0.361100	0.00816959
1.88724	0.347214	0.00771124
1.89079	0.352401	0.00875779
1.89434	0.351551	0.00782995
1.89788	0.347485	0.00764388
1.90142	0.355435	0.0102166
1.90495	0.366525	0.0118842
1.90848	0.398283	0.0102847
1.91200	0.367801	0.00866846
1.91551	0.377946	0.00874052
1.91902	0.380639	0.00941153
1.92253	0.368424	0.0109440
1.92603	0.372991	0.0109766
1.92952	0.357974	0.00854349
1.93301	0.348811	0.00748605
1.93650	0.335412	0.00758146
1.93998	0.311646	0.00695398
1.94345	0.320286	0.00600420
1.94692	0.319985	0.00574363
1.95039	0.337308	0.00736820
1.95385	0.331946	0.00959417
1.95730	0.308393	0.00999202
1.96075	0.311202	0.00953779
1.96420	0.315254	0.00956284
1.96764	0.323380	0.00897128
1.97108	0.337785	0.00815861
1.97451	0.313915	0.00792186
1.97793	0.300241	0.00729465
1.98136	0.303921	0.00568993
1.98477	0.307506	0.00491899
1.98818	0.304116	0.00478529
1.99159	0.302868	0.00483904
1.99499	0.311942	0.00526397
1.99839	0.326664	0.00947826
2.00179	0.304712	0.0188520
2.00517	0.306530	0.0200898
2.00856	0.324368	0.0138036
2.01194	0.336296	0.0121238
2.01531	0.312024	0.0114516
2.01868	0.314379	0.00991944
2.02205	0.341517	0.00780743
2.02541	0.339777	0.00816713
2.02876	0.332704	0.00802114
2.03212	0.338255	0.00711585
2.03546	0.353195	0.00642732
2.03881	0.346116	0.00729414
2.04214	0.347837	0.00824041
2.04548	0.351358	0.00688844
2.04881	0.362974	0.00599576
2.05213	0.357388	0.00777367
2.05545	0.370371	0.0103071
2.05876	0.379665	0.00922611
2.06208	0.379775	0.00630261
2.06538	0.376627	0.00576277
2.06868	0.379047	0.00635081
2.07198	0.380754	0.00775662
2.07527	0.374479	0.00706480
2.07856	0.386308	0.00518622
2.08185	0.393844	0.00501357
2.08512	0.391059	0.00555567
2.08840	0.398891	0.00594695
2.09167	0.401498	0.00579893
2.09494	0.407117	0.00492938
2.09820	0.405250	0.00431564
2.10145	0.414033	0.00465696
2.10470	0.405317	0.00536506
2.10795	0.404605	0.00591078
2.11120	0.426181	0.00612045
2.11443	0.413668	0.00579292
2.11767	0.423179	0.00577721
2.12090	0.416748	0.00576456
2.12412	0.417882	0.00588946
2.12734	0.418344	0.00568467
2.13056	0.426456	0.00517645
2.13377	0.419635	0.00510191
2.13697	0.430005	0.00480075
2.14018	0.430477	0.00441695
2.14337	0.436387	0.00430339
2.14656	0.434241	0.00464848
2.14975	0.422044	0.00671373
2.15294	0.413892	0.00784047
2.15611	0.428834	0.00669418
2.15929	0.424144	0.00535450
2.16246	0.414826	0.00480866
2.16562	0.431628	0.00469195
2.16878	0.434058	0.00491337
2.17193	0.429129	0.00521631
2.17508	0.424460	0.00501613
2.17823	0.416765	0.00568068
2.18137	0.423041	0.00660865
2.18450	0.419913	0.00694333
2.18763	0.419184	0.00658820
2.19076	0.410626	0.00640198
2.19388	0.417595	0.00709883
2.19700	0.400383	0.00691533
2.20011	0.424716	0.00658047
2.20321	0.412883	0.00550568
2.20631	0.407842	0.00581449
2.20941	0.420171	0.00563773
2.21250	0.401256	0.00629048
2.21559	0.402287	0.00621700
2.21867	0.407977	0.00484410
2.22175	0.391192	0.00457637
2.22482	0.398194	0.00509721
2.22788	0.398599	0.00534929
2.23094	0.398376	0.00596718
2.23400	0.385035	0.00618864
2.23705	0.397625	0.00527039
2.24010	0.397476	0.00471408
2.24314	0.397061	0.00475959
2.24617	0.399465	0.00508821
2.24920	0.379531	0.00522124
2.25223	0.389175	0.00551087
2.25525	0.386226	0.00543891
2.25826	0.386048	0.00493391
2.26127	0.389963	0.00493441
2.26428	0.382793	0.00511085
2.26728	0.379142	0.00514590
2.27027	0.358020	0.00526389
2.27326	0.365391	0.00542007
2.27625	0.381575	0.00550560
2.27922	0.366753	0.00511247
2.28220	0.364516	0.00492476
2.28517	0.368255	0.00499775
2.28813	0.378100	0.00503243
2.29109	0.369046	0.00514257
2.29404	0.320431	0.00527778
2.29699	0.296186	0.00544345
2.29993	0.285234	0.00543384
2.30287	0.303029	0.00531484
2.30580	0.298799	0.00512931
2.30873	0.299835	0.00528394
2.31165	0.296553	0.00485378
2.31457	0.304283	0.00481511
2.31748	0.304483	0.00551250
2.32038	0.299557	0.00583042
2.32328	0.274544	0.00533018
2.32618	0.264456	0.00501687
2.32907	0.271483	0.00497672
2.33196	0.270427	0.00506948
2.33484	0.293887	0.00517668
2.33772	0.285862	0.00522914
2.34059	0.282255	0.00586947
2.34346	0.269606	0.00575907
2.34632	0.275817	0.00583984
2.34917	0.298082	0.00600713
2.35203	0.270108	0.00602776
2.35487	0.271520	0.00596217
2.35772	0.255433	0.00581845
2.36056	0.251070	0.00553380
2.36339	0.261586	0.00526874
2.36622	0.268474	0.00549278
2.36905	0.273533	0.00650234
2.37187	0.264294	0.00772538
2.37468	0.253977	0.00743695
2.37750	0.260322	0.00643560
2.38030	0.261732	0.00588443
2.38311	0.254311	0.00574304
2.38591	0.247154	0.00581422
2.38871	0.240952	0.00579045
2.39150	0.241606	0.00577689
2.39429	0.248730	0.00576907
2.39707	0.250246	0.00574581
2.39986	0.249100	0.00556521
2.40264	0.241601	0.00555590
2.40541	0.231713	0.00573028
2.40818	0.231151	0.00576525
2.41095	0.237756	0.00561777
2.41372	0.223464	0.00583479
2.41648	0.238425	0.00638273
2.41925	0.216308	0.00631117
2.42201	0.230463	0.00589282
2.42476	0.215120	0.00577803
2.42752	0.216598	0.00594007
2.43027	0.219331	0.00561536
2.43302	0.223933	0.00639537
2.43577	0.194120	0.00705053
2.43852	0.188533	0.00628459
2.44127	0.211468	0.00563605
2.44401	0.201887	0.00644548
2.44676	0.197314	0.00709932
2.44950	0.188401	0.00760560
2.45224	0.176250	0.00783594
2.45499	0.198109	0.00728987
2.45773	0.168097	0.00600469
2.46048	0.197779	0.00640816
2.46322	0.182245	0.00658435
2.46596	0.176296	0.00632370
2.46871	0.174119	0.00657537
2.47146	0.167390	0.00796779
2.47421	0.144898	0.00777388
2.47696	0.177937	0.00675032
2.47971	0.167786	0.00747313
2.48247	0.160948	0.00881014
2.48522	0.169102	0.00948616
2.48798	0.150005	0.00965921
2.49075	0.152637	0.00949516
2.49351	0.158585	0.0100910
2.49629	0.169082	0.00970027
2.49906	0.154689	0.00807601
2.50184	0.164039	0.00862645
2.50463	0.150522	0.0102585
2.50742	0.163534	0.0103660
2.51021	0.188323	0.0109924
2.51302	0.127523	0.0125905
2.51583	0.128755	0.0157830
2.51864	0.142609	0.0169232
2.52146	0.121292	0.0136093
2.52430	0.169552	0.0135972
2.52714	0.142723	0.0168739
2.52998	0.155577	0.0207146
2.53284	0.137478	0.0288448
2.53571	0.147623	0.0312225
2.53858	0.0818563	0.0279644
2.54147	0.153199	0.0244097
2.54437	0.169527	0.0313353
2.54728	0.117769	0.0509975
2.55020	0.228993	0.0566289
