#  ----------------------------------------------------------------------------------
# SpeX prism spectrum of 2MASS J15500845+1455180 (J15500845+1455180)
# Originally observed on 2009 Jun 29
# Average resolution = 120
# Originally published in Burgasser, Dhital & West (2009), AJ, 138, 1563-1569
#
# PLEASE CITE THE ORIGINAL DATA REFERENCE WHEN PUBLISHING OR PRESENTING THESE DATA
#
# Optical spectral type: L2:
# J magnitude = 14.776
# H magnitude = 13.795
# Ks magnitude = 13.261
#
#  Wavelength (micron)   F_lambda (normalized)  Noise (normalized as F_lambda)
#  ----------------------------------------------------------------------------------
0.646999	0.258436	0.0961660
0.649236	0.214259	0.0876888
0.651460	0.394941	0.0827469
0.653673	0.223874	0.0777809
0.655875	-0.110379	0.0672911
0.658067	-0.155213	0.0611733
0.660251	-0.0193925	0.0605274
0.662427	-0.0107732	0.0611983
0.664596	-0.0157116	0.0624628
0.666760	0.0255547	0.0581625
0.668919	0.188177	0.0575263
0.671073	0.168897	0.0561048
0.673225	-0.0673834	0.0546486
0.675374	0.00520424	0.0512594
0.677522	0.0294755	0.0514953
0.679668	-0.0394039	0.0481318
0.681815	-0.00547330	0.0491935
0.683963	0.0732905	0.0463899
0.686112	-0.0434927	0.0460885
0.688264	0.0779272	0.0449437
0.690418	0.0471970	0.0422502
0.692576	0.157325	0.0400590
0.694738	0.0154249	0.0385248
0.696905	0.221106	0.0353056
0.699078	0.0903642	0.0351612
0.701257	0.123965	0.0316981
0.703443	0.118122	0.0299074
0.705636	0.110781	0.0259958
0.707837	0.0718134	0.0204393
0.710047	0.0375558	0.0139105
0.712265	0.0549227	0.0123378
0.714493	0.0782770	0.00973703
0.716731	0.0671865	0.0225887
0.718980	0.0219428	0.0229322
0.721239	0.0913394	0.0247164
0.723510	0.114405	0.0238405
0.725793	0.0746482	0.0236764
0.728088	0.124306	0.0224900
0.730395	0.0959939	0.0223664
0.732716	0.107146	0.0212460
0.735050	0.0330381	0.0206502
0.737398	0.0756446	0.0196029
0.739761	0.0840870	0.0192225
0.742137	0.0773840	0.0185910
0.744529	0.0794297	0.0180697
0.746936	0.0593603	0.0168467
0.749358	0.0749323	0.0171656
0.751796	0.0802653	0.0161887
0.754251	0.0808748	0.0158528
0.756721	0.0809264	0.0159424
0.759208	0.0142979	0.0181924
0.761712	0.00389899	0.0203700
0.764233	-0.0380042	0.0240128
0.766772	0.0192126	0.0169351
0.769327	-0.00423416	0.0154525
0.771901	0.0364999	0.0136730
0.774492	0.0340026	0.0139154
0.777102	0.0302443	0.0131649
0.779729	0.0536535	0.0130844
0.782376	0.0707581	0.0128169
0.785040	0.0881677	0.0139106
0.787724	0.0861557	0.0127322
0.790426	0.0686607	0.0126791
0.793147	0.116638	0.0122594
0.795887	0.101628	0.0125000
0.798646	0.101054	0.0122388
0.801425	0.118975	0.0121315
0.804223	0.148616	0.0118150
0.807040	0.162429	0.0116967
0.809876	0.145696	0.0112475
0.812733	0.127181	0.0112674
0.815609	0.169455	0.0110680
0.818504	0.160992	0.0109573
0.821419	0.156316	0.0108040
0.824354	0.193433	0.0110669
0.827308	0.158414	0.0109467
0.830282	0.180869	0.0108012
0.833276	0.186947	0.0105656
0.836290	0.187819	0.0109373
0.839323	0.195331	0.0105816
0.842376	0.195252	0.0107280
0.845449	0.201950	0.0101920
0.848541	0.179780	0.0108364
0.851653	0.202473	0.00923637
0.854784	0.168002	0.00904571
0.857935	0.182626	0.00894376
0.861106	0.196755	0.00925983
0.864296	0.139388	0.00898553
0.867505	0.152629	0.00895492
0.870733	0.149862	0.00897761
0.873981	0.153771	0.00897936
0.877247	0.172839	0.00910537
0.880533	0.190642	0.00920744
0.883838	0.189870	0.00915879
0.887161	0.232888	0.00924934
0.890504	0.224242	0.00903885
0.893865	0.223592	0.00910414
0.897244	0.237833	0.00945718
0.900642	0.254519	0.00861665
0.904058	0.271269	0.00841157
0.907492	0.302928	0.00832032
0.910944	0.330485	0.00823276
0.914414	0.355146	0.00838243
0.917902	0.368599	0.00798318
0.921408	0.356711	0.00795467
0.924931	0.364541	0.00817926
0.928472	0.363929	0.00883000
0.932029	0.348280	0.00952223
0.935604	0.365118	0.0100182
0.939195	0.384825	0.00998942
0.942804	0.419353	0.00980422
0.946428	0.474739	0.00945626
0.950070	0.443226	0.00923600
0.953727	0.490069	0.00871069
0.957401	0.473267	0.00825935
0.961090	0.467296	0.00793437
0.964795	0.505370	0.00775714
0.968516	0.504200	0.00773720
0.972252	0.530882	0.00767897
0.976003	0.538432	0.00751377
0.979769	0.565828	0.00737204
0.983551	0.550072	0.00733029
0.987346	0.491341	0.00738375
0.991156	0.425010	0.00746355
0.994981	0.375684	0.00753565
0.998819	0.384637	0.00755167
1.00267	0.396799	0.00723172
1.00654	0.442135	0.00715484
1.01042	0.457882	0.00711771
1.01431	0.498083	0.00738034
1.01821	0.485488	0.00740688
1.02213	0.481807	0.00751663
1.02606	0.481140	0.00739623
1.03001	0.513376	0.00724282
1.03396	0.532733	0.00729916
1.03793	0.587667	0.00715544
1.04191	0.596602	0.00720219
1.04590	0.604691	0.00684237
1.04991	0.592056	0.00639186
1.05392	0.591472	0.00607232
1.05795	0.576860	0.00571166
1.06198	0.581812	0.00569489
1.06603	0.595367	0.00610743
1.07008	0.651703	0.00646269
1.07415	0.671257	0.00663191
1.07823	0.709690	0.00702882
1.08232	0.730726	0.00690751
1.08641	0.769207	0.00710177
1.09052	0.774912	0.00699502
1.09463	0.791822	0.00690964
1.09876	0.802179	0.00685659
1.10289	0.764486	0.00653240
1.10703	0.753937	0.00616830
1.11118	0.748983	0.00583054
1.11534	0.743347	0.00571532
1.11950	0.762014	0.00586677
1.12367	0.782719	0.00630825
1.12785	0.773913	0.00684708
1.13204	0.750962	0.00677140
1.13624	0.723911	0.00690327
1.14044	0.711712	0.00691306
1.14464	0.763139	0.00674166
1.14886	0.837519	0.00702215
1.15308	0.855730	0.00676977
1.15731	0.847724	0.00659099
1.16154	0.826945	0.00621871
1.16578	0.798627	0.00575910
1.17002	0.769716	0.00527919
1.17427	0.744389	0.00491950
1.17852	0.752826	0.00466518
1.18278	0.768091	0.00448607
1.18704	0.792987	0.00445503
1.19131	0.788755	0.00475759
1.19558	0.726680	0.00525253
1.19986	0.712032	0.00542354
1.20414	0.740300	0.00579202
1.20842	0.761617	0.00584253
1.21271	0.808767	0.00574861
1.21700	0.834034	0.00589662
1.22129	0.878311	0.00583884
1.22558	0.882878	0.00585278
1.22988	0.886736	0.00578632
1.23418	0.858775	0.00554416
1.23849	0.811350	0.00517561
1.24279	0.791976	0.00489946
1.24710	0.793996	0.00472745
1.25141	0.816530	0.00469841
1.25572	0.873224	0.00499993
1.26003	0.909931	0.00550486
1.26435	0.972447	0.00651716
1.26866	0.989915	0.00715207
1.27298	1.02475	0.00765303
1.27729	1.02812	0.00715715
1.28161	1.00086	0.00673826
1.28593	1.00319	0.00641253
1.29025	0.999984	0.00594945
1.29456	1.00420	0.00590888
1.29888	0.987839	0.00578023
1.30320	0.981375	0.00576010
1.30752	0.982095	0.00579732
1.31183	0.985168	0.00562378
1.31615	1.00241	0.00549884
1.32047	0.993377	0.00513379
1.32478	0.965038	0.00509522
1.32910	0.858837	0.00461964
1.33341	0.735747	0.00429669
1.33772	0.642024	0.00414223
1.34203	0.577763	0.00423058
1.34634	0.529938	0.00432088
1.35064	0.503286	0.00513963
1.35495	0.465084	0.00649291
1.35925	0.441955	0.00837852
1.36355	0.457314	0.0106922
1.36785	0.456689	0.0109506
1.37214	0.477346	0.00939751
1.37644	0.471850	0.00865242
1.38073	0.503605	0.00894028
1.38501	0.530340	0.00918965
1.38930	0.506231	0.00856568
1.39358	0.493175	0.00829100
1.39786	0.448758	0.00886542
1.40213	0.481741	0.00930151
1.40641	0.459456	0.00926687
1.41067	0.464416	0.00878423
1.41494	0.456197	0.00801761
1.41920	0.452311	0.00694826
1.42346	0.457212	0.00608467
1.42771	0.448524	0.00546420
1.43196	0.459302	0.00575623
1.43621	0.450031	0.00553798
1.44045	0.471713	0.00524369
1.44468	0.470032	0.00527052
1.44892	0.494059	0.00572221
1.45314	0.511130	0.00612318
1.45737	0.525939	0.00618227
1.46159	0.520142	0.00573574
1.46580	0.515669	0.00576703
1.47001	0.520774	0.00560102
1.47422	0.515951	0.00589436
1.47842	0.534630	0.00591241
1.48261	0.538382	0.00623742
1.48680	0.549570	0.00602718
1.49099	0.559201	0.00537802
1.49517	0.574116	0.00477027
1.49934	0.581973	0.00563873
1.50351	0.597799	0.00639444
1.50767	0.612934	0.00640982
1.51183	0.633607	0.00603178
1.51598	0.630338	0.00497344
1.52013	0.646040	0.00540188
1.52427	0.667445	0.00578705
1.52841	0.667963	0.00638500
1.53254	0.677084	0.00602434
1.53666	0.697479	0.00608981
1.54078	0.702440	0.00571969
1.54489	0.711526	0.00535616
1.54900	0.734004	0.00546350
1.55310	0.745074	0.00534454
1.55720	0.757354	0.00565668
1.56128	0.769361	0.00580932
1.56537	0.773168	0.00549136
1.56944	0.775442	0.00520667
1.57351	0.780164	0.00464964
1.57758	0.783439	0.00582613
1.58164	0.761658	0.00666095
1.58569	0.748063	0.00657141
1.58973	0.751198	0.00598602
1.59377	0.776585	0.00472373
1.59780	0.778134	0.00516222
1.60183	0.786861	0.00576141
1.60585	0.785628	0.00623990
1.60986	0.772740	0.00643066
1.61387	0.774208	0.00601305
1.61787	0.770793	0.00610667
1.62186	0.778327	0.00554877
1.62585	0.769937	0.00534075
1.62983	0.773611	0.00525682
1.63381	0.790981	0.00499841
1.63778	0.784027	0.00520705
1.64174	0.807123	0.00553114
1.64569	0.823890	0.00553840
1.64964	0.842732	0.00547777
1.65358	0.829114	0.00495404
1.65752	0.838043	0.00422774
1.66145	0.840068	0.00421732
1.66537	0.827440	0.00571417
1.66928	0.844984	0.00624655
1.67319	0.828183	0.00617909
1.67710	0.829874	0.00511463
1.68099	0.842033	0.00411038
1.68488	0.845236	0.00474515
1.68876	0.844091	0.00538677
1.69264	0.850268	0.00555881
1.69651	0.823186	0.00601524
1.70037	0.828096	0.00559445
1.70423	0.821902	0.00552099
1.70808	0.821556	0.00549016
1.71192	0.810994	0.00507299
1.71576	0.801995	0.00496260
1.71959	0.780503	0.00478903
1.72341	0.750594	0.00463700
1.72723	0.738640	0.00471520
1.73104	0.720945	0.00476202
1.73485	0.708658	0.00485694
1.73865	0.700916	0.00513466
1.74244	0.672273	0.00514602
1.74622	0.670036	0.00470944
1.75000	0.656259	0.00429058
1.75378	0.627696	0.00364616
1.75754	0.609670	0.00385334
1.76130	0.597674	0.00529636
1.76506	0.588655	0.00583938
1.76880	0.572520	0.00642978
1.77255	0.556771	0.00487201
1.77628	0.533736	0.00369111
1.78001	0.523084	0.00384392
1.78373	0.519973	0.00486009
1.78745	0.504103	0.00499241
1.79116	0.475561	0.00499522
1.79487	0.490981	0.00541155
1.79856	0.474758	0.00566514
1.80226	0.468480	0.00634885
1.80594	0.448311	0.00651933
1.80962	0.453569	0.00630184
1.81330	0.440980	0.00620043
1.81696	0.445806	0.00632162
1.82063	0.446106	0.00598116
1.82428	0.433534	0.00641605
1.82793	0.442741	0.00672926
1.83158	0.401922	0.00726148
1.83522	0.382456	0.00784516
1.83885	0.374777	0.00981430
1.84248	0.354660	0.0108024
1.84610	0.354244	0.0104265
1.84972	0.371792	0.0106570
1.85333	0.360145	0.0103226
1.85693	0.366764	0.00949488
1.86053	0.337387	0.00803838
1.86412	0.320786	0.00720883
1.86771	0.325852	0.00883129
1.87129	0.338228	0.0151024
1.87487	0.338812	0.0157090
1.87844	0.345109	0.00999128
1.88201	0.369603	0.00645475
1.88557	0.380154	0.00562323
1.88912	0.383460	0.00559007
1.89267	0.387208	0.00558956
1.89622	0.370550	0.00615009
1.89976	0.380735	0.00705175
1.90329	0.397716	0.00874374
1.90682	0.421315	0.00821734
1.91034	0.408371	0.00739993
1.91386	0.427384	0.00722676
1.91737	0.434170	0.00768833
1.92088	0.441616	0.00795606
1.92438	0.425363	0.00766586
1.92788	0.427843	0.00710637
1.93137	0.440675	0.00619998
1.93486	0.414083	0.00527528
1.93834	0.402798	0.00484358
1.94182	0.394990	0.00431425
1.94529	0.396963	0.00412356
1.94876	0.388886	0.00449922
1.95222	0.388748	0.00518380
1.95568	0.396984	0.00584864
1.95913	0.396683	0.00600518
1.96258	0.400323	0.00563684
1.96603	0.410779	0.00552663
1.96946	0.415464	0.00537954
1.97290	0.397897	0.00524436
1.97633	0.387010	0.00467312
1.97975	0.377866	0.00423498
1.98317	0.384628	0.00354598
1.98658	0.386610	0.00323001
1.98999	0.392123	0.00314715
1.99340	0.382990	0.00350993
1.99680	0.385226	0.00514864
2.00019	0.395119	0.00721634
2.00358	0.379497	0.00909920
2.00697	0.384591	0.00793206
2.01035	0.393305	0.00584234
2.01373	0.386322	0.00551390
2.01710	0.401173	0.00529857
2.02047	0.417099	0.00493813
2.02383	0.408672	0.00515949
2.02719	0.408283	0.00484124
2.03054	0.411591	0.00478566
2.03389	0.422510	0.00430974
2.03724	0.428909	0.00474093
2.04058	0.426621	0.00460560
2.04391	0.431226	0.00458183
2.04724	0.435997	0.00417082
2.05057	0.430919	0.00451662
2.05389	0.437323	0.00552581
2.05721	0.452610	0.00529371
2.06052	0.453847	0.00471160
2.06383	0.451699	0.00369819
2.06713	0.457140	0.00390882
2.07043	0.453559	0.00435978
2.07373	0.462808	0.00415322
2.07702	0.468807	0.00385822
2.08030	0.469857	0.00336257
2.08359	0.472644	0.00339645
2.08686	0.473220	0.00366472
2.09013	0.490128	0.00363467
2.09340	0.495527	0.00337763
2.09666	0.488681	0.00312612
2.09992	0.493451	0.00308127
2.10318	0.502701	0.00338146
2.10643	0.504059	0.00374590
2.10967	0.498094	0.00381368
2.11291	0.502993	0.00389817
2.11615	0.512760	0.00379798
2.11938	0.513340	0.00380617
2.12261	0.512741	0.00386036
2.12583	0.517944	0.00365938
2.12905	0.514271	0.00364149
2.13226	0.523486	0.00338422
2.13547	0.526474	0.00325020
2.13867	0.530219	0.00307668
2.14187	0.533207	0.00298179
2.14507	0.536861	0.00333662
2.14826	0.540488	0.00418365
2.15144	0.540221	0.00457789
2.15462	0.527767	0.00458397
2.15780	0.539470	0.00398170
2.16097	0.538840	0.00340470
2.16413	0.528568	0.00324996
2.16730	0.546148	0.00336311
2.17045	0.549770	0.00341726
2.17360	0.531954	0.00343306
2.17675	0.539327	0.00388399
2.17989	0.535547	0.00398988
2.18303	0.532165	0.00410979
2.18616	0.538643	0.00390220
2.18929	0.536727	0.00370436
2.19241	0.530764	0.00407101
2.19553	0.534728	0.00419302
2.19865	0.531080	0.00425658
2.20175	0.531298	0.00412351
2.20486	0.522098	0.00382525
2.20796	0.526748	0.00401141
2.21105	0.527169	0.00416863
2.21414	0.523552	0.00405521
2.21722	0.522866	0.00396563
2.22030	0.524944	0.00352167
2.22337	0.527711	0.00354592
2.22644	0.530847	0.00377374
2.22951	0.530564	0.00406125
2.23256	0.516809	0.00405686
2.23562	0.515045	0.00393577
2.23867	0.517152	0.00362719
2.24171	0.516175	0.00351763
2.24475	0.518902	0.00361805
2.24778	0.508639	0.00374522
2.25081	0.510242	0.00384220
2.25383	0.515821	0.00382302
2.25685	0.512547	0.00378112
2.25986	0.502516	0.00365286
2.26287	0.504815	0.00370030
2.26587	0.501486	0.00377013
2.26887	0.488584	0.00379441
2.27186	0.496476	0.00391656
2.27484	0.486940	0.00389337
2.27783	0.488041	0.00385240
2.28080	0.488788	0.00381113
2.28377	0.488607	0.00376899
2.28674	0.490154	0.00381675
2.28970	0.490365	0.00384075
2.29265	0.454548	0.00392251
2.29560	0.417836	0.00396656
2.29855	0.385848	0.00417808
2.30149	0.395499	0.00401877
2.30442	0.406288	0.00401210
2.30735	0.417107	0.00392884
2.31028	0.409499	0.00385591
2.31320	0.411587	0.00386861
2.31611	0.399694	0.00403904
2.31902	0.399970	0.00425886
2.32192	0.398014	0.00429102
2.32482	0.372776	0.00415687
2.32771	0.366862	0.00409609
2.33060	0.373052	0.00406042
2.33349	0.371230	0.00409290
2.33637	0.376872	0.00418379
2.33924	0.376074	0.00436411
2.34211	0.368724	0.00445818
2.34497	0.373243	0.00453758
2.34783	0.378445	0.00461978
2.35069	0.383780	0.00484512
2.35354	0.352213	0.00487003
2.35638	0.346190	0.00478408
2.35922	0.355014	0.00466538
2.36206	0.358378	0.00491401
2.36489	0.345194	0.00484838
2.36772	0.360516	0.00503031
2.37054	0.356981	0.00569532
2.37336	0.359556	0.00617509
2.37618	0.358416	0.00546221
2.37899	0.352381	0.00512885
2.38179	0.343024	0.00517457
2.38459	0.337830	0.00528341
2.38739	0.329955	0.00538666
2.39019	0.333407	0.00529901
2.39298	0.331884	0.00526070
2.39577	0.328212	0.00523583
2.39855	0.320300	0.00515622
2.40133	0.335349	0.00525364
2.40411	0.338390	0.00542811
2.40688	0.326199	0.00566062
2.40965	0.309325	0.00573183
2.41242	0.312054	0.00598620
2.41519	0.292586	0.00652050
2.41795	0.289628	0.00676627
2.42071	0.294595	0.00644300
2.42347	0.284006	0.00592037
2.42622	0.290204	0.00554885
2.42898	0.271399	0.00564052
2.43173	0.269982	0.00636643
2.43448	0.274644	0.00711223
2.43723	0.270171	0.00714898
2.43998	0.272852	0.00651284
2.44272	0.261578	0.00686558
2.44547	0.254436	0.00781426
2.44821	0.251013	0.00844766
2.45096	0.237672	0.00905450
2.45370	0.240711	0.00816725
2.45644	0.249461	0.00674307
2.45919	0.237552	0.00655936
2.46193	0.239817	0.00696339
2.46468	0.233900	0.00725815
2.46742	0.247771	0.00752383
2.47017	0.216130	0.00844147
2.47292	0.225598	0.00901193
2.47567	0.205280	0.00879597
2.47842	0.224334	0.00852987
2.48117	0.232811	0.00998930
2.48393	0.205975	0.0117072
2.48669	0.203798	0.0121731
2.48945	0.200244	0.0126817
2.49221	0.194248	0.0129221
2.49498	0.204350	0.0125559
2.49776	0.217081	0.0113051
2.50054	0.199240	0.0106302
2.50332	0.171506	0.0119689
2.50611	0.197781	0.0136145
2.50890	0.172659	0.0143969
2.51170	0.180752	0.0158504
2.51450	0.158413	0.0198190
2.51732	0.127044	0.0230281
2.52014	0.160971	0.0220889
2.52296	0.224725	0.0193042
2.52580	0.234946	0.0215917
2.52864	0.146085	0.0291690
2.53150	0.180497	0.0389553
2.53436	0.261992	0.0508347
2.53723	0.137090	0.0526228
2.54011	0.160660	0.0445325
2.54301	0.178571	0.0472253
2.54591	0.151149	0.0649213
2.54883	0.333381	0.108116
2.55176	0.211179	0.112969
2.55470	0.0355274	0.107331
2.55765	0.0657214	0.0714367
