#  ----------------------------------------------------------------------------------
# SpeX prism spectrum of 2MASS J06244595-4521548 (J06244595-4521548)
# Originally observed on 2005 Mar 24
# Average resolution = 120
# Originally published in Siegler et al. (2007) AJ, 133, 2320
#
# PLEASE CITE THE ORIGINAL DATA REFERENCE WHEN PUBLISHING OR PRESENTING THESE DATA
#
# Optical spectral type: L5:
# J magnitude = 14.48
# H magnitude = 13.335
# Ks magnitude = 12.595
#
#  Wavelength (micron)   F_lambda (normalized)  Noise (normalized as F_lambda)
#  ----------------------------------------------------------------------------------
0.652901	-0.219973	0.224065
0.655107	0.265376	0.284348
0.657302	0.0840754	0.114825
0.659489	0.324129	0.101412
0.661668	0.812979	0.272746
0.663839	0.435366	0.0895909
0.666005	0.724700	0.753782
0.668165	0.437477	0.136414
0.670321	-0.121787	0.154556
0.672474	-0.170843	0.170187
0.674624	-0.135616	0.278010
0.676772	0.439173	0.588346
0.678919	0.00865857	0.304498
0.681065	0.424777	0.0796500
0.683213	0.249267	0.183546
0.685361	0.136913	0.190944
0.687512	0.241027	0.171925
0.689665	-0.0619954	0.230515
0.691822	0.159443	0.123948
0.693983	0.0360846	0.0924754
0.696148	-0.0682422	0.338462
0.698319	0.145840	0.141867
0.700496	0.143947	0.0835515
0.702679	0.0848208	0.172067
0.704869	-0.0428538	0.106933
0.707067	0.530952	0.335138
0.709274	0.205062	0.185673
0.711489	0.406604	0.0930154
0.713714	0.512956	0.123304
0.715948	0.450057	0.144586
0.718193	0.348091	0.176183
0.720449	0.186823	0.155120
0.722715	0.311565	0.114787
0.724994	-0.154386	0.120198
0.727285	0.414058	0.105457
0.729588	0.00835319	0.156752
0.731904	0.00194475	0.236801
0.734233	0.316430	0.166221
0.736577	0.146335	0.472452
0.738934	-0.0892732	0.286339
0.741306	0.0522726	0.248207
0.743692	0.189032	0.152529
0.746094	0.0523612	0.202479
0.748510	0.190671	0.266726
0.750943	-0.000575046	0.124507
0.753392	-0.0245519	0.130430
0.755856	0.291022	0.0608863
0.758338	0.265125	0.107904
0.760836	0.0638574	0.117895
0.763351	0.0193649	0.114136
0.765883	-0.234394	0.0723641
0.768433	-0.345994	0.246546
0.771000	-0.0724337	0.109795
0.773585	0.351891	0.121492
0.776188	0.0227230	0.237853
0.778810	0.0331896	0.122899
0.781449	0.0478956	0.00517697
0.784107	0.150672	0.314806
0.786784	0.179509	0.0768541
0.789480	0.0702179	0.118068
0.792194	0.0800545	0.0304426
0.794928	-0.126048	0.0814234
0.797680	0.0581718	0.0392953
0.800452	0.0641674	0.0481450
0.803243	0.0460347	0.0238794
0.806054	0.217546	0.162140
0.808884	0.0958483	0.0540373
0.811733	0.0939745	0.0180483
0.814602	0.00754531	0.00490463
0.817490	0.0948329	0.0384586
0.820399	0.0570711	0.0163074
0.823327	0.0329392	0.0391858
0.826274	0.0768309	0.0147891
0.829241	-0.00285847	0.0495598
0.832228	0.0904660	0.125988
0.835235	0.123215	0.0692918
0.838261	0.110702	0.0815251
0.841308	0.208812	0.0317294
0.844373	0.171999	0.0900938
0.847459	0.0452563	0.0127704
0.850564	0.0899321	0.0780198
0.853688	0.162741	0.0969357
0.856833	0.275413	0.0630870
0.859996	0.0717252	0.0368981
0.863179	0.140142	0.0177659
0.866382	0.166859	0.0674673
0.869603	0.109165	0.0386933
0.872844	0.155440	0.0405971
0.876104	0.100655	0.0381388
0.879384	0.173758	0.0252004
0.882682	0.150476	0.0143165
0.885999	0.197734	0.0297213
0.889334	0.273760	0.0117688
0.892689	0.184896	0.00802281
0.896062	0.221335	0.0315512
0.899453	0.118790	0.0528767
0.902863	0.193992	0.0258265
0.906291	0.239001	0.0280293
0.909737	0.209382	0.0381830
0.913200	0.320763	0.0430377
0.916682	0.306342	0.00638447
0.920182	0.305979	0.0217966
0.923699	0.287399	0.0255666
0.927233	0.304389	0.0382978
0.930785	0.361141	0.0139692
0.934353	0.427712	0.0232244
0.937939	0.327346	0.0316514
0.941541	0.351949	0.0201312
0.945161	0.390303	0.0169099
0.948796	0.375833	0.0407737
0.952448	0.350473	0.0256006
0.956116	0.366125	0.0311591
0.959800	0.343364	0.0121689
0.963499	0.365867	0.0189514
0.967215	0.353228	0.0224349
0.970945	0.366766	0.0306445
0.974691	0.433725	0.0142812
0.978452	0.453903	0.0326436
0.982228	0.383382	0.0364106
0.986019	0.387864	0.00549454
0.989824	0.404051	0.0481175
0.993643	0.364841	0.0182089
0.997477	0.369012	0.0308968
1.00132	0.341611	0.0212736
1.00519	0.455817	0.0337225
1.00906	0.428272	0.0286499
1.01295	0.435139	0.0264043
1.01685	0.436917	0.0299622
1.02076	0.448542	0.0198212
1.02469	0.442136	0.00898996
1.02863	0.469554	0.0299382
1.03258	0.470392	0.0260445
1.03655	0.517185	0.00827579
1.04052	0.512317	0.0118418
1.04451	0.547806	0.0115860
1.04851	0.548903	0.0139897
1.05252	0.520205	0.00692888
1.05654	0.554347	0.0155745
1.06057	0.528522	0.00374402
1.06461	0.575893	0.0261724
1.06867	0.603330	0.0212743
1.07273	0.626244	0.0183520
1.07680	0.620216	0.0165377
1.08089	0.673956	0.0214427
1.08498	0.722334	0.0114446
1.08908	0.704648	0.0135770
1.09319	0.726476	0.00282153
1.09731	0.699999	0.00464652
1.10144	0.715339	0.0274818
1.10558	0.666078	0.0134426
1.10973	0.695129	0.0212473
1.11388	0.678202	0.00810191
1.11804	0.707880	0.00332325
1.12222	0.706963	0.00406279
1.12639	0.689035	0.00815039
1.13058	0.648008	0.0186389
1.13477	0.638685	0.00750350
1.13897	0.638162	0.0152213
1.14317	0.681821	0.0261553
1.14739	0.711761	0.0142830
1.15160	0.750358	0.00588006
1.15583	0.746358	0.0132962
1.16006	0.700817	0.0181655
1.16430	0.704325	0.00620188
1.16854	0.669767	0.00922945
1.17278	0.655768	0.0148220
1.17703	0.652288	0.00569664
1.18129	0.706878	0.0195415
1.18555	0.747620	0.0135199
1.18982	0.743399	0.0108290
1.19409	0.722639	0.00564139
1.19836	0.729605	0.00760946
1.20264	0.737055	0.00595969
1.20692	0.775170	0.0176236
1.21121	0.786744	0.0112792
1.21550	0.812154	0.0132920
1.21979	0.846293	0.0131988
1.22408	0.873104	0.00592225
1.22838	0.870285	0.00808917
1.23268	0.851496	0.00509714
1.23698	0.833722	0.00161366
1.24129	0.815044	0.00405981
1.24560	0.805621	0.0100120
1.24990	0.847907	0.0165025
1.25421	0.876573	0.00769778
1.25853	0.886591	0.00509608
1.26284	0.935788	0.00554528
1.26715	0.933562	0.00714640
1.27147	0.921314	0.0140008
1.27579	0.928337	0.0331374
1.28010	0.963321	0.00460919
1.28442	0.966748	0.00867918
1.28874	0.980326	0.00941837
1.29306	0.992099	0.0132412
1.29737	0.993886	0.00853215
1.30169	0.990900	0.00788107
1.30601	0.990119	0.0129775
1.31033	0.999041	0.00792270
1.31464	1.00118	0.0109833
1.31896	0.981145	0.0164064
1.32327	0.951623	0.00772531
1.32759	0.860774	0.00715628
1.33190	0.759745	0.0101471
1.33621	0.625384	0.0118391
1.34052	0.571227	0.0150160
1.34483	0.541922	0.0151946
1.34914	0.506784	0.0252049
1.35344	0.499953	0.0210059
1.35775	0.485017	0.0214093
1.36205	0.488595	0.0288590
1.36635	0.482767	0.0135288
1.37064	0.514773	0.00832810
1.37494	0.505106	0.00880683
1.37923	0.545696	0.0150047
1.38352	0.545189	0.0135132
1.38780	0.537274	0.00654823
1.39208	0.537249	0.0124993
1.39636	0.522123	0.00603663
1.40064	0.523625	0.00290298
1.40491	0.510108	0.00866898
1.40918	0.499895	0.00993757
1.41345	0.466332	0.0103327
1.41771	0.466044	0.0121543
1.42197	0.479388	0.00532302
1.42623	0.487851	0.00262615
1.43048	0.468131	0.00624654
1.43472	0.503194	0.00152482
1.43897	0.500370	0.0111405
1.44320	0.514599	0.00578570
1.44744	0.529631	0.00323977
1.45167	0.561589	0.00600233
1.45589	0.556943	0.00858432
1.46011	0.570768	0.00408908
1.46433	0.598790	0.00386556
1.46854	0.587652	0.00416400
1.47275	0.589012	0.00279412
1.47695	0.603560	0.00810640
1.48115	0.622866	0.0130696
1.48534	0.617231	0.0104354
1.48953	0.625242	0.00168467
1.49371	0.650647	0.00430296
1.49788	0.659429	0.00652050
1.50205	0.671768	0.00672494
1.50622	0.712444	0.0153317
1.51038	0.697753	0.00361850
1.51453	0.711939	0.0105251
1.51868	0.753398	0.00320177
1.52283	0.755798	0.00693949
1.52697	0.769566	0.0162528
1.53110	0.787228	0.00823717
1.53522	0.813028	0.00954708
1.53934	0.819013	0.00798250
1.54346	0.853542	0.0122274
1.54757	0.848919	0.00472401
1.55167	0.869290	0.00705235
1.55577	0.878717	0.00561150
1.55986	0.893321	0.0112703
1.56394	0.882089	0.00710734
1.56802	0.902072	0.00508399
1.57209	0.896608	0.00412888
1.57616	0.914413	0.00971754
1.58022	0.880390	0.0102554
1.58427	0.881320	0.00710146
1.58832	0.871821	0.00676186
1.59236	0.912839	0.00979901
1.59640	0.949079	0.0182400
1.60042	0.947032	0.00563779
1.60445	0.960383	0.0112504
1.60846	0.924211	0.0136298
1.61247	0.933527	0.00947123
1.61647	0.938647	0.00952932
1.62047	0.943152	0.00642512
1.62446	0.919864	0.00350924
1.62844	0.943967	0.00691790
1.63242	0.949404	0.00630794
1.63639	0.954519	0.00650819
1.64035	0.952298	0.00398528
1.64431	0.958887	0.00632242
1.64826	0.995115	0.00929152
1.65221	0.985791	0.00380824
1.65614	1.00167	0.00503610
1.66007	0.994234	0.00644624
1.66400	1.00929	0.00800262
1.66792	0.995041	0.0108843
1.67183	0.993815	0.00979659
1.67573	0.985571	0.00428075
1.67963	1.00112	0.00790921
1.68352	1.00896	0.00561530
1.68741	1.00469	0.00761301
1.69129	1.01022	0.00419067
1.69516	0.995379	0.00326009
1.69902	0.994164	0.00310844
1.70288	0.995576	0.00344165
1.70674	0.988686	0.00844642
1.71058	0.961396	0.00339360
1.71442	0.936927	0.00408954
1.71825	0.916011	0.00550516
1.72208	0.916209	0.0108934
1.72590	0.903265	0.00787685
1.72971	0.875137	0.00368336
1.73352	0.854888	0.00595263
1.73732	0.827872	0.00488661
1.74112	0.816997	0.00800544
1.74490	0.796664	0.00219125
1.74868	0.780506	0.00861416
1.75246	0.749875	0.00668296
1.75623	0.751014	0.00800802
1.75999	0.725917	0.00666376
1.76375	0.714586	0.00397498
1.76750	0.678871	0.00376816
1.77124	0.660746	0.00809396
1.77498	0.652166	0.00421076
1.77871	0.640725	0.0148643
1.78243	0.622043	0.0100894
1.78615	0.611367	0.0101672
1.78987	0.592860	0.0107436
1.79357	0.592901	0.00471800
1.79727	0.604514	0.00349347
1.80097	0.575631	0.00852271
1.80466	0.556839	0.00974269
1.80834	0.575368	0.00477293
1.81201	0.564700	0.00671362
1.81568	0.567163	0.0101334
1.81935	0.582197	0.00609287
1.82301	0.570271	0.00624529
1.82666	0.589567	0.0168333
1.83031	0.581314	0.0244127
1.83395	0.552121	0.0230480
1.83758	0.563319	0.0221411
1.84121	0.484488	0.0145359
1.84484	0.498762	0.0195842
1.84845	0.500263	0.0107048
1.85207	0.496213	0.0174906
1.85567	0.514486	0.0189624
1.85927	0.466637	0.00468025
1.86287	0.448305	0.0155522
1.86646	0.447405	0.0181442
1.87004	0.441768	0.00572265
1.87362	0.445350	0.0279072
1.87720	0.452240	0.0333698
1.88076	0.517965	0.0148233
1.88433	0.518293	0.00424907
1.88788	0.518682	0.0157218
1.89143	0.526057	0.0145796
1.89498	0.545966	0.00635205
1.89852	0.538013	0.0212108
1.90206	0.542525	0.00693156
1.90559	0.569275	0.0152846
1.90911	0.597649	0.0113828
1.91263	0.597311	0.0119194
1.91615	0.601662	0.0177124
1.91966	0.612528	0.0172349
1.92316	0.563343	0.00581303
1.92666	0.592615	0.00282539
1.93016	0.562297	0.00533584
1.93364	0.526337	0.00361957
1.93713	0.533358	0.00412764
1.94061	0.522278	0.00276677
1.94408	0.525010	0.00833051
1.94755	0.521488	0.00561439
1.95102	0.504781	0.00605911
1.95447	0.516928	0.0121434
1.95793	0.480620	0.0109371
1.96138	0.502143	0.00691544
1.96482	0.505969	0.0187315
1.96826	0.509174	0.00951112
1.97170	0.507831	0.00312070
1.97513	0.490576	0.00644410
1.97855	0.506396	0.00316087
1.98197	0.508871	0.00365903
1.98539	0.509103	0.00314429
1.98880	0.509976	0.00653295
1.99221	0.503011	0.00726005
1.99561	0.519744	0.0176847
1.99901	0.529744	0.0227243
2.00240	0.513347	0.00575886
2.00579	0.481351	0.00488197
2.00917	0.519121	0.0117377
2.01255	0.512058	0.0108611
2.01592	0.525151	0.0152814
2.01929	0.558831	0.0209844
2.02266	0.554521	0.0213322
2.02602	0.560175	0.00690691
2.02937	0.557301	0.00707436
2.03272	0.567910	0.00529688
2.03607	0.574942	0.00343665
2.03941	0.577685	0.00687508
2.04275	0.586668	0.00794180
2.04608	0.582229	0.00226538
2.04941	0.596116	0.00253405
2.05273	0.587928	0.00921582
2.05605	0.615775	0.0112011
2.05936	0.604524	0.0126543
2.06267	0.609489	0.00323796
2.06598	0.623244	0.00779750
2.06928	0.630464	0.00451846
2.07258	0.636621	0.00766255
2.07587	0.638541	0.00779553
2.07916	0.654095	0.00326597
2.08244	0.653648	0.00257195
2.08572	0.658689	0.00759161
2.08899	0.658652	0.00223816
2.09226	0.661395	0.00541533
2.09553	0.675454	0.00198968
2.09879	0.673456	0.00554366
2.10204	0.679712	0.00523855
2.10529	0.675664	0.00655268
2.10854	0.676920	0.00334162
2.11178	0.688395	0.00530307
2.11502	0.683872	0.000827077
2.11825	0.694910	0.00678854
2.12148	0.697938	0.00154069
2.12470	0.703501	0.00449656
2.12792	0.691306	0.00437155
2.13114	0.706635	0.00592671
2.13435	0.705195	0.00473315
2.13755	0.698902	0.00458724
2.14075	0.695144	0.00488505
2.14395	0.703595	0.00579101
2.14714	0.710305	0.00355202
2.15033	0.712429	0.00516704
2.15351	0.712333	0.00816411
2.15669	0.692520	0.00438021
2.15986	0.691071	0.00534062
2.16303	0.692674	0.00289074
2.16619	0.690088	0.00252869
2.16935	0.691937	0.00528372
2.17250	0.700844	0.00383037
2.17565	0.694963	0.00355073
2.17880	0.689088	0.00586327
2.18194	0.702202	0.00369532
2.18507	0.688877	0.00377092
2.18820	0.694203	0.00612436
2.19132	0.690608	0.0128938
2.19444	0.686219	0.00690388
2.19756	0.677983	0.00754799
2.20067	0.675997	0.00764001
2.20377	0.676719	0.00539000
2.20688	0.676708	0.00530296
2.20997	0.670572	0.00598709
2.21306	0.680378	0.00359050
2.21615	0.668374	0.00424396
2.21923	0.669966	0.00684105
2.22230	0.663855	0.00369025
2.22537	0.662613	0.00604372
2.22844	0.671775	0.00744387
2.23150	0.666434	0.00460057
2.23455	0.655386	0.00298206
2.23760	0.658326	0.00537877
2.24065	0.650990	0.00293466
2.24369	0.660879	0.00462843
2.24672	0.661485	0.00534904
2.24975	0.647483	0.00857416
2.25278	0.640378	0.00446113
2.25580	0.645492	0.00571404
2.25881	0.647781	0.00974186
2.26182	0.639924	0.00932677
2.26482	0.623545	0.00195991
2.26782	0.627125	0.00484112
2.27081	0.623572	0.00271959
2.27380	0.616789	0.00606782
2.27679	0.614852	0.00503411
2.27976	0.632021	0.00580395
2.28274	0.613158	0.00298406
2.28570	0.621397	0.00519559
2.28867	0.610903	0.00806808
2.29162	0.581361	0.00725849
2.29457	0.518132	0.00486196
2.29752	0.486138	0.00894880
2.30046	0.458711	0.00600501
2.30340	0.476850	0.0157298
2.30633	0.476029	0.00800454
2.30926	0.481664	0.00404053
2.31218	0.488083	0.00447374
2.31509	0.496347	0.00431992
2.31800	0.488754	0.00659002
2.32091	0.476852	0.00603883
2.32381	0.460508	0.00777840
2.32670	0.451255	0.00743726
2.32960	0.447334	0.00236607
2.33248	0.461555	0.00163229
2.33536	0.467069	0.00195410
2.33824	0.474005	0.00400117
2.34111	0.459285	0.00478614
2.34397	0.467896	0.00816341
2.34683	0.477775	0.00989863
2.34969	0.464291	0.0103595
2.35254	0.455113	0.00622041
2.35539	0.444508	0.00683052
2.35823	0.441873	0.00810340
2.36107	0.435928	0.00492688
2.36390	0.441429	0.00242966
2.36673	0.457087	0.00759661
2.36956	0.451296	0.00921809
2.37238	0.453262	0.00293597
2.37519	0.448187	0.00168529
2.37800	0.440188	0.00375961
2.38081	0.439908	0.00534157
2.38362	0.433133	0.00413243
2.38642	0.427402	0.00355522
2.38921	0.459449	0.00354576
2.39200	0.435517	0.00840949
2.39479	0.426309	0.00548240
2.39758	0.436681	0.0133198
2.40036	0.440851	0.00842684
2.40314	0.431679	0.0113466
2.40591	0.418197	0.00427069
2.40868	0.414528	0.00376771
2.41145	0.410629	0.00887635
2.41422	0.405464	0.00250010
2.41698	0.390066	0.0125662
2.41975	0.395401	0.00751809
2.42250	0.413433	0.00701274
2.42526	0.397761	0.00608924
2.42802	0.398452	0.00664362
2.43077	0.395419	0.00713065
2.43352	0.380198	0.00687075
2.43627	0.379340	0.00773867
2.43902	0.393923	0.00839616
2.44176	0.379885	0.0104425
2.44451	0.379287	0.00592522
2.44725	0.352106	0.000762280
2.45000	0.339450	0.00557905
2.45274	0.344886	0.00624092
2.45548	0.359968	0.00743020
2.45823	0.348861	0.00997832
2.46097	0.350425	0.00735692
2.46372	0.342504	0.0115380
2.46646	0.357684	0.00590773
2.46921	0.216616	0.0988867
2.47196	0.311714	0.00458043
2.47470	0.301608	0.00770665
2.47746	0.302070	0.0132285
2.48021	0.327402	0.00471424
2.48296	0.316542	0.0134473
2.48572	0.301326	0.0243997
2.48848	0.276993	0.00957510
2.49125	0.307273	0.00622774
2.49402	0.301129	0.00980108
2.49679	0.304686	0.0121906
2.49956	0.302300	0.0113289
2.50235	0.275429	0.00947406
2.50513	0.305141	0.0265156
2.50792	0.279236	0.00990482
2.51072	0.290935	0.00656676
2.51352	0.248071	0.00926520
2.51633	0.253518	0.0148287
2.51915	0.284397	0.00663622
2.52198	0.254068	0.0332193
2.52481	0.280927	0.0101429
2.52765	0.321023	0.0380713
2.53050	0.346660	0.0360014
2.53336	0.213046	0.0423811
2.53623	0.243823	0.118189
2.53911	0.217967	0.138037
2.54199	0.338219	0.0935967
2.54490	0.0743669	0.0195377
2.54781	0.143426	0.463435
2.55073	0.210306	0.146513
2.55367	0.439482	0.622686
2.55662	0.314324	0.139904
2.55959	0.286102	0.0240255
2.56256	0.279953	0.0629172
