#  ----------------------------------------------------------------------------------
# SpeX prism spectrum of GJ 1048B (J02355993-2331205)
# Originally observed on 2006 Dec 23
# Average resolution = 120
# Originally published in Burgasser et al. (2008) ApJ, 681, 579
#
# PLEASE CITE THE ORIGINAL DATA REFERENCE WHEN PUBLISHING OR PRESENTING THESE DATA
#
# Optical spectral type: L1
# Near infrared spectral type: L1
# J magnitude = 12.69
# H magnitude = 12.725
# Ks magnitude = 12.186
#
#  Wavelength (micron)   F_lambda (normalized)  Noise (normalized as F_lambda)
#  ----------------------------------------------------------------------------------
0.652861	0.0234644	0.0472012
0.655067	0.0119406	0.0423597
0.657263	0.0635739	0.0366384
0.659450	-0.00531780	0.0356314
0.661629	0.0633392	0.0345598
0.663801	0.0664153	0.0348162
0.665966	0.0224720	0.0335554
0.668127	0.0247597	0.0335342
0.670283	0.0428728	0.0322980
0.672435	0.0462815	0.0315438
0.674585	0.000671811	0.0297150
0.676733	0.0698315	0.0295712
0.678880	0.000667410	0.0286293
0.681027	0.0520269	0.0283087
0.683174	-0.00264584	0.0269918
0.685323	0.0232594	0.0270079
0.687473	-0.0554244	0.0252880
0.689627	-0.0691737	0.0251517
0.691783	0.00310583	0.0236005
0.693944	-0.0125984	0.0226376
0.696109	0.0726631	0.0213001
0.698280	0.00393439	0.0213724
0.700457	-0.0273274	0.0196236
0.702640	0.00890582	0.0205570
0.704830	-0.00655061	0.0179369
0.707028	0.0119373	0.0181366
0.709234	0.0217332	0.0170734
0.711450	0.0144447	0.0177425
0.713674	0.0516823	0.0165611
0.715908	0.0425783	0.0160395
0.718153	0.0711443	0.0150714
0.720408	0.0478696	0.0157010
0.722675	0.0328330	0.0147278
0.724953	0.0278966	0.0148775
0.727243	0.0762989	0.0142968
0.729546	0.0370917	0.0136870
0.731862	0.0548624	0.0132839
0.734192	0.0516733	0.0135316
0.736535	0.0813994	0.0127118
0.738892	0.0612917	0.0123219
0.741263	0.0448781	0.0116270
0.743649	0.0595406	0.0116198
0.746050	0.0492701	0.0110841
0.748467	0.0523814	0.0108849
0.750899	0.0593167	0.0104150
0.753348	0.0683351	0.0106134
0.755812	0.0625740	0.0103516
0.758293	0.0332373	0.0117655
0.760791	0.0544681	0.0143726
0.763306	0.0178635	0.0154471
0.765838	0.0326987	0.0136002
0.768387	0.0209302	0.0119153
0.770954	0.0306700	0.00986304
0.773539	0.0408034	0.00956149
0.776142	0.0337311	0.00904942
0.778763	0.0678338	0.00864825
0.781402	0.0541955	0.00823095
0.784060	0.0566888	0.00859027
0.786736	0.0627070	0.00799561
0.789431	0.0699479	0.00819956
0.792146	0.0955886	0.00819782
0.794879	0.0986052	0.00902205
0.797631	0.0865172	0.00912444
0.800402	0.102909	0.00909373
0.803193	0.115346	0.00863481
0.806003	0.115958	0.00884767
0.808833	0.141088	0.00872362
0.811682	0.200548	0.00912139
0.814550	0.180277	0.00839133
0.817439	0.196095	0.00808456
0.820346	0.186259	0.00727408
0.823274	0.202889	0.00787915
0.826221	0.215469	0.00787630
0.829188	0.204598	0.00774707
0.832175	0.211736	0.00735469
0.835181	0.206258	0.00739079
0.838207	0.222396	0.00794309
0.841253	0.223120	0.00794425
0.844318	0.204148	0.00765561
0.847403	0.191744	0.00746556
0.850508	0.191437	0.00645902
0.853632	0.198586	0.00623477
0.856776	0.192798	0.00595011
0.859940	0.194595	0.00606715
0.863122	0.176531	0.00597940
0.866324	0.177513	0.00602385
0.869546	0.170882	0.00580166
0.872786	0.168867	0.00592834
0.876046	0.182220	0.00599966
0.879325	0.227300	0.00625318
0.882622	0.247298	0.00630451
0.885939	0.233548	0.00624049
0.889274	0.263001	0.00615753
0.892628	0.263730	0.00618528
0.896001	0.280567	0.00624151
0.899392	0.285372	0.00604324
0.902802	0.314120	0.00573483
0.906229	0.326320	0.00630295
0.909675	0.348931	0.00621006
0.913138	0.379158	0.00736828
0.916620	0.409906	0.00622023
0.920119	0.411058	0.00609133
0.923636	0.421735	0.00582701
0.927170	0.406433	0.00597329
0.930721	0.414066	0.00614580
0.934289	0.419608	0.00640698
0.937875	0.447562	0.00657139
0.941477	0.465250	0.00653497
0.945096	0.488827	0.00635248
0.948731	0.509275	0.00631119
0.952383	0.534427	0.00597411
0.956050	0.513260	0.00570172
0.959734	0.520472	0.00568242
0.963433	0.526339	0.00581203
0.967148	0.530553	0.00565102
0.970879	0.555496	0.00560167
0.974624	0.584270	0.00534195
0.978385	0.590617	0.00522091
0.982161	0.601322	0.00534244
0.985951	0.563795	0.00511415
0.989756	0.503388	0.00519335
0.993575	0.460096	0.00520743
0.997408	0.444077	0.00518416
1.00126	0.454402	0.00513337
1.00512	0.484014	0.00486222
1.00899	0.527060	0.00488501
1.01288	0.556634	0.00508627
1.01678	0.560646	0.00516381
1.02069	0.558644	0.00509557
1.02462	0.547961	0.00511242
1.02856	0.561847	0.00497083
1.03251	0.586571	0.00504863
1.03647	0.625117	0.00509279
1.04045	0.631878	0.00497352
1.04444	0.657268	0.00503580
1.04844	0.654481	0.00467526
1.05245	0.633970	0.00441621
1.05647	0.617236	0.00411537
1.06050	0.637765	0.00396973
1.06454	0.647589	0.00411040
1.06859	0.681704	0.00434746
1.07266	0.704856	0.00446699
1.07673	0.739463	0.00473552
1.08081	0.773003	0.00479091
1.08491	0.817654	0.00484773
1.08901	0.860740	0.00498940
1.09312	0.876235	0.00486237
1.09724	0.880400	0.00478301
1.10137	0.867972	0.00474916
1.10551	0.854643	0.00449758
1.10965	0.836128	0.00426118
1.11381	0.830824	0.00417555
1.11797	0.839380	0.00416874
1.12214	0.857022	0.00434636
1.12632	0.869374	0.00468431
1.13050	0.857581	0.00479411
1.13469	0.812955	0.00469139
1.13889	0.808323	0.00488385
1.14310	0.824730	0.00470275
1.14731	0.867040	0.00473495
1.15153	0.909934	0.00481449
1.15575	0.930886	0.00462060
1.15998	0.929419	0.00497454
1.16422	0.890038	0.00463813
1.16846	0.863374	0.00397613
1.17271	0.812561	0.00371650
1.17696	0.812097	0.00354564
1.18122	0.813768	0.00344294
1.18548	0.839522	0.00341926
1.18974	0.837980	0.00344259
1.19401	0.799101	0.00370115
1.19829	0.771407	0.00382629
1.20256	0.777216	0.00429977
1.20685	0.792041	0.00410500
1.21113	0.832998	0.00403233
1.21542	0.849478	0.00405546
1.21971	0.895139	0.00409339
1.22401	0.906325	0.00448750
1.22830	0.920390	0.00411125
1.23260	0.903531	0.00397355
1.23691	0.871293	0.00373833
1.24121	0.845043	0.00391710
1.24552	0.812955	0.00340256
1.24983	0.825462	0.00330849
1.25414	0.873667	0.00340870
1.25845	0.903255	0.00352462
1.26276	0.938787	0.00394955
1.26708	0.974044	0.00457988
1.27139	0.993862	0.00505550
1.27571	1.02358	0.00528404
1.28003	1.01502	0.00492792
1.28434	0.987402	0.00477584
1.28866	1.00316	0.00419174
1.29298	0.995735	0.00403067
1.29730	0.989262	0.00407643
1.30161	0.995040	0.00390796
1.30593	0.982652	0.00401594
1.31025	0.990134	0.00393686
1.31457	1.00507	0.00384639
1.31888	1.01294	0.00366355
1.32320	1.00345	0.00356738
1.32751	0.953429	0.00343970
1.33182	0.871710	0.00324453
1.33614	0.783674	0.00307443
1.34045	0.710843	0.00300058
1.34476	0.668522	0.00303351
1.34906	0.640391	0.00332414
1.35337	0.614722	0.00383876
1.35767	0.600082	0.00466932
1.36197	0.609731	0.00570413
1.36627	0.636379	0.00661096
1.37057	0.631941	0.00605019
1.37486	0.645303	0.00575939
1.37915	0.645160	0.00562612
1.38344	0.651300	0.00562045
1.38773	0.659850	0.00562297
1.39201	0.650238	0.00532823
1.39629	0.613758	0.00546423
1.40056	0.608281	0.00569158
1.40484	0.598810	0.00584330
1.40911	0.588492	0.00579449
1.41337	0.581618	0.00556788
1.41764	0.584722	0.00506163
1.42189	0.567703	0.00442921
1.42615	0.566559	0.00397151
1.43040	0.557822	0.00395987
1.43465	0.558566	0.00401428
1.43889	0.576130	0.00383779
1.44313	0.583987	0.00367974
1.44736	0.583474	0.00397696
1.45159	0.603255	0.00404278
1.45582	0.597164	0.00428041
1.46004	0.614019	0.00414536
1.46426	0.599855	0.00457824
1.46847	0.600967	0.00397505
1.47267	0.606340	0.00389656
1.47688	0.611372	0.00416322
1.48107	0.610842	0.00411502
1.48526	0.613364	0.00420819
1.48945	0.620076	0.00412604
1.49363	0.641523	0.00353789
1.49781	0.642982	0.00342208
1.50198	0.646799	0.00422257
1.50615	0.661998	0.00432183
1.51031	0.673797	0.00434669
1.51446	0.673011	0.00376339
1.51861	0.687662	0.00357687
1.52275	0.706161	0.00388450
1.52689	0.715034	0.00424848
1.53102	0.715277	0.00431557
1.53515	0.734442	0.00412404
1.53927	0.731156	0.00415155
1.54338	0.747054	0.00377279
1.54749	0.755101	0.00379249
1.55160	0.764934	0.00373613
1.55569	0.768752	0.00375230
1.55978	0.771142	0.00401409
1.56387	0.770545	0.00391341
1.56795	0.774745	0.00371138
1.57202	0.778344	0.00339275
1.57609	0.787093	0.00345382
1.58015	0.778322	0.00429358
1.58420	0.774347	0.00446422
1.58825	0.751482	0.00428147
1.59229	0.763044	0.00370113
1.59632	0.776808	0.00329597
1.60035	0.793514	0.00385468
1.60437	0.787502	0.00407541
1.60839	0.783242	0.00449107
1.61240	0.768635	0.00417975
1.61640	0.762272	0.00410000
1.62040	0.776212	0.00445381
1.62439	0.768047	0.00374689
1.62837	0.766366	0.00371757
1.63235	0.773597	0.00359955
1.63632	0.777663	0.00353803
1.64028	0.782852	0.00375516
1.64424	0.803720	0.00381450
1.64819	0.814113	0.00384588
1.65214	0.824379	0.00368533
1.65607	0.819124	0.00332827
1.66000	0.809682	0.00293275
1.66393	0.817540	0.00375862
1.66785	0.803223	0.00455721
1.67176	0.814698	0.00437553
1.67566	0.808707	0.00405039
1.67956	0.813827	0.00323825
1.68345	0.816294	0.00307781
1.68734	0.822262	0.00365424
1.69122	0.819494	0.00378816
1.69509	0.812704	0.00403700
1.69896	0.799758	0.00395007
1.70281	0.815151	0.00380960
1.70667	0.801203	0.00388973
1.71051	0.794637	0.00362414
1.71435	0.779603	0.00349725
1.71819	0.770253	0.00345702
1.72201	0.756008	0.00325550
1.72583	0.751226	0.00329341
1.72965	0.737703	0.00333083
1.73345	0.724215	0.00336519
1.73725	0.702491	0.00341876
1.74105	0.703967	0.00354547
1.74484	0.698780	0.00342899
1.74862	0.681006	0.00319393
1.75239	0.668377	0.00285244
1.75616	0.652733	0.00262556
1.75992	0.639060	0.00309884
1.76368	0.627184	0.00382342
1.76743	0.611864	0.00395060
1.77117	0.603450	0.00376477
1.77491	0.585577	0.00290987
1.77864	0.584190	0.00267433
1.78237	0.563367	0.00300775
1.78609	0.552934	0.00355850
1.78980	0.543335	0.00335017
1.79351	0.533714	0.00356418
1.79721	0.533716	0.00366635
1.80090	0.524685	0.00402058
1.80459	0.511392	0.00433980
1.80827	0.520598	0.00433710
1.81195	0.517665	0.00429877
1.81562	0.512261	0.00439153
1.81928	0.516543	0.00427452
1.82294	0.515646	0.00440890
1.82659	0.511073	0.00482696
1.83024	0.513105	0.00572183
1.83388	0.502534	0.00636937
1.83752	0.488711	0.00701573
1.84115	0.487501	0.00724923
1.84477	0.460604	0.00678736
1.84839	0.455978	0.00669213
1.85200	0.458092	0.00687676
1.85561	0.441734	0.00637420
1.85921	0.446068	0.00551506
1.86281	0.426857	0.00484713
1.86640	0.437430	0.00517205
1.86998	0.438840	0.00762034
1.87356	0.451180	0.00984163
1.87713	0.453205	0.00773170
1.88070	0.460880	0.00553042
1.88426	0.465424	0.00410360
1.88782	0.465951	0.00402169
1.89137	0.457908	0.00387259
1.89492	0.464677	0.00418157
1.89846	0.463976	0.00447893
1.90199	0.467499	0.00533866
1.90553	0.491000	0.00554995
1.90905	0.485270	0.00530812
1.91257	0.487584	0.00470873
1.91609	0.492011	0.00480369
1.91960	0.490068	0.00506647
1.92310	0.492984	0.00513558
1.92660	0.480711	0.00480347
1.93009	0.471092	0.00447138
1.93358	0.460397	0.00379642
1.93707	0.464045	0.00361042
1.94055	0.445857	0.00334900
1.94402	0.431680	0.00309389
1.94749	0.425781	0.00308347
1.95095	0.422993	0.00348937
1.95441	0.425740	0.00388942
1.95787	0.435125	0.00445600
1.96132	0.444361	0.00404498
1.96476	0.445697	0.00385239
1.96820	0.445597	0.00371815
1.97164	0.428385	0.00380330
1.97507	0.409751	0.00329996
1.97849	0.398264	0.00298935
1.98191	0.391080	0.00267135
1.98533	0.399299	0.00238461
1.98874	0.404205	0.00230841
1.99215	0.407841	0.00233613
1.99555	0.406805	0.00295800
1.99895	0.406193	0.00419586
2.00234	0.409251	0.00554664
2.00573	0.411322	0.00661975
2.00911	0.406571	0.00492074
2.01249	0.405697	0.00413906
2.01586	0.412787	0.00392977
2.01923	0.426284	0.00357332
2.02260	0.426258	0.00350490
2.02596	0.428621	0.00339754
2.02931	0.420614	0.00324138
2.03266	0.424327	0.00310033
2.03601	0.430288	0.00302629
2.03935	0.432222	0.00325198
2.04269	0.426861	0.00310149
2.04602	0.423057	0.00315262
2.04935	0.426050	0.00292808
2.05267	0.436397	0.00355376
2.05599	0.439893	0.00372990
2.05931	0.443086	0.00356995
2.06262	0.448195	0.00309754
2.06592	0.449488	0.00276861
2.06922	0.453114	0.00308974
2.07252	0.457349	0.00316097
2.07581	0.452305	0.00292728
2.07910	0.462182	0.00271476
2.08238	0.462869	0.00257873
2.08566	0.464604	0.00270612
2.08893	0.465927	0.00271230
2.09220	0.468154	0.00261734
2.09547	0.473649	0.00248304
2.09873	0.478243	0.00238577
2.10198	0.476900	0.00244529
2.10523	0.478766	0.00261189
2.10848	0.480976	0.00276774
2.11172	0.484224	0.00282896
2.11496	0.490259	0.00280881
2.11819	0.493889	0.00275965
2.12142	0.496693	0.00281254
2.12465	0.495459	0.00277594
2.12787	0.497709	0.00273892
2.13108	0.499621	0.00266069
2.13429	0.504154	0.00255051
2.13750	0.502039	0.00251873
2.14070	0.501689	0.00242340
2.14389	0.509919	0.00245095
2.14708	0.510498	0.00276378
2.15027	0.508914	0.00314728
2.15345	0.510880	0.00325107
2.15663	0.508941	0.00316068
2.15980	0.503723	0.00277987
2.16297	0.508312	0.00263921
2.16614	0.518586	0.00268067
2.16929	0.521427	0.00276555
2.17245	0.514534	0.00269173
2.17560	0.513011	0.00280427
2.17874	0.504270	0.00291464
2.18188	0.511059	0.00296673
2.18501	0.509136	0.00298987
2.18814	0.508847	0.00283479
2.19127	0.503694	0.00290186
2.19439	0.507422	0.00306727
2.19750	0.502257	0.00303870
2.20061	0.498694	0.00308523
2.20372	0.498476	0.00292161
2.20682	0.492723	0.00284168
2.20991	0.485436	0.00297477
2.21301	0.494681	0.00299751
2.21609	0.501711	0.00293274
2.21917	0.502075	0.00283439
2.22225	0.501221	0.00272359
2.22532	0.504019	0.00277931
2.22838	0.508005	0.00295365
2.23144	0.503292	0.00298871
2.23450	0.492873	0.00295116
2.23755	0.492799	0.00289870
2.24059	0.499890	0.00274516
2.24363	0.493323	0.00275429
2.24667	0.491519	0.00277000
2.24970	0.489617	0.00301179
2.25272	0.495157	0.00290833
2.25574	0.489045	0.00287332
2.25876	0.486163	0.00283731
2.26176	0.484609	0.00281688
2.26477	0.477220	0.00289117
2.26777	0.475702	0.00285271
2.27076	0.472273	0.00286715
2.27375	0.470791	0.00290127
2.27673	0.467902	0.00287063
2.27971	0.470638	0.00286093
2.28268	0.470516	0.00282914
2.28565	0.470925	0.00285140
2.28861	0.469747	0.00286716
2.29157	0.451501	0.00284395
2.29452	0.418612	0.00279123
2.29747	0.386587	0.00277369
2.30041	0.379680	0.00278037
2.30335	0.383400	0.00288179
2.30628	0.393125	0.00272447
2.30920	0.397016	0.00272942
2.31212	0.394789	0.00265455
2.31504	0.397477	0.00275909
2.31795	0.388255	0.00281948
2.32086	0.379815	0.00288285
2.32376	0.364908	0.00279115
2.32665	0.348213	0.00265546
2.32954	0.346661	0.00266380
2.33243	0.359471	0.00272880
2.33531	0.358374	0.00273493
2.33819	0.362162	0.00281341
2.34106	0.357834	0.00282582
2.34392	0.361147	0.00291862
2.34678	0.362267	0.00297933
2.34964	0.356718	0.00303557
2.35249	0.344968	0.00305902
2.35534	0.334093	0.00319529
2.35818	0.330607	0.00293589
2.36102	0.333854	0.00287033
2.36385	0.340579	0.00285359
2.36668	0.334522	0.00293483
2.36951	0.339127	0.00327683
2.37233	0.333415	0.00327988
2.37514	0.337637	0.00331040
2.37795	0.335667	0.00314410
2.38076	0.330050	0.00310214
2.38357	0.315362	0.00311005
2.38637	0.313895	0.00312664
2.38916	0.306397	0.00315791
2.39195	0.315352	0.00333879
2.39474	0.323078	0.00359142
2.39753	0.316773	0.00351574
2.40031	0.313427	0.00321608
2.40309	0.308585	0.00311864
2.40586	0.302160	0.00315264
2.40864	0.295888	0.00317461
2.41140	0.294474	0.00322508
2.41417	0.278431	0.00340174
2.41693	0.278552	0.00359309
2.41970	0.276003	0.00358119
2.42245	0.280936	0.00342923
2.42521	0.278993	0.00315725
2.42797	0.274002	0.00309299
2.43072	0.270298	0.00326798
2.43347	0.261264	0.00372382
2.43622	0.257759	0.00379151
2.43897	0.262912	0.00365712
2.44171	0.258418	0.00336841
2.44446	0.255169	0.00366895
2.44720	0.245389	0.00411301
2.44995	0.241845	0.00437937
2.45269	0.245204	0.00409120
2.45544	0.232928	0.00367060
2.45818	0.233482	0.00339279
2.46092	0.237192	0.00378852
2.46367	0.233811	0.00393656
2.46641	0.223073	0.00410918
2.46916	0.225159	0.00513259
2.47191	0.212608	0.00514471
2.47466	0.218660	0.00538827
2.47741	0.219081	0.00471829
2.48016	0.217565	0.00476856
2.48291	0.218799	0.00535403
2.48567	0.213982	0.00625247
2.48843	0.215026	0.00607445
2.49120	0.209531	0.00636338
2.49397	0.208504	0.00627911
2.49674	0.209905	0.00583080
2.49951	0.201227	0.00545081
2.50230	0.195337	0.00569109
2.50508	0.190542	0.00630068
2.50787	0.192984	0.00703896
2.51067	0.202440	0.00748442
2.51347	0.193218	0.00878956
2.51628	0.190717	0.0107876
2.51910	0.179761	0.0105610
2.52193	0.193824	0.0101609
2.52476	0.176963	0.00987119
2.52760	0.171962	0.0116510
2.53045	0.156164	0.0161655
2.53331	0.164396	0.0201423
2.53618	0.158407	0.0236343
2.53905	0.217069	0.0216543
2.54194	0.172161	0.0209905
2.54484	0.160886	0.0253057
2.54776	0.167816	0.0342314
2.55068	0.160166	0.0487647
2.55362	0.155941	0.0441759
2.55657	0.189110	0.0330233
2.55953	0.202601	0.0239553
2.56251	0.190446	0.0233127
