#  ----------------------------------------------------------------------------------
# SpeX prism spectrum of 2MASS J09153413+0422045 (J09153413+0422045)
# Originally observed on 2006 Apr 09
# Average resolution = 120
# Originally published in Burgasser (2007) ApJ, 659, 655
#
# PLEASE CITE THE ORIGINAL DATA REFERENCE WHEN PUBLISHING OR PRESENTING THESE DATA
#
# Optical spectral type: L7
# J magnitude = 14.548
# H magnitude = 13.531
# Ks magnitude = 13.011
#
#  Wavelength (micron)   F_lambda (normalized)  Noise (normalized as F_lambda)
#  ----------------------------------------------------------------------------------
0.650559	-0.283024	0.207096
0.652776	-0.344278	0.170117
0.654983	0.0194105	0.154992
0.657179	0.204150	0.137084
0.659366	-0.189059	0.132247
0.661545	-0.114516	0.129664
0.663717	-0.108727	0.129470
0.665883	0.0731811	0.128737
0.668044	0.0290782	0.129376
0.670200	-0.267135	0.121930
0.672353	-0.240286	0.123736
0.674503	-0.147824	0.117454
0.676651	0.0520635	0.117001
0.678798	-0.000159760	0.116500
0.680945	-0.296124	0.110665
0.683092	0.114929	0.108057
0.685240	-0.0443554	0.108160
0.687391	0.174502	0.103109
0.689544	0.0462541	0.101993
0.691700	0.146655	0.0957285
0.693861	0.0758256	0.0912719
0.696026	0.122693	0.0887909
0.698196	0.0374027	0.0835848
0.700373	0.106643	0.0722507
0.702556	0.0885979	0.0632290
0.704746	0.0613082	0.0214955
0.706943	-0.000638669	0.00620331
0.709149	0.0593041	0.0199978
0.711364	0.0281366	0.0373694
0.713588	0.0965150	0.0470946
0.715822	0.0441682	0.0514780
0.718066	0.0964715	0.0530141
0.720321	0.141130	0.0558395
0.722587	0.140320	0.0547560
0.724865	-0.0266853	0.0551542
0.727155	0.0929830	0.0552815
0.729458	0.0543068	0.0534023
0.731773	0.0791448	0.0527239
0.734102	0.117844	0.0534790
0.736444	0.0577790	0.0517851
0.738801	-0.0166703	0.0508116
0.741172	0.0213478	0.0486499
0.743557	0.0774991	0.0485529
0.745958	-0.0562502	0.0467639
0.748374	-0.0106863	0.0466566
0.750806	0.00467178	0.0442888
0.753253	-0.0501485	0.0457202
0.755717	0.0667228	0.0452126
0.758198	-0.0450874	0.0479360
0.760695	0.000368775	0.0494465
0.763209	0.0217954	0.0508052
0.765740	-0.114700	0.0463256
0.768289	-0.108378	0.0427051
0.770855	-0.0786172	0.0419923
0.773439	-0.0186567	0.0394648
0.776041	-0.0546433	0.0382559
0.778661	-0.0981492	0.0381020
0.781300	0.00382990	0.0381944
0.783957	0.0285830	0.0371697
0.786633	-0.00464769	0.0363050
0.789328	0.0884318	0.0362351
0.792041	0.105259	0.0354576
0.794773	-0.0260609	0.0353991
0.797525	0.0361644	0.0345328
0.800295	0.0598309	0.0341521
0.803085	0.0897869	0.0333818
0.805895	0.158620	0.0329999
0.808724	0.128385	0.0325000
0.811572	0.108296	0.0322027
0.814440	0.127392	0.0315670
0.817327	0.0629977	0.0314342
0.820234	0.0908605	0.0307234
0.823161	0.145826	0.0309970
0.826108	0.215131	0.0305866
0.829074	0.170794	0.0302507
0.832060	0.150190	0.0298876
0.835065	0.160253	0.0293942
0.838090	0.143119	0.0295063
0.841136	0.211904	0.0292881
0.844200	0.122413	0.0288766
0.847284	0.129133	0.0285319
0.850388	0.266980	0.0275347
0.853512	0.223800	0.0272044
0.856655	0.191891	0.0267792
0.859818	0.210643	0.0267558
0.862999	0.180364	0.0267306
0.866201	0.214713	0.0266630
0.869421	0.153605	0.0262831
0.872661	0.190883	0.0259483
0.875920	0.175994	0.0264789
0.879198	0.175177	0.0267413
0.882495	0.225607	0.0264875
0.885811	0.177214	0.0263962
0.889146	0.289052	0.0259932
0.892499	0.314935	0.0255680
0.895871	0.288268	0.0256449
0.899261	0.194712	0.0252811
0.902670	0.290733	0.0244553
0.906097	0.299185	0.0237586
0.909542	0.310488	0.0234507
0.913005	0.329156	0.0234244
0.916486	0.286173	0.0232526
0.919984	0.371944	0.0224619
0.923500	0.332234	0.0223537
0.927033	0.334362	0.0232065
0.930584	0.395839	0.0240606
0.934152	0.418301	0.0247763
0.937737	0.370825	0.0250893
0.941338	0.403755	0.0245032
0.944956	0.442730	0.0241096
0.948591	0.479681	0.0235745
0.952242	0.480355	0.0224254
0.955909	0.430819	0.0214266
0.959592	0.476855	0.0206607
0.963291	0.492246	0.0201777
0.967005	0.481829	0.0199242
0.970735	0.518251	0.0199675
0.974480	0.526757	0.0192830
0.978240	0.551073	0.0189992
0.982015	0.565138	0.0190998
0.985805	0.504867	0.0186733
0.989609	0.479263	0.0187034
0.993428	0.431508	0.0187292
0.997261	0.438615	0.0190050
1.00111	0.411027	0.0182525
1.00497	0.483886	0.0178117
1.00884	0.526378	0.0176226
1.01273	0.522087	0.0175253
1.01663	0.523474	0.0178273
1.02054	0.517473	0.0175129
1.02447	0.532180	0.0176092
1.02841	0.548113	0.0173812
1.03236	0.527310	0.0173038
1.03632	0.580761	0.0171712
1.04030	0.590499	0.0167258
1.04428	0.635909	0.0169299
1.04828	0.657506	0.0159984
1.05229	0.662282	0.0152930
1.05631	0.615881	0.0145292
1.06034	0.661429	0.0141491
1.06439	0.690606	0.0140797
1.06844	0.669538	0.0146296
1.07250	0.721447	0.0148330
1.07657	0.720765	0.0151922
1.08066	0.735246	0.0155049
1.08475	0.754230	0.0153074
1.08885	0.732395	0.0156978
1.09296	0.762447	0.0150720
1.09708	0.710809	0.0148717
1.10121	0.758341	0.0148522
1.10535	0.732909	0.0142608
1.10949	0.699357	0.0139349
1.11365	0.694272	0.0136341
1.11781	0.697744	0.0138382
1.12198	0.733913	0.0139706
1.12616	0.742648	0.0146855
1.13034	0.703011	0.0150138
1.13453	0.711723	0.0149206
1.13873	0.700374	0.0153472
1.14294	0.707505	0.0149150
1.14715	0.757638	0.0145833
1.15137	0.794908	0.0148213
1.15559	0.763721	0.0139665
1.15982	0.724319	0.0138195
1.16406	0.732557	0.0130053
1.16830	0.707990	0.0122435
1.17254	0.688081	0.0115353
1.17680	0.709837	0.0110622
1.18105	0.787097	0.0107635
1.18531	0.762903	0.0108911
1.18958	0.814038	0.0104517
1.19385	0.776212	0.0111651
1.19812	0.766062	0.0116277
1.20240	0.772162	0.0119293
1.20668	0.820269	0.0122347
1.21097	0.821024	0.0120915
1.21526	0.844408	0.0120730
1.21955	0.874117	0.0122499
1.22384	0.890771	0.0129708
1.22814	0.877020	0.0121819
1.23244	0.909262	0.0116420
1.23674	0.875175	0.0111196
1.24105	0.873623	0.0106704
1.24535	0.856435	0.0101610
1.24966	0.860724	0.00992184
1.25397	0.914279	0.0102449
1.25828	0.943131	0.0106319
1.26260	0.980312	0.0120328
1.26691	0.983286	0.0134085
1.27123	0.981831	0.0149165
1.27554	1.00204	0.0154777
1.27986	0.997726	0.0131254
1.28418	0.987517	0.0124281
1.28849	1.01261	0.0120194
1.29281	1.00531	0.0114463
1.29713	1.00102	0.0116183
1.30145	1.00677	0.0111735
1.30577	1.00001	0.0114811
1.31008	0.990825	0.0112612
1.31440	1.00906	0.0108327
1.31872	0.987128	0.0104212
1.32303	0.970299	0.0100914
1.32735	0.909809	0.00977012
1.33166	0.780666	0.00952453
1.33597	0.665217	0.00899621
1.34028	0.573849	0.00908807
1.34459	0.521223	0.00941754
1.34890	0.509649	0.0106579
1.35320	0.446471	0.0125694
1.35750	0.474174	0.0159076
1.36181	0.483149	0.0197377
1.36610	0.485913	0.0221801
1.37040	0.499189	0.0198222
1.37470	0.493041	0.0183592
1.37899	0.514965	0.0178651
1.38328	0.558308	0.0179244
1.38756	0.566034	0.0181789
1.39184	0.475840	0.0172376
1.39612	0.486901	0.0170940
1.40040	0.477995	0.0181226
1.40467	0.443823	0.0183114
1.40894	0.481466	0.0180197
1.41321	0.440487	0.0172000
1.41747	0.420978	0.0155150
1.42173	0.454610	0.0137008
1.42599	0.431524	0.0122169
1.43024	0.439698	0.0117957
1.43448	0.413077	0.0119308
1.43873	0.444572	0.0114196
1.44297	0.426332	0.0110035
1.44720	0.416774	0.0115306
1.45143	0.470218	0.0119915
1.45566	0.526040	0.0126109
1.45988	0.516324	0.0123013
1.46409	0.522814	0.0119321
1.46831	0.522889	0.0116804
1.47251	0.559759	0.0112515
1.47671	0.531193	0.0117259
1.48091	0.573286	0.0115955
1.48510	0.556462	0.0119136
1.48929	0.572797	0.0111447
1.49347	0.602900	0.0100036
1.49765	0.613267	0.00949806
1.50182	0.625046	0.0116534
1.50599	0.617488	0.0121246
1.51015	0.619877	0.0122655
1.51430	0.654462	0.0108132
1.51845	0.668458	0.00974214
1.52259	0.686208	0.0107821
1.52673	0.710290	0.0117187
1.53086	0.723411	0.0120724
1.53499	0.734049	0.0115065
1.53911	0.748612	0.0114463
1.54323	0.761999	0.0104721
1.54734	0.781711	0.0102128
1.55144	0.797770	0.0102662
1.55554	0.814120	0.0102216
1.55963	0.827525	0.0108461
1.56371	0.829386	0.0107849
1.56779	0.848965	0.0103443
1.57186	0.862742	0.00943646
1.57593	0.869272	0.00937703
1.57999	0.869270	0.0118020
1.58404	0.873108	0.0126546
1.58809	0.838638	0.0122203
1.59213	0.895602	0.0111223
1.59617	0.878277	0.00923865
1.60020	0.876816	0.0106496
1.60422	0.903260	0.0113393
1.60824	0.912803	0.0123970
1.61225	0.879556	0.0117752
1.61625	0.883516	0.0114879
1.62025	0.888575	0.0115472
1.62424	0.906508	0.0107647
1.62822	0.911696	0.0102317
1.63220	0.891841	0.0100021
1.63617	0.909619	0.00959279
1.64013	0.898204	0.0101484
1.64409	0.926809	0.0103316
1.64804	0.942154	0.0106302
1.65198	0.937381	0.0102510
1.65592	0.944792	0.00930275
1.65985	0.919693	0.00797184
1.66378	0.926755	0.00950887
1.66770	0.921525	0.0116345
1.67161	0.907444	0.0120574
1.67551	0.927169	0.0117906
1.67941	0.920185	0.00900498
1.68330	0.925125	0.00818533
1.68719	0.945731	0.00993897
1.69107	0.922236	0.0105206
1.69494	0.926867	0.0111795
1.69881	0.909028	0.0112286
1.70267	0.894720	0.0106009
1.70652	0.891580	0.0107488
1.71037	0.885863	0.0100863
1.71420	0.861259	0.00963895
1.71804	0.836647	0.00944960
1.72186	0.828111	0.00891222
1.72569	0.823426	0.00890020
1.72950	0.790991	0.00903003
1.73331	0.774586	0.00910172
1.73711	0.751243	0.00927880
1.74090	0.748522	0.00981108
1.74469	0.737775	0.00955908
1.74847	0.695909	0.00894570
1.75225	0.673298	0.00796581
1.75602	0.643645	0.00716006
1.75978	0.643217	0.00839354
1.76354	0.632276	0.0108405
1.76729	0.619538	0.0112825
1.77103	0.591792	0.0109024
1.77477	0.568592	0.00848016
1.77850	0.555214	0.00741391
1.78222	0.532929	0.00828324
1.78594	0.536579	0.00998712
1.78966	0.503366	0.00960847
1.79336	0.513306	0.0103274
1.79706	0.510026	0.0108666
1.80076	0.510827	0.0114124
1.80445	0.525946	0.0126581
1.80813	0.474318	0.0125780
1.81181	0.480022	0.0124934
1.81548	0.464121	0.0126307
1.81914	0.522411	0.0122143
1.82280	0.522599	0.0125092
1.82645	0.547077	0.0141632
1.83010	0.592717	0.0153301
1.83374	0.550992	0.0164432
1.83738	0.558034	0.0173977
1.84101	0.549860	0.0200121
1.84463	0.474919	0.0208430
1.84825	0.462248	0.0207936
1.85186	0.489625	0.0218835
1.85547	0.478177	0.0201658
1.85907	0.461923	0.0175043
1.86267	0.400534	0.0148379
1.86626	0.431451	0.0155013
1.86984	0.438467	0.0222999
1.87342	0.476868	0.0302635
1.87699	0.407001	0.0232228
1.88056	0.486367	0.0180433
1.88413	0.464573	0.0115810
1.88768	0.471424	0.0112607
1.89123	0.473945	0.0111479
1.89478	0.515362	0.0120918
1.89832	0.550294	0.0129901
1.90186	0.530457	0.0150742
1.90539	0.549493	0.0160436
1.90891	0.539387	0.0149365
1.91244	0.520185	0.0128996
1.91595	0.572009	0.0130876
1.91946	0.504893	0.0135630
1.92296	0.522825	0.0142702
1.92646	0.501496	0.0134778
1.92996	0.493449	0.0123260
1.93345	0.480568	0.0102066
1.93693	0.438703	0.00911358
1.94041	0.448069	0.00846649
1.94389	0.434261	0.00743473
1.94736	0.450200	0.00745158
1.95082	0.457026	0.00838927
1.95428	0.435717	0.00926206
1.95773	0.443976	0.00988851
1.96118	0.407404	0.00955338
1.96463	0.421756	0.00907747
1.96807	0.413646	0.00890419
1.97150	0.436837	0.00862200
1.97494	0.425501	0.00832615
1.97836	0.435391	0.00754060
1.98178	0.430066	0.00680903
1.98520	0.417868	0.00582862
1.98861	0.436290	0.00554935
1.99202	0.432698	0.00551344
1.99542	0.452441	0.00717162
1.99882	0.458490	0.0106454
2.00221	0.459605	0.0137813
2.00560	0.462709	0.0151731
2.00898	0.427769	0.0114266
2.01236	0.449079	0.00899888
2.01573	0.452020	0.00856542
2.01910	0.461934	0.00787102
2.02247	0.464956	0.00806247
2.02583	0.474234	0.00822125
2.02918	0.478902	0.00801121
2.03253	0.482214	0.00777779
2.03588	0.512694	0.00736064
2.03922	0.512299	0.00812775
2.04256	0.529099	0.00774671
2.04589	0.535111	0.00800905
2.04922	0.530442	0.00716761
2.05254	0.535488	0.00849701
2.05586	0.538651	0.00912331
2.05918	0.540366	0.00869572
2.06249	0.562665	0.00742171
2.06579	0.563408	0.00619947
2.06909	0.554430	0.00697441
2.07239	0.578681	0.00722617
2.07568	0.574953	0.00692350
2.07897	0.574093	0.00627334
2.08225	0.572391	0.00575966
2.08553	0.565721	0.00590724
2.08881	0.579349	0.00622096
2.09208	0.583400	0.00605076
2.09534	0.590161	0.00567858
2.09860	0.596213	0.00535245
2.10186	0.597322	0.00548020
2.10511	0.591526	0.00598303
2.10836	0.607126	0.00641175
2.11160	0.599603	0.00658365
2.11484	0.614511	0.00671080
2.11807	0.611512	0.00653793
2.12130	0.601750	0.00667891
2.12452	0.615935	0.00674233
2.12774	0.604471	0.00644188
2.13096	0.620907	0.00625115
2.13417	0.613467	0.00594505
2.13737	0.608197	0.00580880
2.14057	0.609202	0.00552584
2.14377	0.618515	0.00554780
2.14696	0.596693	0.00656448
2.15015	0.609278	0.00782641
2.15333	0.604272	0.00826370
2.15651	0.606004	0.00800078
2.15968	0.604006	0.00670333
2.16285	0.592529	0.00599394
2.16601	0.601512	0.00585706
2.16917	0.616752	0.00613183
2.17233	0.596712	0.00609583
2.17548	0.582617	0.00643693
2.17862	0.595213	0.00706614
2.18176	0.603789	0.00723405
2.18489	0.597850	0.00738727
2.18802	0.594477	0.00680929
2.19115	0.598624	0.00677409
2.19427	0.591495	0.00754896
2.19738	0.609676	0.00752303
2.20049	0.589861	0.00764200
2.20360	0.585838	0.00702014
2.20670	0.581010	0.00672334
2.20980	0.579403	0.00733342
2.21289	0.575396	0.00743719
2.21597	0.585349	0.00720463
2.21905	0.574736	0.00685885
2.22213	0.563949	0.00644234
2.22520	0.560336	0.00640915
2.22826	0.556600	0.00685465
2.23132	0.561711	0.00719566
2.23438	0.574344	0.00709964
2.23743	0.563928	0.00683762
2.24048	0.556047	0.00627324
2.24352	0.557969	0.00632508
2.24655	0.550828	0.00638335
2.24958	0.551895	0.00673142
2.25261	0.548459	0.00673612
2.25563	0.555374	0.00666596
2.25864	0.557377	0.00653852
2.26165	0.537726	0.00642370
2.26465	0.537860	0.00638959
2.26765	0.540045	0.00654313
2.27065	0.545131	0.00663423
2.27363	0.536662	0.00674280
2.27662	0.527540	0.00667456
2.27960	0.543039	0.00660760
2.28257	0.521453	0.00643672
2.28554	0.523939	0.00651010
2.28850	0.526482	0.00647939
2.29146	0.510489	0.00659267
2.29441	0.480719	0.00661630
2.29735	0.451172	0.00675617
2.30030	0.426165	0.00673455
2.30323	0.428267	0.00683756
2.30616	0.434674	0.00662353
2.30909	0.439368	0.00656816
2.31201	0.437173	0.00649735
2.31493	0.423463	0.00663529
2.31784	0.432715	0.00684643
2.32075	0.433708	0.00728406
2.32365	0.411897	0.00696350
2.32654	0.418263	0.00678598
2.32943	0.400005	0.00674093
2.33232	0.419698	0.00681319
2.33520	0.422070	0.00683605
2.33807	0.426711	0.00694908
2.34095	0.420300	0.00703591
2.34381	0.420547	0.00719472
2.34667	0.433371	0.00737150
2.34953	0.422745	0.00753702
2.35238	0.418716	0.00766782
2.35523	0.428844	0.00770570
2.35807	0.405739	0.00748617
2.36091	0.418186	0.00736031
2.36374	0.406581	0.00728954
2.36657	0.409238	0.00755503
2.36940	0.409749	0.00806452
2.37222	0.409673	0.00832638
2.37503	0.409552	0.00838223
2.37785	0.407182	0.00809699
2.38065	0.410264	0.00837898
2.38346	0.376839	0.00901207
2.38626	0.389318	0.00905850
2.38905	0.383391	0.00892285
2.39185	0.397375	0.00870041
2.39464	0.385845	0.00833263
2.39742	0.381456	0.00807606
2.40020	0.380478	0.00810262
2.40298	0.402615	0.00829002
2.40576	0.397848	0.00852825
2.40853	0.375693	0.00869520
2.41130	0.378895	0.00885845
2.41406	0.376585	0.00942493
2.41683	0.358996	0.00994593
2.41959	0.376524	0.0102386
2.42235	0.346457	0.0108155
2.42511	0.368423	0.00997497
2.42786	0.329264	0.00880120
2.43061	0.353265	0.00913414
2.43336	0.354593	0.0103403
2.43611	0.361655	0.0107932
2.43886	0.345359	0.0107095
2.44161	0.340163	0.00960468
2.44435	0.345767	0.0104322
2.44710	0.325282	0.0117963
2.44984	0.309664	0.0124831
2.45259	0.299112	0.0118470
2.45533	0.330056	0.0111331
2.45807	0.305241	0.0102686
2.46082	0.321072	0.0107751
2.46356	0.297840	0.0114711
2.46631	0.333624	0.0119350
2.46905	0.0740257	0.00992921
2.47180	0.290455	0.0135403
2.47455	0.300178	0.0134437
2.47730	0.286264	0.0131175
2.48005	0.292832	0.0136715
2.48281	0.296546	0.0158718
2.48557	0.264659	0.0179300
2.48833	0.299334	0.0183409
2.49109	0.268585	0.0193707
2.49386	0.251581	0.0189679
2.49663	0.246526	0.0175917
2.49941	0.272203	0.0162900
2.50219	0.306711	0.0167116
2.50497	0.255723	0.0187579
2.50777	0.256265	0.0210662
2.51056	0.243669	0.0227174
2.51337	0.252815	0.0268090
2.51618	0.238292	0.0332611
2.51899	0.209924	0.0336633
2.52182	0.229414	0.0319470
2.52465	0.218067	0.0309024
2.52749	0.267832	0.0379529
2.53034	0.264615	0.0533918
2.53320	0.208765	0.0689467
2.53606	0.170154	0.0820035
2.53894	0.325475	0.0746142
2.54183	0.311108	0.0730449
2.54473	0.166079	0.0893768
2.54764	0.141834	0.131822
2.55057	0.367402	0.182955
2.55350	0.189862	0.162605
2.55645	0.200369	0.125366
2.55942	0.195986	0.0906271
