#  ----------------------------------------------------------------------------------
# SpeX prism spectrum of Gl 337CD (J09121469+1459396)
# Originally observed on 2008 Jan 12
# Average resolution = 120
# Originally published in Burgasser et al. (2010) ApJ, 710, 1142-1169
#
# PLEASE CITE THE ORIGINAL DATA REFERENCE WHEN PUBLISHING OR PRESENTING THESE DATA
#
# Optical spectral type: L8
# Near infrared spectral type: T0
# J magnitude = 15.512
# H magnitude = 14.621
# Ks magnitude = 14.043
#
#  Wavelength (micron)   F_lambda (normalized)  Noise (normalized as F_lambda)
#  ----------------------------------------------------------------------------------
0.646897	-0.161839	0.190377
0.649135	1.12003	0.189830
0.651360	0.241640	0.183641
0.653573	-0.226371	0.171809
0.655775	-0.114811	0.161231
0.657968	-0.462449	0.144252
0.660152	0.140811	0.136862
0.662329	0.228995	0.138316
0.664499	-0.193644	0.132346
0.666662	0.260599	0.133903
0.668821	-0.0213909	0.141248
0.670976	-0.126256	0.123059
0.673128	-0.0754723	0.116472
0.675277	-0.0154373	0.114931
0.677425	-0.0181320	0.114174
0.679571	-0.110337	0.117287
0.681718	0.168446	0.105212
0.683866	-0.129421	0.105638
0.686015	-0.0638316	0.100267
0.688166	0.163338	0.0994368
0.690321	0.0994320	0.0972887
0.692478	0.00299665	0.0927682
0.694641	0.205976	0.0847785
0.696808	0.240834	0.0828089
0.698980	0.258626	0.0776548
0.701159	-0.128264	0.0744883
0.703344	0.196027	0.0695618
0.705537	0.152013	0.0686664
0.707738	0.190480	0.0672857
0.709947	0.0742271	0.0639077
0.712165	0.0986480	0.0592739
0.714392	0.209843	0.0584444
0.716630	0.0987428	0.0554907
0.718878	0.179412	0.0578288
0.721137	0.267577	0.0527602
0.723407	0.134284	0.0514833
0.725689	0.151601	0.0494602
0.727984	0.0787316	0.0496136
0.730291	0.0308494	0.0455572
0.732611	-0.0553347	0.0456381
0.734945	-0.0421084	0.0434175
0.737292	0.0942890	0.0431357
0.739654	-0.0124813	0.0406304
0.742030	0.0920492	0.0398242
0.744421	-0.0309262	0.0364171
0.746827	-0.0566589	0.0375175
0.749249	0.125546	0.0362312
0.751686	0.00835236	0.0350701
0.754139	0.0506994	0.0328350
0.756609	-0.0584461	0.0348662
0.759096	0.00196976	0.0361114
0.761599	-0.0532934	0.0423898
0.764119	-0.00474021	0.0428606
0.766657	-0.0798327	0.0411682
0.769212	-0.0393362	0.0341596
0.771784	-0.00594207	0.0325987
0.774375	-0.0633557	0.0287056
0.776983	-0.00827854	0.0281358
0.779610	0.0248581	0.0268320
0.782256	0.114694	0.0268166
0.784919	0.0516973	0.0266998
0.787602	0.0270810	0.0266986
0.790303	0.0857588	0.0256381
0.793023	0.0660890	0.0260876
0.795763	0.0782430	0.0251070
0.798521	0.0397263	0.0263533
0.801299	0.0883657	0.0257254
0.804096	0.0638539	0.0256646
0.806912	0.0859715	0.0243171
0.809748	0.0815936	0.0245772
0.812603	0.0821354	0.0238733
0.815478	0.135797	0.0243437
0.818373	0.138163	0.0230250
0.821287	0.0785949	0.0221875
0.824221	0.0927236	0.0220041
0.827174	0.104116	0.0220415
0.830148	0.0873957	0.0216396
0.833141	0.0689951	0.0217135
0.836153	0.117174	0.0200405
0.839186	0.140907	0.0218276
0.842238	0.163664	0.0210259
0.845309	0.126475	0.0213804
0.848401	0.177520	0.0199401
0.851512	0.163531	0.0193264
0.854642	0.141124	0.0176844
0.857793	0.212314	0.0178756
0.860962	0.119056	0.0168636
0.864151	0.178578	0.0171458
0.867359	0.174766	0.0166540
0.870587	0.206689	0.0170208
0.873834	0.186571	0.0163942
0.877100	0.134537	0.0163674
0.880384	0.196340	0.0166994
0.883688	0.225773	0.0166155
0.887011	0.226724	0.0161108
0.890352	0.244469	0.0165166
0.893712	0.251702	0.0158769
0.897091	0.232090	0.0157784
0.900488	0.239034	0.0153796
0.903903	0.292888	0.0154116
0.907337	0.317243	0.0146957
0.910788	0.354270	0.0157461
0.914257	0.340033	0.0150196
0.917745	0.354448	0.0153518
0.921249	0.385007	0.0144054
0.924772	0.383961	0.0144301
0.928311	0.344901	0.0149600
0.931868	0.317182	0.0154837
0.935442	0.325057	0.0160490
0.939033	0.408378	0.0164974
0.942640	0.432897	0.0158244
0.946264	0.398817	0.0156723
0.949905	0.428051	0.0151937
0.953562	0.446804	0.0144251
0.957234	0.442403	0.0132614
0.960923	0.451468	0.0127897
0.964628	0.466043	0.0132170
0.968348	0.507396	0.0129879
0.972083	0.509851	0.0124544
0.975833	0.494662	0.0124911
0.979599	0.540989	0.0117440
0.983379	0.531663	0.0118261
0.987174	0.528141	0.0115801
0.990984	0.507085	0.0116824
0.994808	0.505733	0.0118646
0.998645	0.501742	0.0120693
1.00250	0.486514	0.0113718
1.00636	0.478662	0.0109182
1.01024	0.521408	0.0108489
1.01413	0.556446	0.0112805
1.01804	0.561049	0.0113249
1.02196	0.557059	0.0113560
1.02589	0.586482	0.0115447
1.02983	0.590003	0.0110731
1.03379	0.623744	0.0111137
1.03775	0.657899	0.0112590
1.04173	0.652257	0.0108205
1.04572	0.646820	0.0104447
1.04973	0.654521	0.0100037
1.05374	0.677775	0.00947107
1.05776	0.686689	0.00904852
1.06180	0.692807	0.00889866
1.06585	0.715269	0.00893035
1.06990	0.745211	0.00946972
1.07397	0.729362	0.00968204
1.07804	0.719484	0.0100348
1.08213	0.754791	0.0101816
1.08623	0.736103	0.00992480
1.09033	0.733883	0.0101322
1.09445	0.718621	0.00960984
1.09857	0.692783	0.0101919
1.10270	0.704754	0.00948290
1.10684	0.672084	0.00888842
1.11099	0.654513	0.00839861
1.11515	0.657665	0.00841200
1.11931	0.631808	0.00842310
1.12348	0.663540	0.00879322
1.12766	0.673430	0.00962529
1.13185	0.652600	0.00975116
1.13605	0.624331	0.00982584
1.14025	0.654247	0.0101849
1.14445	0.670225	0.00968935
1.14867	0.681802	0.00975316
1.15289	0.715295	0.00975829
1.15711	0.718329	0.00920165
1.16135	0.704556	0.00895252
1.16558	0.681344	0.00834705
1.16983	0.659930	0.00773542
1.17408	0.641631	0.00725944
1.17833	0.677658	0.00685415
1.18259	0.730485	0.00663514
1.18685	0.767828	0.00649728
1.19112	0.795271	0.00784265
1.19539	0.807872	0.00724215
1.19966	0.808124	0.00775792
1.20394	0.817473	0.00800102
1.20823	0.849066	0.00830511
1.21251	0.861376	0.00800756
1.21680	0.862069	0.00809389
1.22109	0.901812	0.00820941
1.22539	0.903114	0.00802812
1.22969	0.913458	0.00809804
1.23399	0.905202	0.00778422
1.23829	0.901824	0.00736297
1.24260	0.919350	0.00700939
1.24691	0.898150	0.00662712
1.25121	0.907319	0.00644137
1.25553	0.929732	0.00647267
1.25984	0.977350	0.00692266
1.26415	0.984314	0.00777128
1.26847	1.02464	0.00859195
1.27278	1.03142	0.00930602
1.27710	1.02813	0.00943195
1.28142	0.985738	0.00869346
1.28573	0.977119	0.00840394
1.29005	0.993273	0.00788611
1.29437	0.979276	0.00776629
1.29869	0.992210	0.00794248
1.30301	0.994157	0.00764840
1.30732	0.977548	0.00786371
1.31164	1.01649	0.00811983
1.31596	0.975318	0.00737899
1.32027	0.967048	0.00728707
1.32459	0.944754	0.00666022
1.32890	0.838838	0.00635575
1.33321	0.678806	0.00573662
1.33752	0.552844	0.00580784
1.34183	0.438375	0.00536735
1.34614	0.395900	0.00581532
1.35045	0.360997	0.00661500
1.35475	0.337919	0.00770766
1.35906	0.342845	0.0102881
1.36336	0.360315	0.0128378
1.36765	0.399608	0.0142829
1.37195	0.443328	0.0132858
1.37624	0.448289	0.0132141
1.38053	0.467758	0.0126074
1.38482	0.465816	0.0121650
1.38910	0.419571	0.0118726
1.39339	0.388570	0.0111244
1.39766	0.413089	0.0116159
1.40194	0.386762	0.0119708
1.40621	0.384286	0.0119522
1.41048	0.384355	0.0114200
1.41475	0.371103	0.0110957
1.41901	0.344284	0.00989347
1.42326	0.340556	0.00861533
1.42752	0.359046	0.00758010
1.43177	0.365532	0.00758011
1.43601	0.376180	0.00761281
1.44026	0.379805	0.00725648
1.44449	0.399485	0.00698904
1.44873	0.451848	0.00751952
1.45295	0.463480	0.00794562
1.45718	0.485454	0.00854645
1.46140	0.500170	0.00802361
1.46561	0.488877	0.00814291
1.46982	0.514845	0.00781607
1.47403	0.520459	0.00767115
1.47823	0.527036	0.00798319
1.48242	0.555738	0.00816798
1.48661	0.561659	0.00825940
1.49080	0.585802	0.00762490
1.49498	0.587838	0.00666401
1.49915	0.600703	0.00672437
1.50332	0.619543	0.00827803
1.50749	0.650798	0.00864025
1.51164	0.653036	0.00856376
1.51580	0.674802	0.00729402
1.51994	0.726657	0.00687443
1.52409	0.733908	0.00765520
1.52822	0.729569	0.00831878
1.53235	0.770479	0.00859445
1.53648	0.782037	0.00799325
1.54060	0.785153	0.00814604
1.54471	0.804238	0.00730961
1.54882	0.827447	0.00743553
1.55292	0.846916	0.00724874
1.55701	0.845859	0.00747682
1.56110	0.837996	0.00770098
1.56518	0.861215	0.00776036
1.56926	0.861806	0.00721261
1.57333	0.875301	0.00661328
1.57739	0.878385	0.00666898
1.58145	0.904395	0.00866666
1.58550	0.886759	0.00887494
1.58955	0.896676	0.00860487
1.59359	0.893919	0.00714868
1.59762	0.908859	0.00654727
1.60165	0.887186	0.00744372
1.60567	0.905457	0.00816523
1.60968	0.900438	0.00886553
1.61369	0.884804	0.00828928
1.61769	0.875461	0.00807814
1.62168	0.884473	0.00801553
1.62567	0.872641	0.00720303
1.62965	0.859132	0.00727485
1.63363	0.870677	0.00690564
1.63760	0.880759	0.00718558
1.64156	0.855702	0.00720008
1.64551	0.879146	0.00760906
1.64946	0.870704	0.00749105
1.65340	0.879607	0.00716736
1.65734	0.871568	0.00627641
1.66127	0.873137	0.00552144
1.66519	0.859844	0.00699781
1.66911	0.857567	0.00834999
1.67302	0.830795	0.00848459
1.67692	0.849376	0.00808647
1.68082	0.832817	0.00601655
1.68471	0.845161	0.00592521
1.68859	0.844885	0.00698694
1.69246	0.842307	0.00753868
1.69633	0.825822	0.00804707
1.70020	0.819933	0.00782328
1.70406	0.824154	0.00752659
1.70791	0.812747	0.00767548
1.71175	0.798728	0.00706619
1.71559	0.783451	0.00678382
1.71942	0.756540	0.00656247
1.72324	0.744323	0.00629484
1.72706	0.730045	0.00628954
1.73087	0.725471	0.00642440
1.73468	0.704366	0.00644417
1.73848	0.677658	0.00691924
1.74227	0.657612	0.00711802
1.74605	0.649945	0.00685182
1.74983	0.623824	0.00630110
1.75361	0.598014	0.00562479
1.75737	0.583433	0.00512082
1.76113	0.559331	0.00645384
1.76489	0.553918	0.00787016
1.76864	0.530858	0.00818772
1.77238	0.495905	0.00764268
1.77611	0.483055	0.00571765
1.77984	0.468988	0.00524500
1.78357	0.435440	0.00612235
1.78728	0.427580	0.00689492
1.79099	0.416567	0.00675719
1.79470	0.416522	0.00735116
1.79840	0.419071	0.00763868
1.80209	0.405865	0.00818851
1.80578	0.402626	0.00880511
1.80946	0.400822	0.00861713
1.81313	0.416751	0.00867265
1.81680	0.413191	0.00902985
1.82046	0.426001	0.00865930
1.82412	0.417815	0.00903470
1.82777	0.412950	0.00994247
1.83141	0.438024	0.0108759
1.83505	0.410465	0.0115463
1.83869	0.387692	0.0123728
1.84232	0.414161	0.0139623
1.84594	0.343475	0.0144077
1.84955	0.390505	0.0148797
1.85316	0.399399	0.0149507
1.85677	0.331600	0.0138356
1.86037	0.351690	0.0118819
1.86396	0.346140	0.0105664
1.86755	0.321820	0.0120892
1.87113	0.367449	0.0188374
1.87471	0.321224	0.0199528
1.87828	0.384190	0.0161513
1.88185	0.383219	0.0107342
1.88541	0.408243	0.00842362
1.88896	0.399308	0.00832491
1.89251	0.435071	0.00847992
1.89606	0.447537	0.00963042
1.89960	0.428069	0.0121710
1.90313	0.471355	0.0128825
1.90666	0.491559	0.0120308
1.91018	0.474785	0.0114125
1.91370	0.479835	0.0101101
1.91722	0.463937	0.00990631
1.92072	0.475087	0.0105544
1.92423	0.455764	0.0107838
1.92772	0.404797	0.00967686
1.93122	0.404792	0.00883030
1.93470	0.378815	0.00739732
1.93819	0.346881	0.00692739
1.94167	0.349955	0.00640263
1.94514	0.340232	0.00586547
1.94861	0.338894	0.00608298
1.95207	0.346918	0.00691901
1.95553	0.360265	0.00766981
1.95898	0.338003	0.00841841
1.96243	0.354685	0.00791924
1.96587	0.358946	0.00736812
1.96931	0.369099	0.00711016
1.97274	0.365094	0.00689095
1.97617	0.358792	0.00660425
1.97959	0.368621	0.00595283
1.98301	0.390981	0.00540754
1.98643	0.385204	0.00475038
1.98984	0.388359	0.00458736
1.99324	0.389299	0.00474765
1.99664	0.403628	0.00661992
2.00004	0.402535	0.00963337
2.00343	0.441461	0.0120970
2.00682	0.425614	0.0119717
2.01020	0.424465	0.00953539
2.01357	0.450714	0.00833499
2.01695	0.452202	0.00791844
2.02031	0.462501	0.00713788
2.02368	0.467028	0.00715098
2.02704	0.454689	0.00671001
2.03039	0.470077	0.00673873
2.03374	0.470779	0.00630123
2.03708	0.485318	0.00629848
2.04042	0.470311	0.00668317
2.04376	0.493178	0.00651217
2.04709	0.487037	0.00667406
2.05042	0.510672	0.00636620
2.05374	0.520192	0.00755726
2.05706	0.518846	0.00777356
2.06037	0.529672	0.00739275
2.06368	0.535536	0.00636537
2.06698	0.537017	0.00571459
2.07028	0.539513	0.00635402
2.07358	0.531127	0.00627815
2.07687	0.538837	0.00597719
2.08016	0.535467	0.00533254
2.08344	0.537368	0.00508462
2.08671	0.534516	0.00533357
2.08999	0.546778	0.00556142
2.09325	0.534816	0.00531452
2.09652	0.539312	0.00506889
2.09978	0.546826	0.00489964
2.10303	0.542400	0.00513012
2.10628	0.548045	0.00531569
2.10953	0.541692	0.00565379
2.11277	0.551557	0.00569935
2.11600	0.532787	0.00575210
2.11923	0.529504	0.00556292
2.12246	0.535131	0.00572148
2.12568	0.536331	0.00559027
2.12890	0.533096	0.00555893
2.13211	0.529162	0.00543870
2.13532	0.531612	0.00516704
2.13853	0.517144	0.00489564
2.14173	0.523218	0.00476421
2.14492	0.514025	0.00476296
2.14811	0.516798	0.00565588
2.15130	0.502266	0.00637068
2.15448	0.512397	0.00664276
2.15765	0.513936	0.00628411
2.16082	0.500284	0.00541185
2.16399	0.500454	0.00507698
2.16715	0.503748	0.00512638
2.17031	0.496951	0.00517907
2.17346	0.501693	0.00522711
2.17661	0.482933	0.00547693
2.17975	0.486415	0.00577271
2.18289	0.493935	0.00586225
2.18602	0.486326	0.00599720
2.18915	0.490442	0.00541832
2.19227	0.476224	0.00573824
2.19539	0.471093	0.00611759
2.19851	0.471495	0.00613500
2.20161	0.457468	0.00614659
2.20472	0.447072	0.00567791
2.20782	0.448737	0.00558957
2.21091	0.443693	0.00600537
2.21400	0.442851	0.00596085
2.21708	0.440191	0.00577616
2.22016	0.440127	0.00554973
2.22324	0.440518	0.00525393
2.22630	0.435612	0.00536766
2.22937	0.435479	0.00583865
2.23243	0.431786	0.00591032
2.23548	0.429792	0.00584953
2.23853	0.429861	0.00556484
2.24157	0.430578	0.00534769
2.24461	0.419765	0.00531253
2.24764	0.421091	0.00543626
2.25067	0.419316	0.00564297
2.25369	0.396563	0.00562273
2.25671	0.404791	0.00561866
2.25972	0.408694	0.00559877
2.26273	0.406770	0.00551373
2.26573	0.398932	0.00551290
2.26873	0.392945	0.00567235
2.27172	0.393779	0.00570020
2.27471	0.396420	0.00586359
2.27769	0.398714	0.00593166
2.28067	0.399786	0.00589650
2.28364	0.386010	0.00568809
2.28660	0.405938	0.00576970
2.28956	0.384002	0.00583176
2.29252	0.365026	0.00579636
2.29547	0.360759	0.00615423
2.29842	0.341228	0.00602208
2.30136	0.321709	0.00607622
2.30429	0.327867	0.00599901
2.30722	0.330508	0.00597554
2.31014	0.330306	0.00591059
2.31306	0.332344	0.00592073
2.31598	0.327811	0.00614547
2.31889	0.310003	0.00629068
2.32179	0.316214	0.00645048
2.32469	0.288643	0.00623239
2.32758	0.305883	0.00608991
2.33047	0.296135	0.00601878
2.33336	0.303434	0.00607154
2.33624	0.302828	0.00622862
2.33911	0.308222	0.00650488
2.34198	0.292167	0.00646538
2.34484	0.298324	0.00668074
2.34770	0.319238	0.00696679
2.35056	0.296939	0.00710916
2.35341	0.313981	0.00721578
2.35625	0.326452	0.00722945
2.35910	0.303509	0.00709203
2.36193	0.319840	0.00720569
2.36476	0.315094	0.00756458
2.36759	0.318440	0.00849799
2.37041	0.302313	0.00865447
2.37323	0.296973	0.00826494
2.37605	0.300047	0.00804018
2.37886	0.307672	0.00753124
2.38166	0.289745	0.00759539
2.38447	0.291254	0.00774832
2.38727	0.293221	0.00778654
2.39006	0.315691	0.00796488
2.39285	0.318067	0.00793583
2.39564	0.310457	0.00784518
2.39842	0.316717	0.00773481
2.40120	0.314052	0.00766666
2.40398	0.312825	0.00791788
2.40676	0.303810	0.00800009
2.40953	0.300761	0.00812257
2.41230	0.303529	0.00845129
2.41506	0.310011	0.00922031
2.41782	0.320172	0.00963619
2.42058	0.307034	0.00953011
2.42334	0.287646	0.00881205
2.42610	0.316507	0.00847876
2.42885	0.309899	0.00845663
2.43160	0.291911	0.00908720
2.43435	0.283657	0.0101148
2.43710	0.302377	0.0101355
2.43985	0.289976	0.00984155
2.44260	0.285717	0.0102808
2.44534	0.271134	0.0110871
2.44809	0.256299	0.0120522
2.45083	0.248633	0.0121736
2.45358	0.259308	0.0111564
2.45632	0.266813	0.00990133
2.45906	0.267753	0.00981500
2.46181	0.270957	0.0100881
2.46455	0.262171	0.0102435
2.46730	0.261233	0.0106567
2.47004	0.273418	0.0122038
2.47279	0.223087	0.0126504
2.47554	0.211821	0.0124681
2.47829	0.222083	0.0125793
2.48105	0.244922	0.0136427
2.48380	0.268528	0.0158137
2.48656	0.220749	0.0167622
2.48932	0.203455	0.0168282
2.49209	0.213520	0.0180859
2.49486	0.230450	0.0174900
2.49763	0.223850	0.0159839
2.50041	0.223188	0.0152941
2.50319	0.238902	0.0166219
2.50598	0.195234	0.0180808
2.50877	0.199207	0.0200892
2.51157	0.208996	0.0209599
2.51438	0.217655	0.0268189
2.51719	0.229311	0.0299681
2.52001	0.168640	0.0286251
2.52284	0.227426	0.0275193
2.52567	0.203171	0.0297613
2.52852	0.254326	0.0377440
2.53137	0.183558	0.0531703
2.53423	0.252775	0.0624246
2.53710	0.239796	0.0626898
2.53998	0.139399	0.0558416
2.54288	0.264334	0.0657575
2.54578	0.190371	0.0891259
2.54870	0.221340	0.113567
2.55162	0.285611	0.132928
2.55457	0.176315	0.130986
