#  ----------------------------------------------------------------------------------
# SpeX prism spectrum of DENIS-P J1058.7-1548 (J10584787-1548172)
# Originally observed on 2005 Mar 24
# Average resolution = 120
# Originally published in Burgasser et al. (2010) ApJ, 710, 1142-1169
#
# PLEASE CITE THE ORIGINAL DATA REFERENCE WHEN PUBLISHING OR PRESENTING THESE DATA
#
# Optical spectral type: L3
# Near infrared spectral type: L3
# J magnitude = 14.155
# H magnitude = 13.226
# Ks magnitude = 12.532
#
#  Wavelength (micron)   F_lambda (normalized)  Noise (normalized as F_lambda)
#  ----------------------------------------------------------------------------------
0.652162	0.00851711	0.0800347
0.654372	-0.0332394	0.0249287
0.656570	-0.0368210	0.0503816
0.658760	-0.000393345	0.0259754
0.660941	-0.0307412	0.0107658
0.663115	0.0660744	0.0113696
0.665283	0.0562670	0.0279343
0.667445	0.0520607	0.0391112
0.669602	-0.00192050	0.0342128
0.671756	0.0514782	0.0261037
0.673906	0.00776463	0.0449687
0.676055	0.0508515	0.0112559
0.678202	0.0358251	0.0118961
0.680349	0.0113770	0.0206102
0.682496	-0.00593115	0.0161224
0.684644	0.0199254	0.0266011
0.686794	-0.00125327	0.0379558
0.688946	0.0289510	0.0631902
0.691102	0.0178970	0.0186312
0.693261	0.0306489	0.0186183
0.695425	0.00479359	0.0342631
0.697594	0.0170421	0.0352168
0.699768	0.0451647	0.0263719
0.701949	0.0410023	0.0295225
0.704137	0.0187542	0.0319001
0.706333	0.0211590	0.0208143
0.708537	0.0575678	0.0121161
0.710749	0.0579254	0.0129134
0.712970	0.0541511	0.0244928
0.715201	0.0472117	0.0138815
0.717443	0.0582539	0.0301609
0.719695	0.0445628	0.0304598
0.721958	0.0553806	0.00514573
0.724232	0.0604307	0.00458804
0.726519	0.0643874	0.0190732
0.728818	0.0559607	0.0114684
0.731129	0.0562949	0.00675453
0.733454	0.0716870	0.00534892
0.735793	0.0871503	0.000971415
0.738146	0.0647595	0.00344473
0.740512	0.0716409	0.0158071
0.742894	0.0700066	0.0197627
0.745290	0.0741663	0.00547198
0.747702	0.0801991	0.0103927
0.750129	0.0490699	0.00502873
0.752573	0.0589608	0.00631878
0.755032	0.0707150	0.0115213
0.757508	0.0645359	0.00908904
0.760000	0.0393896	0.00790320
0.762509	0.0554190	0.0118447
0.765036	0.0426629	0.0113822
0.767580	0.0361233	0.00712027
0.770141	0.0100376	0.00578815
0.772720	0.0200820	0.00791934
0.775317	0.0354759	0.00803940
0.777933	0.0574897	0.000930257
0.780566	0.0712456	0.0117363
0.783218	0.0671423	0.00751177
0.785889	0.0737273	0.00891987
0.788578	0.0842858	0.00702829
0.791286	0.0769515	0.00211293
0.794013	0.0942055	0.00417856
0.796759	0.0994744	0.00405551
0.799525	0.121047	0.00331022
0.802309	0.101449	0.00450255
0.805113	0.131001	0.00929862
0.807937	0.130371	0.00507640
0.810780	0.159932	0.00635958
0.813642	0.169504	0.00625786
0.816524	0.166950	0.00951118
0.819426	0.174353	0.00514424
0.822347	0.177245	0.00643695
0.825288	0.193202	0.00862684
0.828249	0.206973	0.0111919
0.831229	0.208090	0.00610249
0.834229	0.209136	0.00907954
0.837249	0.205085	0.00529469
0.840289	0.220320	0.00468547
0.843348	0.215537	0.00262161
0.846427	0.210453	0.00762649
0.849525	0.193798	0.00492765
0.852643	0.198932	0.00279944
0.855781	0.198274	0.00681883
0.858938	0.185081	0.00378739
0.862115	0.177196	0.00476145
0.865311	0.157734	0.00549714
0.868526	0.151997	0.00646418
0.871760	0.153734	0.00322015
0.875014	0.154297	0.00506401
0.878287	0.169324	0.00613486
0.881579	0.184541	0.00621744
0.884889	0.196737	0.00810757
0.888219	0.204457	0.00550424
0.891567	0.216888	0.00534440
0.894934	0.223730	0.00775882
0.898319	0.237411	0.00438547
0.901722	0.263892	0.00309700
0.905144	0.266259	0.00469843
0.908584	0.294014	0.00286820
0.912042	0.311965	0.00832733
0.915518	0.343380	0.00612535
0.919012	0.361894	0.00375785
0.922523	0.364396	0.00510283
0.926051	0.379235	0.00498236
0.929597	0.376331	0.00287115
0.933160	0.383541	0.00299962
0.936740	0.386403	0.00625846
0.940337	0.413002	0.00672685
0.943951	0.431373	0.00527373
0.947581	0.453650	0.0108196
0.951227	0.481970	0.00690032
0.954890	0.486089	0.00646011
0.958568	0.480117	0.00467485
0.962263	0.478733	0.00747362
0.965973	0.493931	0.00362795
0.969698	0.505288	0.00555305
0.973439	0.537216	0.00487059
0.977195	0.561698	0.00595359
0.980966	0.560598	0.00606492
0.984752	0.554530	0.00714594
0.988552	0.482694	0.00551208
0.992367	0.407377	0.00504403
0.996196	0.339307	0.00551045
1.00004	0.343196	0.00987404
1.00390	0.367653	0.00480537
1.00777	0.407419	0.00431425
1.01165	0.428775	0.00511122
1.01555	0.454773	0.00329393
1.01946	0.448357	0.00389670
1.02338	0.446685	0.00262703
1.02731	0.457910	0.00385351
1.03126	0.478020	0.00632682
1.03522	0.502838	0.00736044
1.03919	0.537667	0.00567723
1.04318	0.565390	0.00415313
1.04717	0.584276	0.00735299
1.05118	0.593526	0.00553626
1.05520	0.586168	0.00508351
1.05922	0.584360	0.00441848
1.06326	0.594100	0.00451891
1.06731	0.618069	0.00368879
1.07137	0.649235	0.00364050
1.07544	0.671446	0.00308961
1.07952	0.692343	0.00368366
1.08361	0.719042	0.00444391
1.08771	0.755262	0.00702995
1.09182	0.769980	0.00727944
1.09594	0.780696	0.00674682
1.10006	0.792179	0.00595119
1.10420	0.785254	0.00547732
1.10834	0.781656	0.00618906
1.11250	0.783242	0.00793894
1.11665	0.784337	0.0119118
1.12082	0.807838	0.00815397
1.12500	0.823322	0.00660412
1.12918	0.829678	0.00789827
1.13337	0.782482	0.00440258
1.13757	0.747746	0.00585167
1.14177	0.735969	0.00892345
1.14598	0.781829	0.00489419
1.15020	0.851123	0.00749262
1.15442	0.870712	0.0110675
1.15865	0.874477	0.00403540
1.16288	0.848860	0.00312232
1.16712	0.813706	0.00256971
1.17137	0.766148	0.00477235
1.17562	0.745473	0.00355410
1.17987	0.755526	0.00304317
1.18413	0.789511	0.00523082
1.18839	0.822470	0.00217733
1.19266	0.785015	0.00670714
1.19694	0.746574	0.00386212
1.20121	0.721139	0.00394594
1.20549	0.726161	0.00278150
1.20978	0.766871	0.00328305
1.21406	0.807868	0.00369195
1.21836	0.842035	0.00116087
1.22265	0.874547	0.00293454
1.22695	0.894798	0.00187200
1.23125	0.904025	0.00531087
1.23555	0.861471	0.00472370
1.23985	0.824342	0.00295503
1.24416	0.793587	0.00326188
1.24847	0.780248	0.00499866
1.25278	0.821865	0.00452627
1.25709	0.865252	0.00685549
1.26140	0.938502	0.00829112
1.26571	0.974723	0.00723921
1.27003	0.996384	0.00745748
1.27434	1.02326	0.00465868
1.27866	1.01027	0.00799509
1.28298	0.998764	0.00430804
1.28730	0.989093	0.00333155
1.29161	0.994328	0.00230840
1.29593	0.989448	0.00424967
1.30025	0.999282	0.00387648
1.30457	0.999522	0.00632408
1.30889	0.992077	0.00445805
1.31320	1.00053	0.00505849
1.31752	1.00342	0.00532142
1.32183	1.00790	0.00579871
1.32615	0.973842	0.00644243
1.33046	0.881769	0.0104037
1.33477	0.775471	0.0180823
1.33909	0.665853	0.00737934
1.34339	0.603931	0.00958328
1.34770	0.583327	0.0166565
1.35201	0.573128	0.0240122
1.35631	0.556063	0.0308192
1.36061	0.550918	0.0305194
1.36491	0.558316	0.0108773
1.36921	0.559597	0.00999580
1.37350	0.567627	0.0130420
1.37780	0.564529	0.00815284
1.38209	0.570130	0.00867330
1.38637	0.605070	0.00793006
1.39066	0.594245	0.00872989
1.39494	0.552565	0.0192597
1.39921	0.546491	0.00485236
1.40349	0.522706	0.00564208
1.40776	0.516600	0.00650120
1.41203	0.518413	0.0107958
1.41629	0.513355	0.00770549
1.42055	0.503902	0.00306440
1.42481	0.502679	0.00183631
1.42906	0.493608	0.00295755
1.43331	0.485487	0.00302312
1.43755	0.495518	0.00417889
1.44179	0.497559	0.00263830
1.44603	0.506658	0.00184308
1.45026	0.520281	0.00368005
1.45448	0.530573	0.00590237
1.45871	0.535491	0.00194016
1.46292	0.536706	0.00363421
1.46714	0.541149	0.00455612
1.47135	0.537525	0.00430698
1.47555	0.545725	0.00401211
1.47975	0.546871	0.00325296
1.48394	0.554352	0.00518930
1.48813	0.557509	0.00249910
1.49231	0.581695	0.00212400
1.49649	0.586970	0.00158193
1.50066	0.592455	0.00221300
1.50483	0.603440	0.00203312
1.50899	0.618393	0.00263717
1.51315	0.625892	0.00290932
1.51730	0.637391	0.00488463
1.52144	0.641071	0.00149157
1.52558	0.652928	0.00155144
1.52972	0.673999	0.00578198
1.53385	0.678213	0.00569008
1.53797	0.690854	0.00217582
1.54209	0.704649	0.00174814
1.54620	0.717439	0.00535291
1.55030	0.729692	0.00399355
1.55440	0.732110	0.00163732
1.55849	0.749062	0.00501431
1.56258	0.753855	0.00427148
1.56666	0.753617	0.00443640
1.57073	0.763883	0.00330939
1.57480	0.780028	0.00414804
1.57886	0.776315	0.00393519
1.58292	0.762859	0.00386264
1.58697	0.734926	0.00359771
1.59101	0.737654	0.00343122
1.59505	0.749788	0.00306866
1.59908	0.762385	0.00331018
1.60310	0.763815	0.00241758
1.60712	0.768868	0.00526229
1.61113	0.738034	0.00454322
1.61514	0.739856	0.00199180
1.61914	0.749385	0.00428617
1.62313	0.757544	0.00545070
1.62711	0.751053	0.00148451
1.63109	0.748327	0.00324265
1.63507	0.749099	0.00418024
1.63903	0.759151	0.00284497
1.64299	0.772806	0.00364519
1.64694	0.790533	0.00215932
1.65089	0.809771	0.00256580
1.65483	0.819269	0.00222152
1.65876	0.812037	0.00474409
1.66269	0.806547	0.00223226
1.66661	0.804244	0.00278055
1.67052	0.808988	0.00261975
1.67443	0.802271	0.00485437
1.67833	0.812121	0.00380477
1.68222	0.812934	0.00388456
1.68611	0.822677	0.00556840
1.68999	0.814613	0.00618176
1.69387	0.811618	0.00342608
1.69773	0.808741	0.00293691
1.70160	0.805834	0.00179465
1.70545	0.806612	0.00345239
1.70930	0.812651	0.00466509
1.71314	0.788298	0.00347026
1.71697	0.773990	0.00258176
1.72080	0.752431	0.00284152
1.72463	0.731173	0.00156699
1.72844	0.721494	0.00424033
1.73225	0.706710	0.00466876
1.73605	0.683770	0.00553062
1.73985	0.675902	0.00507094
1.74364	0.662504	0.00358000
1.74742	0.652812	0.00341796
1.75120	0.636475	0.00177508
1.75497	0.621373	0.00139114
1.75874	0.607254	0.00308428
1.76249	0.593360	0.00529776
1.76625	0.582901	0.00261254
1.76999	0.564309	0.00335306
1.77373	0.551374	0.00209408
1.77746	0.542928	0.00550311
1.78119	0.528869	0.00300046
1.78491	0.522698	0.00616237
1.78863	0.514037	0.00425843
1.79234	0.501770	0.00617553
1.79604	0.499862	0.00548086
1.79973	0.497797	0.00927840
1.80342	0.489158	0.00812703
1.80711	0.485952	0.00459879
1.81079	0.484739	0.00695543
1.81446	0.488095	0.00919487
1.81813	0.493967	0.0102332
1.82179	0.501289	0.00394464
1.82544	0.499959	0.00296678
1.82909	0.503718	0.0106742
1.83273	0.498165	0.0157981
1.83637	0.483749	0.0198928
1.84000	0.472685	0.0122018
1.84363	0.465072	0.0128407
1.84725	0.445809	0.00637191
1.85086	0.462732	0.00502967
1.85447	0.449404	0.00873667
1.85807	0.425919	0.00713143
1.86167	0.411490	0.00635459
1.86526	0.412424	0.00856174
1.86885	0.411556	0.0254815
1.87243	0.408177	0.0180175
1.87600	0.428775	0.0398706
1.87957	0.481340	0.0276472
1.88314	0.446976	0.0177451
1.88670	0.461619	0.00306553
1.89025	0.452023	0.00423939
1.89380	0.460389	0.00607509
1.89734	0.448474	0.00885445
1.90088	0.461326	0.0170082
1.90441	0.465850	0.00389485
1.90794	0.500538	0.00896715
1.91146	0.498598	0.00579147
1.91498	0.503476	0.00517238
1.91849	0.507269	0.0183995
1.92199	0.501866	0.00657439
1.92549	0.477582	0.00521746
1.92899	0.470451	0.00440723
1.93248	0.474503	0.00718306
1.93597	0.460137	0.00268141
1.93945	0.446453	0.00279914
1.94292	0.435457	0.00343356
1.94639	0.421338	0.00272113
1.94986	0.422297	0.00379225
1.95332	0.411228	0.00299236
1.95678	0.420652	0.00243910
1.96023	0.422788	0.00567977
1.96367	0.418182	0.00631989
1.96712	0.418080	0.00551864
1.97055	0.419073	0.00696157
1.97398	0.410128	0.00487901
1.97741	0.390834	0.00380880
1.98083	0.383728	0.00251723
1.98425	0.385516	0.00220881
1.98766	0.390875	0.00258197
1.99107	0.390733	0.00167653
1.99447	0.391425	0.00352849
1.99787	0.406691	0.0137891
2.00127	0.400057	0.0152116
2.00466	0.403172	0.00782372
2.00804	0.404757	0.00653693
2.01142	0.405282	0.00271494
2.01480	0.412461	0.00207494
2.01817	0.410681	0.00780659
2.02153	0.429662	0.0110818
2.02489	0.422594	0.00932223
2.02825	0.425464	0.00747096
2.03160	0.420315	0.00496783
2.03495	0.426848	0.00220445
2.03829	0.426819	0.00254564
2.04163	0.427073	0.00185651
2.04497	0.428112	0.00194127
2.04830	0.431640	0.00380552
2.05162	0.431928	0.00333650
2.05494	0.434523	0.00221509
2.05826	0.449916	0.00342198
2.06157	0.455525	0.00271605
2.06488	0.451397	0.00159493
2.06818	0.453033	0.00353152
2.07148	0.459282	0.00737473
2.07477	0.462641	0.00568720
2.07806	0.465466	0.00467628
2.08134	0.466544	0.00403805
2.08462	0.468186	0.00333801
2.08790	0.466544	0.00307044
2.09117	0.473917	0.00229174
2.09444	0.480469	0.00324880
2.09770	0.480167	0.00243820
2.10096	0.484168	0.00195652
2.10421	0.492387	0.00234523
2.10746	0.489663	0.00310207
2.11070	0.496279	0.00212487
2.11394	0.500899	0.00190690
2.11717	0.500026	0.00230014
2.12040	0.501660	0.00166700
2.12363	0.506939	0.00266759
2.12685	0.509515	0.00206658
2.13007	0.510857	0.00230417
2.13328	0.515809	0.00237049
2.13648	0.512885	0.00127832
2.13969	0.512832	0.00244108
2.14288	0.519340	0.00132154
2.14608	0.519259	0.00182843
2.14927	0.520189	0.00310076
2.15245	0.520010	0.00207629
2.15563	0.516571	0.00222682
2.15880	0.519390	0.00213215
2.16197	0.522816	0.00368407
2.16514	0.519071	0.00170477
2.16830	0.520407	0.00334315
2.17145	0.520598	0.00546907
2.17460	0.519371	0.00386633
2.17775	0.516263	0.00406935
2.18089	0.521620	0.00296206
2.18402	0.512716	0.00337303
2.18716	0.518969	0.00297927
2.19028	0.518457	0.00367361
2.19340	0.514595	0.00272970
2.19652	0.512984	0.00350534
2.19963	0.515741	0.00319675
2.20274	0.511452	0.00286265
2.20584	0.509963	0.00352596
2.20894	0.508118	0.00257329
2.21203	0.507510	0.00385774
2.21512	0.512385	0.00379994
2.21820	0.509392	0.00215143
2.22128	0.504546	0.00188813
2.22435	0.503387	0.00253899
2.22741	0.505261	0.00396207
2.23048	0.507218	0.00321966
2.23353	0.499997	0.00308753
2.23658	0.503265	0.00338409
2.23963	0.497907	0.00427039
2.24267	0.503287	0.00290106
2.24571	0.496284	0.00145339
2.24874	0.499902	0.00194933
2.25177	0.489787	0.00246164
2.25479	0.496847	0.00334775
2.25780	0.491353	0.00387151
2.26081	0.489709	0.00211948
2.26382	0.487002	0.00290084
2.26682	0.480982	0.00261574
2.26982	0.479782	0.00299810
2.27281	0.479839	0.00300538
2.27579	0.478736	0.00325167
2.27877	0.477632	0.00229071
2.28174	0.475034	0.00340565
2.28471	0.471295	0.00450314
2.28768	0.477242	0.00540264
2.29064	0.470636	0.00228297
2.29359	0.443933	0.00300304
2.29654	0.405482	0.00278101
2.29948	0.384153	0.00258749
2.30242	0.391143	0.00354675
2.30535	0.393413	0.00468807
2.30828	0.406634	0.00292034
2.31120	0.400948	0.00225312
2.31412	0.399447	0.00151554
2.31703	0.402646	0.00260690
2.31994	0.396624	0.00134610
2.32284	0.382747	0.00105581
2.32574	0.373109	0.00206826
2.32863	0.358831	0.00269829
2.33152	0.360664	0.00217847
2.33440	0.363892	0.00117590
2.33728	0.370034	0.00260130
2.34015	0.367724	0.00224522
2.34302	0.372612	0.00304398
2.34588	0.367158	0.000976430
2.34874	0.377653	0.00280049
2.35159	0.362633	0.00271065
2.35444	0.358709	0.00300121
2.35728	0.343889	0.00285801
2.36012	0.342346	0.00329676
2.36296	0.345441	0.00377250
2.36579	0.350312	0.00338936
2.36861	0.349927	0.00520753
2.37144	0.353520	0.00257036
2.37425	0.353419	0.00531471
2.37707	0.349399	0.00569479
2.37988	0.352414	0.00411675
2.38268	0.343106	0.00571380
2.38548	0.328621	0.00239566
2.38828	0.326113	0.00331987
2.39107	0.326503	0.00313966
2.39386	0.335985	0.00117213
2.39665	0.330936	0.00210921
2.39943	0.332368	0.00373474
2.40221	0.326317	0.00221267
2.40499	0.319556	0.00377956
2.40776	0.316838	0.00328372
2.41053	0.304572	0.00330060
2.41330	0.299530	0.00237598
2.41606	0.299594	0.00350931
2.41882	0.295568	0.00278927
2.42158	0.295048	0.00340346
2.42434	0.293443	0.00465940
2.42710	0.286331	0.00198968
2.42985	0.284752	0.00246403
2.43260	0.284048	0.00380074
2.43535	0.272585	0.00482455
2.43810	0.275429	0.00349220
2.44085	0.276717	0.00430136
2.44359	0.274383	0.00343332
2.44634	0.263997	0.00415884
2.44908	0.259098	0.00236001
2.45182	0.252879	0.00452888
2.45457	0.256472	0.00360829
2.45731	0.258525	0.00244118
2.46006	0.257416	0.00315267
2.46280	0.255075	0.00423385
2.46555	0.243888	0.00211464
2.46829	0.241249	0.00164448
2.47104	0.230721	0.00184771
2.47379	0.233971	0.00348795
2.47654	0.230400	0.00425375
2.47929	0.228290	0.00362121
2.48204	0.232301	0.00364822
2.48480	0.234190	0.00755331
2.48756	0.228824	0.00313595
2.49032	0.234910	0.00379219
2.49309	0.208372	0.00542801
2.49586	0.226976	0.00751050
2.49864	0.224614	0.00448942
2.50142	0.224069	0.00306744
2.50420	0.218227	0.00607758
2.50699	0.225309	0.00252140
2.50979	0.224298	0.00376115
2.51259	0.220331	0.00930386
2.51540	0.212913	0.00855516
2.51821	0.209011	0.00787083
2.52103	0.201300	0.00724248
2.52386	0.209411	0.00918357
2.52670	0.208936	0.00994180
2.52955	0.205258	0.0164164
2.53240	0.202876	0.0107440
2.53527	0.258105	0.0179206
2.53814	0.154007	0.0189807
2.54103	0.235824	0.00569507
2.54393	0.206348	0.0163098
2.54683	0.168752	0.0169715
2.54975	0.194962	0.0535563
2.55269	0.232482	0.0192334
2.55563	0.180900	0.0350238
2.55859	0.213152	0.0299556
2.56157	0.220936	0.0202426
