#  ----------------------------------------------------------------------------------
# SpeX prism spectrum of SDSS J020735.60+135556.3 (J02073557+1355564)
# Originally observed on 2008 Dec 14
# Average resolution = 120
#
# PLEASE CITE THE ORIGINAL DATA REFERENCE WHEN PUBLISHING OR PRESENTING THESE DATA
#
# Optical spectral type: L3
# Near infrared spectral type: L3+/-1.5
# J magnitude = 15.462
# H magnitude = 14.474
# Ks magnitude = 13.808
#
#  Wavelength (micron)   F_lambda (normalized)  Noise (normalized as F_lambda)
#  ----------------------------------------------------------------------------------
0.646357	0.740315	0.529475
0.648598	-0.0322695	0.558702
0.650826	0.897498	0.474052
0.653042	-0.399616	0.406386
0.655247	-0.950186	0.438473
0.657442	-0.0434536	0.404044
0.659628	-0.403605	0.361883
0.661806	-0.365918	0.344517
0.663977	-0.000505030	0.368553
0.666143	-1.17307	0.362843
0.668303	0.209173	0.380980
0.670458	0.152417	0.338377
0.672611	-0.0367499	0.355643
0.674760	-0.481087	0.354008
0.676908	-0.00938095	0.348480
0.679055	-0.00355188	0.328695
0.681202	-0.290527	0.324240
0.683349	0.584997	0.305754
0.685498	0.0681720	0.282912
0.687649	0.130931	0.279163
0.689802	0.360882	0.266170
0.691959	0.126938	0.243531
0.694120	-0.362986	0.227124
0.696286	0.0394072	0.211249
0.698457	0.110481	0.222059
0.700634	0.752044	0.199410
0.702818	-0.0816861	0.199237
0.705009	0.254070	0.173000
0.707208	0.552511	0.181630
0.709415	0.282791	0.175707
0.711631	0.220802	0.174084
0.713856	0.317114	0.167775
0.716091	0.344424	0.170109
0.718336	0.207120	0.160073
0.720592	0.211294	0.155245
0.722860	0.637412	0.145866
0.725139	0.297935	0.137191
0.727431	0.317372	0.134504
0.729735	0.0932853	0.128231
0.732052	-0.000599126	0.120006
0.734382	-0.191630	0.122568
0.736726	0.183995	0.117832
0.739084	0.0903321	0.120293
0.741457	0.0105774	0.108387
0.743844	0.232951	0.105170
0.746247	0.298527	0.0963463
0.748665	0.203307	0.101415
0.751098	0.223887	0.0966594
0.753548	0.232149	0.0937418
0.756014	0.328611	0.0917632
0.758496	-0.0275622	0.104627
0.760995	0.0345508	0.109061
0.763511	0.0587125	0.111498
0.766045	0.102093	0.0951434
0.768596	0.00731000	0.0883525
0.771164	-0.0654839	0.0788440
0.773750	0.168151	0.0780918
0.776354	0.0342049	0.0735725
0.778977	0.265811	0.0719102
0.781618	0.199512	0.0715705
0.784277	0.301386	0.0705331
0.786955	0.0902080	0.0698440
0.789652	0.0220894	0.0702432
0.792368	0.290316	0.0674895
0.795102	0.165954	0.0695740
0.797856	0.0972985	0.0654649
0.800629	0.253683	0.0658663
0.803421	0.180185	0.0640380
0.806233	0.160746	0.0626688
0.809064	0.240420	0.0601276
0.811915	0.180301	0.0615736
0.814785	0.263063	0.0583007
0.817675	0.409048	0.0607539
0.820584	0.216907	0.0571115
0.823513	0.290455	0.0569473
0.826462	0.177847	0.0559412
0.829431	0.326950	0.0560640
0.832419	0.323678	0.0531972
0.835427	0.183623	0.0537845
0.838455	0.303191	0.0525778
0.841502	0.242612	0.0527220
0.844569	0.283786	0.0505320
0.847656	0.234235	0.0506964
0.850762	0.256488	0.0478180
0.853888	0.327382	0.0470404
0.857033	0.281434	0.0459953
0.860198	0.356879	0.0474130
0.863382	0.165163	0.0439334
0.866586	0.323290	0.0463979
0.869809	0.217812	0.0445827
0.873051	0.224276	0.0449257
0.876312	0.251120	0.0437880
0.879593	0.177589	0.0459004
0.882892	0.211526	0.0440452
0.886210	0.377594	0.0444559
0.889547	0.270411	0.0436172
0.892903	0.285427	0.0448845
0.896277	0.403679	0.0429631
0.899669	0.331965	0.0431431
0.903080	0.327741	0.0397703
0.906509	0.345453	0.0395690
0.909956	0.460455	0.0398966
0.913421	0.412728	0.0407722
0.916904	0.477099	0.0380841
0.920405	0.460782	0.0375912
0.923923	0.506950	0.0371487
0.927458	0.486654	0.0393693
0.931011	0.468510	0.0422862
0.934581	0.396519	0.0433414
0.938168	0.521500	0.0450703
0.941771	0.490122	0.0436073
0.945391	0.578485	0.0418398
0.949028	0.532119	0.0410070
0.952681	0.508629	0.0378354
0.956350	0.566881	0.0362829
0.960035	0.609327	0.0346797
0.963735	0.533523	0.0334235
0.967452	0.578898	0.0324717
0.971183	0.623122	0.0327568
0.974930	0.687377	0.0325133
0.978692	0.655953	0.0321468
0.982469	0.682695	0.0302273
0.986261	0.641322	0.0313551
0.990067	0.577861	0.0307762
0.993887	0.502960	0.0308205
0.997721	0.522316	0.0306481
1.00157	0.505405	0.0301365
1.00543	0.508535	0.0279423
1.00931	0.534678	0.0283743
1.01320	0.631296	0.0290578
1.01710	0.595218	0.0293713
1.02101	0.598980	0.0287655
1.02494	0.587404	0.0292758
1.02888	0.663566	0.0288032
1.03283	0.650378	0.0290141
1.03680	0.643140	0.0281421
1.04077	0.720175	0.0285238
1.04476	0.693629	0.0274469
1.04876	0.659875	0.0255161
1.05277	0.647789	0.0241542
1.05679	0.675209	0.0226239
1.06083	0.655130	0.0214045
1.06487	0.686830	0.0228574
1.06893	0.781864	0.0244326
1.07299	0.772323	0.0251209
1.07706	0.790851	0.0264415
1.08115	0.814943	0.0267607
1.08524	0.857273	0.0274544
1.08934	0.922647	0.0282509
1.09346	0.856436	0.0268098
1.09758	0.890619	0.0266219
1.10171	0.871197	0.0256124
1.10585	0.885091	0.0245038
1.10999	0.870907	0.0233480
1.11415	0.910166	0.0233181
1.11831	0.909934	0.0241064
1.12248	0.843786	0.0245339
1.12666	0.854381	0.0261715
1.13084	0.812250	0.0269278
1.13504	0.808769	0.0257918
1.13924	0.772469	0.0297292
1.14344	0.866889	0.0261668
1.14765	0.876396	0.0268139
1.15187	0.939144	0.0277966
1.15610	0.958760	0.0250740
1.16033	0.937166	0.0244140
1.16456	0.903735	0.0224897
1.16881	0.866483	0.0205027
1.17305	0.828634	0.0193488
1.17731	0.785487	0.0181368
1.18156	0.838526	0.0178378
1.18582	0.845910	0.0171662
1.19009	0.821944	0.0171614
1.19436	0.799028	0.0186537
1.19863	0.777931	0.0194750
1.20291	0.796487	0.0200523
1.20720	0.814159	0.0211261
1.21148	0.835238	0.0207188
1.21577	0.807078	0.0203215
1.22006	0.914900	0.0225295
1.22436	0.944376	0.0208933
1.22865	0.912250	0.0208543
1.23295	0.888001	0.0199937
1.23726	0.866900	0.0188387
1.24156	0.798664	0.0173004
1.24587	0.786602	0.0167515
1.25018	0.833126	0.0166170
1.25449	0.835857	0.0174285
1.25880	0.854238	0.0188006
1.26311	0.953358	0.0230922
1.26743	0.936435	0.0250035
1.27174	0.928961	0.0263473
1.27606	1.00743	0.0266139
1.28038	0.973029	0.0247242
1.28469	1.00277	0.0236650
1.28901	1.02287	0.0222786
1.29333	1.01194	0.0231608
1.29765	0.981690	0.0208643
1.30197	1.00800	0.0207018
1.30628	0.986929	0.0206184
1.31060	0.978873	0.0208328
1.31492	1.00765	0.0211928
1.31923	1.01881	0.0197976
1.32355	0.994733	0.0194580
1.32786	0.917953	0.0177866
1.33218	0.835141	0.0166224
1.33649	0.772399	0.0158999
1.34080	0.719173	0.0163006
1.34511	0.687484	0.0173191
1.34941	0.663074	0.0201742
1.35372	0.595104	0.0243559
1.35802	0.595727	0.0312085
1.36232	0.622703	0.0415974
1.36662	0.593874	0.0454459
1.37092	0.552791	0.0392644
1.37521	0.612767	0.0383148
1.37950	0.601973	0.0405165
1.38379	0.682304	0.0410655
1.38807	0.689506	0.0399108
1.39236	0.666215	0.0358254
1.39664	0.607941	0.0342287
1.40091	0.608111	0.0349227
1.40519	0.651743	0.0371194
1.40945	0.585810	0.0330105
1.41372	0.574687	0.0301208
1.41798	0.615780	0.0280174
1.42224	0.612757	0.0250981
1.42650	0.546212	0.0220399
1.43075	0.565823	0.0216257
1.43499	0.534133	0.0212950
1.43924	0.543641	0.0210004
1.44347	0.568646	0.0208187
1.44771	0.562555	0.0228026
1.45194	0.570565	0.0221083
1.45616	0.596068	0.0236752
1.46038	0.621350	0.0231780
1.46460	0.586318	0.0221690
1.46881	0.572582	0.0211801
1.47302	0.562818	0.0207738
1.47722	0.541000	0.0213270
1.48141	0.586989	0.0216013
1.48561	0.615466	0.0220108
1.48979	0.609305	0.0215154
1.49397	0.616450	0.0184720
1.49815	0.634046	0.0190704
1.50232	0.633918	0.0230653
1.50648	0.622561	0.0230046
1.51064	0.642822	0.0235038
1.51480	0.644434	0.0203959
1.51895	0.685360	0.0201228
1.52309	0.703760	0.0214803
1.52723	0.690886	0.0231069
1.53136	0.682241	0.0229447
1.53549	0.719760	0.0230048
1.53961	0.757389	0.0227333
1.54372	0.735177	0.0204420
1.54783	0.727254	0.0207688
1.55193	0.736308	0.0202829
1.55603	0.778085	0.0215177
1.56012	0.758574	0.0258700
1.56420	0.762783	0.0211982
1.56828	0.751367	0.0206181
1.57235	0.761183	0.0199616
1.57642	0.722070	0.0215097
1.58048	0.724290	0.0240239
1.58453	0.738905	0.0250152
1.58858	0.721480	0.0240365
1.59262	0.771388	0.0214325
1.59665	0.729415	0.0193185
1.60068	0.750574	0.0221092
1.60470	0.770815	0.0239307
1.60872	0.712509	0.0245690
1.61273	0.717460	0.0229443
1.61673	0.707322	0.0226362
1.62072	0.739261	0.0228093
1.62471	0.736230	0.0210774
1.62870	0.713975	0.0206924
1.63267	0.757608	0.0206331
1.63664	0.752065	0.0213462
1.64061	0.779222	0.0233748
1.64456	0.803892	0.0234033
1.64851	0.771822	0.0233134
1.65246	0.791819	0.0228629
1.65639	0.775701	0.0201942
1.66032	0.775301	0.0189182
1.66425	0.780104	0.0221489
1.66817	0.761927	0.0249169
1.67208	0.786569	0.0251355
1.67598	0.748762	0.0242248
1.67988	0.769276	0.0208429
1.68377	0.787526	0.0212379
1.68766	0.773622	0.0232221
1.69153	0.824802	0.0241705
1.69540	0.788220	0.0251468
1.69927	0.754954	0.0238780
1.70313	0.772986	0.0233925
1.70698	0.797943	0.0233375
1.71083	0.761822	0.0224940
1.71466	0.744050	0.0216351
1.71850	0.742288	0.0213583
1.72232	0.711586	0.0200989
1.72614	0.723103	0.0208625
1.72996	0.717316	0.0215064
1.73376	0.683424	0.0214483
1.73756	0.699411	0.0221962
1.74136	0.656543	0.0221689
1.74514	0.669218	0.0211849
1.74892	0.670531	0.0205400
1.75270	0.636254	0.0186786
1.75647	0.637666	0.0188787
1.76023	0.580332	0.0197122
1.76399	0.580721	0.0223682
1.76774	0.553540	0.0230472
1.77148	0.570100	0.0223473
1.77522	0.574576	0.0191516
1.77895	0.550237	0.0176901
1.78267	0.535228	0.0194470
1.78639	0.539504	0.0212434
1.79010	0.501970	0.0202860
1.79381	0.525843	0.0216664
1.79751	0.525729	0.0237780
1.80120	0.533242	0.0261297
1.80489	0.542853	0.0287484
1.80857	0.540883	0.0298452
1.81225	0.499427	0.0282216
1.81592	0.470872	0.0292904
1.81958	0.457448	0.0279011
1.82324	0.503803	0.0315964
1.82689	0.494455	0.0387051
1.83054	0.471331	0.0366034
1.83418	0.428886	0.0443411
1.83781	0.420345	0.0493987
1.84144	0.418071	0.0514106
1.84507	0.431923	0.0632702
1.84868	0.393630	0.0509003
1.85230	0.395039	0.0573789
1.85590	0.444900	0.0631573
1.85950	0.425621	0.0474976
1.86310	0.415020	0.0435765
1.86669	0.364066	0.0470407
1.87027	0.381835	0.0764333
1.87385	0.366333	0.0787033
1.87742	0.377651	0.0601549
1.88099	0.411936	0.0461435
1.88455	0.415468	0.0340512
1.88811	0.531421	0.0488999
1.89166	0.446193	0.0357131
1.89521	0.438556	0.0415920
1.89875	0.413983	0.0412195
1.90228	0.432623	0.0548416
1.90581	0.436330	0.0478337
1.90934	0.408709	0.0437627
1.91286	0.468612	0.0473048
1.91637	0.401176	0.0385125
1.91988	0.428837	0.0367749
1.92338	0.425121	0.0361689
1.92688	0.463474	0.0354767
1.93038	0.469474	0.0318954
1.93387	0.406214	0.0274571
1.93735	0.439809	0.0284814
1.94083	0.412951	0.0255303
1.94430	0.385114	0.0220462
1.94777	0.413449	0.0254309
1.95124	0.399818	0.0258597
1.95469	0.397490	0.0280005
1.95815	0.402998	0.0285414
1.96160	0.425075	0.0276934
1.96504	0.413962	0.0244238
1.96848	0.390130	0.0217411
1.97192	0.402313	0.0223280
1.97535	0.379402	0.0200709
1.97877	0.364662	0.0184143
1.98219	0.372497	0.0172726
1.98561	0.381526	0.0164538
1.98902	0.378160	0.0166866
1.99242	0.400448	0.0179516
1.99583	0.412381	0.0225372
1.99922	0.431406	0.0310025
2.00261	0.397392	0.0344935
2.00600	0.435120	0.0370454
2.00938	0.441641	0.0366655
2.01276	0.387036	0.0316534
2.01614	0.409038	0.0307504
2.01950	0.403982	0.0270374
2.02287	0.365104	0.0220694
2.02623	0.365966	0.0202731
2.02958	0.384996	0.0199620
2.03293	0.427966	0.0217687
2.03628	0.395054	0.0193239
2.03962	0.393325	0.0195819
2.04296	0.414403	0.0204277
2.04629	0.383519	0.0198551
2.04962	0.413494	0.0228811
2.05294	0.393535	0.0224756
2.05626	0.417026	0.0254690
2.05958	0.433345	0.0255384
2.06288	0.417385	0.0229755
2.06619	0.424225	0.0218966
2.06949	0.417094	0.0228493
2.07279	0.413556	0.0212242
2.07608	0.441987	0.0232688
2.07937	0.438241	0.0217488
2.08265	0.428467	0.0214485
2.08593	0.441657	0.0205169
2.08920	0.467582	0.0228724
2.09247	0.454300	0.0220249
2.09573	0.463176	0.0220167
2.09899	0.465711	0.0224740
2.10225	0.449900	0.0208960
2.10550	0.452470	0.0212144
2.10875	0.486240	0.0245111
2.11199	0.471891	0.0241163
2.11522	0.449951	0.0218590
2.11846	0.469556	0.0233615
2.12169	0.467504	0.0234236
2.12491	0.455717	0.0229164
2.12813	0.470166	0.0239551
2.13134	0.480742	0.0236592
2.13455	0.472597	0.0231142
2.13776	0.472815	0.0221534
2.14096	0.473209	0.0224819
2.14415	0.503339	0.0247274
2.14734	0.476547	0.0236724
2.15053	0.474302	0.0250358
2.15371	0.464150	0.0250752
2.15689	0.497912	0.0285234
2.16006	0.474319	0.0250008
2.16323	0.476003	0.0251239
2.16639	0.495809	0.0265920
2.16955	0.511838	0.0294067
2.17270	0.471630	0.0252078
2.17585	0.470887	0.0255644
2.17900	0.485666	0.0270291
2.18214	0.439568	0.0223225
2.18527	0.494437	0.0275794
2.18840	0.481480	0.0259494
2.19152	0.445284	0.0228249
2.19464	0.448676	0.0243371
2.19776	0.483666	0.0274601
2.20087	0.474983	0.0272557
2.20397	0.505797	0.0299969
2.20707	0.476602	0.0277659
2.21017	0.464769	0.0286445
2.21326	0.477270	0.0283126
2.21634	0.480939	0.0275064
2.21942	0.484313	0.0275708
2.22250	0.419704	0.0228738
2.22557	0.445770	0.0246799
2.22863	0.458652	0.0252264
2.23169	0.449463	0.0260263
2.23475	0.434786	0.0252674
2.23780	0.456305	0.0253667
2.24084	0.479431	0.0294748
2.24388	0.436837	0.0251658
2.24691	0.456528	0.0274239
2.24994	0.469509	0.0283647
2.25297	0.470037	0.0286303
2.25599	0.468065	0.0292356
2.25900	0.443687	0.0270046
2.26201	0.460566	0.0293261
2.26501	0.425238	0.0282087
2.26801	0.448840	0.0293429
2.27100	0.480883	0.0310933
2.27399	0.429282	0.0275108
2.27697	0.418105	0.0279940
2.27995	0.448646	0.0300689
2.28292	0.448886	0.0304641
2.28589	0.415140	0.0260236
2.28885	0.405778	0.0260978
2.29181	0.411350	0.0271188
2.29476	0.350926	0.0236606
2.29771	0.347355	0.0241490
2.30065	0.327730	0.0227648
2.30359	0.339253	0.0241189
2.30652	0.337882	0.0232153
2.30944	0.367380	0.0246927
2.31236	0.386590	0.0279970
2.31528	0.353933	0.0241974
2.31819	0.380885	0.0292889
2.32109	0.343662	0.0272233
2.32399	0.335041	0.0256737
2.32689	0.322108	0.0253107
2.32978	0.277234	0.0200889
2.33266	0.300316	0.0213755
2.33554	0.330037	0.0252240
2.33842	0.333544	0.0272951
2.34129	0.317350	0.0261631
2.34416	0.356340	0.0292150
2.34702	0.351890	0.0321385
2.34987	0.325420	0.0271676
2.35272	0.317759	0.0273359
2.35557	0.291822	0.0250137
2.35841	0.287844	0.0247712
2.36125	0.288096	0.0227571
2.36408	0.328915	0.0288899
2.36691	0.306069	0.0279531
2.36974	0.270705	0.0252610
2.37256	0.310522	0.0293546
2.37537	0.365769	0.0377127
2.37818	0.296686	0.0278695
2.38099	0.257075	0.0216227
2.38379	0.311601	0.0286740
2.38659	0.298072	0.0266011
2.38939	0.282872	0.0265807
2.39218	0.285092	0.0284487
2.39497	0.293886	0.0279504
2.39775	0.275337	0.0244330
2.40054	0.285311	0.0265831
2.40331	0.271525	0.0273504
2.40609	0.265745	0.0260363
2.40886	0.266355	0.0283074
2.41163	0.292916	0.0299239
2.41440	0.237174	0.0258942
2.41716	0.234702	0.0285377
2.41992	0.219086	0.0283309
2.42268	0.228493	0.0248038
2.42544	0.272509	0.0273134
2.42819	0.238706	0.0251713
2.43094	0.253202	0.0299852
2.43369	0.248875	0.0308781
2.43644	0.245370	0.0293407
2.43919	0.298104	0.0346638
2.44194	0.243605	0.0287345
2.44468	0.275766	0.0352903
2.44743	0.222967	0.0378898
2.45017	0.239238	0.0425166
2.45292	0.182861	0.0300994
2.45566	0.196594	0.0281621
2.45840	0.228011	0.0263427
2.46115	0.199989	0.0264971
2.46389	0.211619	0.0295956
2.46664	0.246648	0.0327847
2.46938	0.154857	0.0264023
2.47213	0.232037	0.0355565
2.47488	0.185338	0.0272794
2.47763	0.203988	0.0308717
2.48038	0.187945	0.0329669
2.48314	0.172932	0.0277553
2.48590	0.190572	0.0369004
2.48866	0.123510	0.0333958
2.49142	0.228782	0.0508169
2.49419	0.288113	0.0544897
2.49696	0.191848	0.0441118
2.49974	0.198715	0.0472171
2.50252	0.216518	0.0517371
2.50531	0.348720	0.133203
2.50810	0.298818	0.0747285
2.51090	0.106837	0.0427451
2.51370	0.210170	0.0587585
2.51651	0.0580516	0.0603141
2.51933	0.222462	0.0861248
2.52216	0.195897	0.0699207
2.52499	0.242996	0.0660575
2.52783	0.269450	0.108947
2.53068	0.178041	0.114936
2.53354	0.273820	0.143930
2.53641	0.226670	0.129169
2.53929	0.254762	0.172109
2.54218	0.00446851	0.121227
2.54508	0.215338	0.157720
2.54799	0.0408014	0.260574
2.55092	1.17429	1.61363
2.55386	-0.334375	0.480792
