#  ----------------------------------------------------------------------------------
# SpeX prism spectrum of 2MASSs J0850359+105716 (J08503593+1057156)
# Originally observed on 2008 Jan 08
# Average resolution = 120
# Originally published in Burgasser, Bardalez Gagliuffi & Gizis (2010) AJ, in press
#
# PLEASE CITE THE ORIGINAL DATA REFERENCE WHEN PUBLISHING OR PRESENTING THESE DATA
#
# Optical spectral type: L6
# J magnitude = 16.465
# H magnitude = 15.221
# Ks magnitude = 14.473
#
#  Wavelength (micron)   F_lambda (normalized)  Noise (normalized as F_lambda)
#  ----------------------------------------------------------------------------------
0.650620	0.634290	0.720330
0.652836	0.526983	0.707773
0.655042	-0.0992631	0.609730
0.657238	-0.738784	0.565600
0.659425	0.684573	0.511681
0.661604	-1.24185	0.518251
0.663776	-0.978430	0.504335
0.665942	0.686621	0.493068
0.668102	-0.876447	0.477048
0.670258	0.675625	0.542717
0.672411	-0.00211746	0.463644
0.674561	0.0828499	0.431104
0.676709	-0.630875	0.417280
0.678856	0.149830	0.416303
0.681003	-0.926624	0.398155
0.683150	-0.609320	0.427265
0.685299	0.0288967	0.372759
0.687449	-0.0790460	0.381043
0.689602	-0.803985	0.416556
0.691759	0.0929327	0.346784
0.693919	0.0397644	0.315945
0.696085	-0.154202	0.305226
0.698255	0.525126	0.282540
0.700432	0.112616	0.280731
0.702615	0.911263	0.254573
0.704805	0.0834848	0.249409
0.707003	0.156671	0.234572
0.709209	0.675272	0.226592
0.711424	-0.139102	0.217810
0.713649	-0.199698	0.226462
0.715883	0.0566359	0.197785
0.718127	-0.0917857	0.200671
0.720383	-0.101622	0.189800
0.722649	0.0608404	0.196094
0.724927	0.229038	0.179898
0.727218	0.729181	0.174420
0.729520	0.272012	0.164772
0.731836	0.0929342	0.166528
0.734165	0.459609	0.152544
0.736508	0.0913150	0.155825
0.738865	-0.0745829	0.145167
0.741236	0.199373	0.141476
0.743622	0.0225019	0.135205
0.746023	0.122850	0.140804
0.748440	-0.0978092	0.123432
0.750872	0.0112555	0.129128
0.753320	-0.0269796	0.128788
0.755784	0.223771	0.126927
0.758265	0.470666	0.125506
0.760763	-0.0565885	0.157858
0.763277	0.340708	0.157517
0.765809	-0.00626146	0.145823
0.768358	0.0406604	0.125997
0.770925	0.0156257	0.115698
0.773509	-0.155139	0.100478
0.776112	-0.0475023	0.105271
0.778733	-0.0219731	0.0951509
0.781372	0.207308	0.0963680
0.784029	-0.0914061	0.0913580
0.786706	0.243912	0.0917411
0.789401	0.120526	0.0900318
0.792115	0.0580321	0.0904691
0.794848	0.117508	0.0873141
0.797600	0.155924	0.0949488
0.800371	0.133300	0.0896471
0.803161	0.207446	0.0888427
0.805971	0.259098	0.0865967
0.808801	0.192421	0.0882828
0.811649	0.161612	0.0837640
0.814518	0.0747804	0.0848827
0.817406	0.156453	0.0822919
0.820313	0.136213	0.0790932
0.823241	0.262709	0.0750748
0.826188	0.135872	0.0781509
0.829154	0.142048	0.0760751
0.832141	0.184548	0.0730668
0.835147	0.184832	0.0707941
0.838173	0.186058	0.0767872
0.841218	0.186846	0.0721451
0.844283	-0.0469554	0.0753723
0.847368	0.188919	0.0691267
0.850473	0.148428	0.0672988
0.853597	0.147112	0.0606895
0.856740	0.198113	0.0600821
0.859904	0.249135	0.0575564
0.863086	0.311582	0.0586315
0.866288	0.0545153	0.0557037
0.869509	0.100154	0.0570025
0.872749	0.159214	0.0554792
0.876009	0.150544	0.0579226
0.879287	0.0931010	0.0595621
0.882585	0.142011	0.0556285
0.885901	0.163361	0.0543825
0.889236	0.260700	0.0548084
0.892590	0.247779	0.0534259
0.895963	0.120779	0.0543678
0.899354	0.224830	0.0506483
0.902763	0.242083	0.0494340
0.906190	0.280307	0.0512479
0.909636	0.211791	0.0528862
0.913099	0.304277	0.0497465
0.916580	0.341265	0.0514283
0.920079	0.368436	0.0472133
0.923596	0.266432	0.0472170
0.927130	0.279542	0.0461593
0.930681	0.374485	0.0482639
0.934249	0.282843	0.0493693
0.937834	0.394167	0.0504676
0.941436	0.241227	0.0493065
0.945055	0.404548	0.0491382
0.948690	0.448279	0.0460213
0.952341	0.412906	0.0452786
0.956008	0.324811	0.0415189
0.959692	0.365250	0.0406275
0.963391	0.470433	0.0411690
0.967106	0.405302	0.0416092
0.970836	0.333469	0.0408556
0.974582	0.435062	0.0401029
0.978342	0.523624	0.0378976
0.982118	0.424290	0.0386819
0.985908	0.481417	0.0372100
0.989713	0.384977	0.0383450
0.993532	0.442673	0.0376324
0.997365	0.449492	0.0377720
1.00121	0.538910	0.0440392
1.00507	0.372920	0.0349888
1.00895	0.349434	0.0336250
1.01283	0.445578	0.0344476
1.01674	0.452906	0.0346307
1.02065	0.418637	0.0351381
1.02458	0.470888	0.0358412
1.02851	0.498636	0.0356378
1.03247	0.452699	0.0354182
1.03643	0.577982	0.0351119
1.04040	0.540528	0.0337574
1.04439	0.554087	0.0343605
1.04839	0.478689	0.0315770
1.05240	0.498364	0.0293409
1.05642	0.577470	0.0272401
1.06045	0.617232	0.0264437
1.06450	0.584512	0.0262344
1.06855	0.589887	0.0286957
1.07261	0.564436	0.0287163
1.07668	0.657222	0.0305770
1.08077	0.652036	0.0311394
1.08486	0.679354	0.0307029
1.08896	0.592647	0.0312766
1.09307	0.643951	0.0297888
1.09719	0.641813	0.0294646
1.10132	0.640923	0.0285684
1.10546	0.547350	0.0266710
1.10961	0.558696	0.0253613
1.11376	0.542897	0.0237581
1.11792	0.594503	0.0235046
1.12209	0.576605	0.0239821
1.12627	0.573916	0.0261631
1.13046	0.594183	0.0278032
1.13465	0.594199	0.0281707
1.13885	0.540312	0.0292507
1.14305	0.551268	0.0287663
1.14726	0.650309	0.0283320
1.15148	0.638753	0.0293024
1.15571	0.652233	0.0273418
1.15994	0.677809	0.0271679
1.16417	0.637915	0.0249484
1.16841	0.622517	0.0230433
1.17266	0.626756	0.0211112
1.17691	0.581333	0.0201236
1.18117	0.567073	0.0192885
1.18543	0.667898	0.0188948
1.18969	0.729030	0.0185338
1.19396	0.714461	0.0203321
1.19824	0.727153	0.0249503
1.20252	0.707801	0.0223757
1.20680	0.753899	0.0239461
1.21108	0.729560	0.0236127
1.21537	0.781579	0.0232592
1.21966	0.775429	0.0238554
1.22396	0.808116	0.0230932
1.22826	0.784866	0.0237517
1.23256	0.848855	0.0225223
1.23686	0.807075	0.0213801
1.24116	0.778606	0.0199320
1.24547	0.829084	0.0193344
1.24978	0.817532	0.0187514
1.25409	0.847827	0.0190913
1.25840	0.874812	0.0204644
1.26271	0.913123	0.0237833
1.26703	0.946793	0.0270577
1.27134	0.909501	0.0294788
1.27566	0.967678	0.0301133
1.27998	0.973272	0.0268499
1.28429	0.916349	0.0256099
1.28861	0.930072	0.0242122
1.29293	0.950338	0.0229902
1.29725	0.933877	0.0230970
1.30157	0.925040	0.0220357
1.30588	0.908911	0.0224117
1.31020	0.921554	0.0222072
1.31452	0.966315	0.0214411
1.31883	0.966654	0.0209657
1.32315	0.942423	0.0186132
1.32746	0.811544	0.0182480
1.33178	0.719716	0.0170313
1.33609	0.562823	0.0181901
1.34040	0.484512	0.0151360
1.34471	0.463013	0.0163837
1.34901	0.458636	0.0187028
1.35332	0.469578	0.0209632
1.35762	0.424081	0.0261338
1.36192	0.453837	0.0291986
1.36622	0.516152	0.0325689
1.37052	0.437490	0.0313165
1.37481	0.464813	0.0299884
1.37910	0.490383	0.0302075
1.38339	0.529604	0.0305776
1.38768	0.482983	0.0296334
1.39196	0.465197	0.0278529
1.39624	0.462867	0.0279115
1.40052	0.427118	0.0294842
1.40479	0.459571	0.0311484
1.40906	0.427620	0.0322135
1.41332	0.296893	0.0323102
1.41759	0.403935	0.0303809
1.42185	0.396048	0.0270618
1.42610	0.426958	0.0234380
1.43035	0.425359	0.0230322
1.43460	0.445510	0.0239985
1.43884	0.418320	0.0237541
1.44308	0.410949	0.0228873
1.44731	0.456534	0.0246097
1.45155	0.498151	0.0263704
1.45577	0.490083	0.0291658
1.45999	0.511669	0.0282380
1.46421	0.515627	0.0272668
1.46842	0.488825	0.0258466
1.47263	0.460022	0.0250677
1.47683	0.523283	0.0259887
1.48102	0.507839	0.0256878
1.48522	0.490319	0.0273327
1.48940	0.564128	0.0258976
1.49359	0.580824	0.0230261
1.49776	0.562238	0.0221894
1.50193	0.569232	0.0283764
1.50610	0.598240	0.0308799
1.51026	0.596136	0.0305470
1.51441	0.636083	0.0264578
1.51856	0.701419	0.0238522
1.52271	0.638504	0.0262252
1.52684	0.678647	0.0281619
1.53098	0.676929	0.0301830
1.53510	0.695701	0.0276873
1.53922	0.721454	0.0279492
1.54334	0.719926	0.0240529
1.54745	0.777845	0.0239293
1.55155	0.788139	0.0234421
1.55565	0.808684	0.0233892
1.55974	0.847499	0.0250885
1.56382	0.839538	0.0252246
1.56790	0.871458	0.0232476
1.57197	0.882501	0.0212427
1.57604	0.879860	0.0202946
1.58010	0.866948	0.0278056
1.58415	0.981758	0.0344606
1.58820	0.892046	0.0289153
1.59224	0.902915	0.0242719
1.59628	0.910279	0.0200591
1.60031	0.901710	0.0237486
1.60433	0.968615	0.0261812
1.60834	0.936607	0.0286620
1.61235	0.937454	0.0277556
1.61636	0.968724	0.0266047
1.62035	0.956279	0.0265403
1.62434	0.932322	0.0231781
1.62833	0.963235	0.0242608
1.63230	0.901121	0.0216581
1.63627	0.969966	0.0212419
1.64024	0.968620	0.0223893
1.64420	0.976898	0.0236092
1.64815	0.983068	0.0231677
1.65209	0.961608	0.0223964
1.65603	0.978728	0.0199433
1.65996	1.02575	0.0167768
1.66388	0.988541	0.0202551
1.66780	0.976558	0.0260792
1.67171	1.01331	0.0271353
1.67562	1.02686	0.0257796
1.67952	0.967312	0.0196128
1.68341	0.997046	0.0178072
1.68729	1.00036	0.0214087
1.69117	0.989341	0.0232963
1.69505	1.03619	0.0244387
1.69891	0.956855	0.0251033
1.70277	0.934831	0.0234957
1.70662	0.951378	0.0234751
1.71047	0.921956	0.0217668
1.71431	0.935670	0.0205872
1.71814	0.890655	0.0201469
1.72197	0.867642	0.0188068
1.72579	0.830773	0.0183650
1.72960	0.846780	0.0188782
1.73341	0.821851	0.0189836
1.73721	0.817430	0.0196117
1.74100	0.797966	0.0235393
1.74479	0.754181	0.0201969
1.74857	0.739429	0.0181912
1.75235	0.685980	0.0160647
1.75612	0.685141	0.0143515
1.75988	0.671094	0.0178370
1.76364	0.626872	0.0230911
1.76739	0.629594	0.0242103
1.77113	0.645028	0.0232510
1.77487	0.641106	0.0178400
1.77860	0.614075	0.0152568
1.78233	0.579472	0.0172275
1.78604	0.547821	0.0202972
1.78976	0.567033	0.0202562
1.79346	0.558788	0.0212358
1.79716	0.590560	0.0216635
1.80086	0.550027	0.0224241
1.80455	0.558159	0.0239664
1.80823	0.566690	0.0235030
1.81191	0.557963	0.0231214
1.81558	0.530268	0.0227321
1.81924	0.530289	0.0220717
1.82290	0.545329	0.0224218
1.82655	0.524558	0.0237957
1.83020	0.513287	0.0238714
1.83384	0.538058	0.0243287
1.83748	0.594880	0.0259506
1.84111	0.545737	0.0301579
1.84473	0.476420	0.0316402
1.84835	0.532289	0.0330871
1.85196	0.497405	0.0334782
1.85557	0.489025	0.0309722
1.85917	0.452228	0.0273184
1.86276	0.450852	0.0235153
1.86635	0.462784	0.0243783
1.86994	0.501217	0.0361288
1.87352	0.480447	0.0457074
1.87709	0.531263	0.0405538
1.88066	0.453119	0.0306091
1.88422	0.536898	0.0206809
1.88778	0.518158	0.0201895
1.89133	0.527358	0.0195570
1.89488	0.555645	0.0204792
1.89842	0.546212	0.0219407
1.90195	0.569421	0.0292549
1.90549	0.591128	0.0264418
1.90901	0.589887	0.0259526
1.91253	0.614925	0.0226831
1.91605	0.622816	0.0235242
1.91956	0.615298	0.0253702
1.92306	0.629339	0.0265098
1.92656	0.582024	0.0247322
1.93005	0.577915	0.0230836
1.93354	0.549035	0.0190549
1.93703	0.482067	0.0184403
1.94051	0.485795	0.0174876
1.94398	0.495620	0.0162771
1.94745	0.531935	0.0158219
1.95091	0.514753	0.0175630
1.95437	0.481788	0.0200041
1.95783	0.472937	0.0215670
1.96128	0.480274	0.0215849
1.96472	0.497152	0.0207766
1.96816	0.498193	0.0202688
1.97160	0.518096	0.0197671
1.97503	0.459171	0.0189829
1.97845	0.521057	0.0168664
1.98187	0.510036	0.0155041
1.98529	0.490895	0.0132156
1.98870	0.485138	0.0126146
1.99211	0.503566	0.0125877
1.99551	0.508266	0.0163615
1.99891	0.510802	0.0243785
2.00230	0.548570	0.0323157
2.00569	0.475359	0.0364094
2.00907	0.583208	0.0300280
2.01245	0.548113	0.0248587
2.01582	0.558462	0.0238857
2.01919	0.532175	0.0212735
2.02256	0.578705	0.0205315
2.02592	0.574494	0.0198866
2.02927	0.547481	0.0190403
2.03262	0.566238	0.0182794
2.03597	0.612340	0.0172686
2.03931	0.547393	0.0186993
2.04265	0.605210	0.0181575
2.04598	0.584137	0.0183104
2.04931	0.572649	0.0166599
2.05263	0.563261	0.0202686
2.05595	0.641931	0.0216264
2.05927	0.610272	0.0206232
2.06258	0.638067	0.0182535
2.06588	0.653953	0.0158903
2.06918	0.643221	0.0171256
2.07248	0.670199	0.0174071
2.07577	0.676921	0.0164306
2.07906	0.633682	0.0149837
2.08234	0.649150	0.0137729
2.08562	0.674860	0.0141226
2.08890	0.662512	0.0145810
2.09217	0.682341	0.0143051
2.09543	0.672241	0.0136019
2.09869	0.673415	0.0129639
2.10195	0.676990	0.0131442
2.10520	0.690268	0.0140505
2.10844	0.680098	0.0151351
2.11169	0.695192	0.0150882
2.11492	0.701216	0.0154511
2.11816	0.712526	0.0150833
2.12139	0.713193	0.0156112
2.12461	0.704147	0.0153279
2.12783	0.685432	0.0149756
2.13104	0.708013	0.0147195
2.13425	0.713329	0.0138471
2.13746	0.720038	0.0136139
2.14066	0.721795	0.0130027
2.14386	0.716767	0.0129736
2.14705	0.706198	0.0151472
2.15024	0.693055	0.0176973
2.15342	0.682136	0.0184054
2.15659	0.704100	0.0178324
2.15977	0.709005	0.0154135
2.16294	0.718260	0.0141047
2.16610	0.706472	0.0140536
2.16926	0.712193	0.0142617
2.17241	0.713081	0.0143951
2.17556	0.699185	0.0148951
2.17870	0.684284	0.0162551
2.18184	0.703280	0.0167253
2.18498	0.719466	0.0170788
2.18811	0.714247	0.0157348
2.19123	0.705524	0.0159157
2.19435	0.709788	0.0171906
2.19747	0.711926	0.0177095
2.20058	0.698419	0.0177933
2.20368	0.702439	0.0169648
2.20678	0.700017	0.0164499
2.20988	0.674519	0.0172536
2.21297	0.715953	0.0200149
2.21606	0.692959	0.0173524
2.21914	0.666759	0.0169632
2.22221	0.713849	0.0160634
2.22528	0.661173	0.0163547
2.22835	0.686093	0.0171145
2.23141	0.660495	0.0175316
2.23446	0.670652	0.0175690
2.23751	0.673874	0.0171543
2.24056	0.664105	0.0163690
2.24360	0.680517	0.0165576
2.24663	0.650368	0.0166268
2.24966	0.662227	0.0173420
2.25269	0.654160	0.0175848
2.25571	0.633499	0.0172314
2.25872	0.698040	0.0174627
2.26173	0.666472	0.0172317
2.26473	0.625668	0.0174084
2.26773	0.658256	0.0176400
2.27073	0.666885	0.0177055
2.27371	0.631087	0.0180353
2.27670	0.649698	0.0181381
2.27968	0.632415	0.0180503
2.28265	0.635720	0.0179971
2.28562	0.618678	0.0179773
2.28858	0.669224	0.0180632
2.29154	0.657124	0.0184389
2.29449	0.556118	0.0185708
2.29743	0.548446	0.0189605
2.30038	0.522881	0.0197318
2.30331	0.569987	0.0192642
2.30624	0.561381	0.0193693
2.30917	0.574293	0.0188514
2.31209	0.547274	0.0186420
2.31501	0.512008	0.0191212
2.31792	0.511269	0.0201296
2.32082	0.547254	0.0207351
2.32372	0.526272	0.0201947
2.32662	0.500321	0.0199405
2.32951	0.474052	0.0197281
2.33240	0.514663	0.0199190
2.33528	0.552586	0.0203246
2.33815	0.518275	0.0206180
2.34102	0.478259	0.0209351
2.34389	0.526764	0.0218299
2.34675	0.543722	0.0220043
2.34961	0.524438	0.0227014
2.35246	0.497785	0.0230820
2.35531	0.490634	0.0230876
2.35815	0.459360	0.0227732
2.36099	0.541929	0.0223326
2.36382	0.509265	0.0225545
2.36665	0.488971	0.0235319
2.36947	0.475430	0.0272583
2.37229	0.432871	0.0309853
2.37511	0.501829	0.0288809
2.37792	0.530473	0.0255281
2.38073	0.518566	0.0242274
2.38353	0.512562	0.0244181
2.38633	0.477188	0.0243221
2.38913	0.493600	0.0248030
2.39192	0.527345	0.0248443
2.39471	0.493722	0.0247721
2.39750	0.529805	0.0245852
2.40028	0.482491	0.0247000
2.40306	0.520080	0.0248946
2.40583	0.466883	0.0250123
2.40860	0.474906	0.0253497
2.41137	0.530884	0.0259025
2.41414	0.442890	0.0268800
2.41690	0.505716	0.0281720
2.41966	0.489804	0.0284341
2.42242	0.476007	0.0275992
2.42518	0.446436	0.0266655
2.42793	0.505555	0.0260019
2.43069	0.457769	0.0273258
2.43344	0.474754	0.0298497
2.43619	0.512277	0.0326107
2.43894	0.435611	0.0300819
2.44168	0.447617	0.0287448
2.44443	0.476087	0.0305974
2.44717	0.425563	0.0343398
2.44992	0.406445	0.0369605
2.45266	0.410800	0.0364386
2.45540	0.417497	0.0329026
2.45815	0.403910	0.0307885
2.46089	0.429665	0.0313077
2.46364	0.450598	0.0323159
2.46638	0.402614	0.0327939
2.46913	0.421274	0.0354828
2.47188	0.363472	0.0367201
2.47462	0.369398	0.0372472
2.47738	0.443188	0.0368226
2.48013	0.437601	0.0377066
2.48288	0.396485	0.0422373
2.48564	0.340593	0.0463565
2.48840	0.303774	0.0464032
2.49117	0.386501	0.0483576
2.49393	0.406616	0.0480625
2.49671	0.420396	0.0461696
2.49948	0.368890	0.0439415
2.50226	0.462597	0.0447694
2.50505	0.358910	0.0489823
2.50784	0.378834	0.0531656
2.51064	0.382874	0.0549551
2.51344	0.455808	0.0626065
2.51625	0.345346	0.0721039
2.51907	0.510132	0.0740291
2.52189	0.358468	0.0725184
2.52473	0.261007	0.0704685
2.52757	0.433121	0.0812402
2.53042	0.440462	0.105409
2.53327	0.336669	0.131129
2.53614	0.375050	0.139762
2.53902	0.178794	0.127878
2.54191	0.413310	0.125765
2.54481	0.463586	0.147407
2.54772	0.277421	0.190248
2.55065	0.383175	0.233950
2.55358	-0.0463205	0.225965
2.55653	0.223862	0.191775
2.55950	0.358711	0.146529
