#  ----------------------------------------------------------------------------------
# SpeX prism spectrum of SDSS J104335.08+121314.1 (J10433508+1213149)
# Originally observed on 2006 May 31
# Average resolution = 120
# Originally published in Kirkpatrick et al. (2010) ApJS, 190, 100
#
# PLEASE CITE THE ORIGINAL DATA REFERENCE WHEN PUBLISHING OR PRESENTING THESE DATA
#
# Near infrared spectral type: L9
# J magnitude = 15.997
# H magnitude = 14.969
# Ks magnitude = 14.258
#
#  Wavelength (micron)   F_lambda (normalized)  Noise (normalized as F_lambda)
#  ----------------------------------------------------------------------------------
0.652482	11.2338	0.434598
0.654690	8.70214	0.323323
0.656887	7.96010	0.285394
0.659076	5.04858	0.249333
0.661256	5.01898	0.237299
0.663429	4.38083	0.240128
0.665595	4.87199	0.237596
0.667757	2.94624	0.218072
0.669913	3.48027	0.216947
0.672066	2.50403	0.198081
0.674217	3.84500	0.196063
0.676365	2.24380	0.186970
0.678512	2.37025	0.184715
0.680659	2.05503	0.174807
0.682806	2.12771	0.158075
0.684954	1.39213	0.151638
0.687105	1.48389	0.148731
0.689257	1.62450	0.133048
0.691413	1.68621	0.124762
0.693573	1.37779	0.104585
0.695738	1.21796	0.0977869
0.697907	0.896546	0.0898873
0.700083	0.734658	0.0798458
0.702265	0.613767	0.0695764
0.704454	0.557060	0.0677820
0.706651	0.750062	0.0565024
0.708856	0.369390	0.0472451
0.711069	0.379075	0.0395438
0.713292	0.417655	0.0346370
0.715524	0.180954	0.0303257
0.717767	0.187755	0.0240881
0.720021	0.232720	0.0176606
0.722285	0.174152	0.0133649
0.724562	0.0128955	0.00805207
0.726850	0.00780635	0.00294603
0.729151	0.0104386	0.00107929
0.731464	-0.0198991	0.00205273
0.733791	-0.0345430	0.00572346
0.736132	-0.0352235	0.00890104
0.738487	-0.0528670	0.0112201
0.740855	-0.0528431	0.0138801
0.743239	-0.0645137	0.0152099
0.745638	-0.0832229	0.0174329
0.748052	-9.63489e-05	0.0185431
0.750481	-0.0214349	0.0197292
0.752927	-0.0703827	0.0190804
0.755389	0.0122161	0.0204270
0.757867	-0.0763083	0.0177011
0.760362	-0.00330412	0.00630994
0.762873	0.000561147	0.0150984
0.765402	-0.0102795	0.0257272
0.767949	-0.0374318	0.0264664
0.770513	-0.0189427	0.0257026
0.773094	-0.0473669	0.0247008
0.775694	0.00692728	0.0257629
0.778312	-0.00406758	0.0242648
0.780948	-0.0917505	0.0237931
0.783603	-0.0295251	0.0228588
0.786276	-0.0529332	0.0223445
0.788968	-0.0179294	0.0195429
0.791679	-0.0435981	0.0182528
0.794409	-0.0163348	0.0163811
0.797158	0.0137358	0.0145904
0.799926	-0.0400709	0.0109112
0.802713	-0.00786998	0.00774310
0.805520	-0.0135795	0.00403674
0.808346	0.000572879	0.000215618
0.811192	0.0192642	0.00338851
0.814057	0.0152612	0.00744870
0.816942	0.00427079	0.0110474
0.819847	-0.0181756	0.0136943
0.822771	0.0129053	0.0170589
0.825715	0.0577358	0.0207953
0.828678	0.0919817	0.0226352
0.831661	0.0902469	0.0253270
0.834664	0.0495271	0.0270955
0.837687	0.197592	0.0294280
0.840729	0.126711	0.0306097
0.843791	0.138175	0.0322381
0.846873	0.0920727	0.0327342
0.849974	0.0581281	0.0342339
0.853095	0.198238	0.0319869
0.856236	0.193556	0.0334640
0.859396	0.223263	0.0331516
0.862575	0.238215	0.0351173
0.865774	0.167699	0.0345585
0.868992	0.169770	0.0354209
0.872229	0.164041	0.0341042
0.875486	0.155620	0.0353259
0.878761	0.196805	0.0362928
0.882056	0.244522	0.0370424
0.885369	0.294666	0.0355149
0.888701	0.288245	0.0384152
0.892052	0.301367	0.0349116
0.895422	0.239887	0.0354193
0.898809	0.270316	0.0335889
0.902216	0.189572	0.0334906
0.905640	0.271946	0.0313098
0.909083	0.296138	0.0314523
0.912543	0.292417	0.0306808
0.916022	0.331071	0.0306950
0.919518	0.363815	0.0293266
0.923031	0.346971	0.0291123
0.926563	0.352191	0.0306637
0.930111	0.346246	0.0338144
0.933676	0.304385	0.0362148
0.937259	0.433906	0.0369219
0.940858	0.353175	0.0362725
0.944474	0.353958	0.0357844
0.948107	0.400678	0.0338900
0.951755	0.447248	0.0321207
0.955420	0.457751	0.0292435
0.959101	0.389595	0.0277376
0.962798	0.427385	0.0267157
0.966510	0.478625	0.0263028
0.970238	0.483130	0.0257577
0.973981	0.475554	0.0262471
0.977739	0.465063	0.0245614
0.981512	0.530216	0.0247007
0.985300	0.462171	0.0249033
0.989103	0.485748	0.0249395
0.992919	0.540097	0.0250458
0.996750	0.490854	0.0256604
1.00059	0.556364	0.0264342
1.00445	0.496266	0.0236313
1.00833	0.593417	0.0230155
1.01221	0.670919	0.0233452
1.01611	0.597420	0.0234586
1.02002	0.499873	0.0237036
1.02395	0.524781	0.0245437
1.02788	0.607271	0.0233353
1.03183	0.628611	0.0235192
1.03579	0.611932	0.0241306
1.03977	0.673230	0.0227635
1.04375	0.632192	0.0225107
1.04775	0.696900	0.0213453
1.05176	0.688715	0.0193869
1.05578	0.650470	0.0178776
1.05981	0.684287	0.0169513
1.06385	0.722160	0.0167294
1.06790	0.747987	0.0181281
1.07196	0.728893	0.0193063
1.07603	0.684023	0.0205632
1.08011	0.744885	0.0215097
1.08420	0.743261	0.0213112
1.08831	0.816096	0.0220791
1.09242	0.674922	0.0210485
1.09653	0.706933	0.0204756
1.10066	0.665527	0.0201612
1.10480	0.686115	0.0189111
1.10894	0.661452	0.0176782
1.11310	0.614001	0.0169360
1.11726	0.630524	0.0171405
1.12143	0.642751	0.0177507
1.12560	0.684764	0.0193110
1.12978	0.659349	0.0210292
1.13398	0.654979	0.0208298
1.13817	0.635537	0.0222304
1.14238	0.612019	0.0220842
1.14659	0.690228	0.0216907
1.15081	0.676425	0.0219587
1.15503	0.685479	0.0203521
1.15926	0.666127	0.0200186
1.16349	0.654040	0.0186109
1.16773	0.687889	0.0165495
1.17198	0.695438	0.0149716
1.17623	0.675586	0.0136689
1.18049	0.695164	0.0127094
1.18475	0.762294	0.0123863
1.18901	0.756013	0.0123572
1.19328	0.828989	0.0139376
1.19755	0.799458	0.0160255
1.20183	0.800103	0.0165685
1.20611	0.861495	0.0179266
1.21040	0.896387	0.0178730
1.21468	0.868836	0.0174289
1.21898	0.918627	0.0195293
1.22327	0.897969	0.0173817
1.22757	0.904017	0.0174678
1.23187	0.921467	0.0170627
1.23617	0.936576	0.0157562
1.24047	0.931128	0.0143423
1.24478	0.919084	0.0136016
1.24909	0.923740	0.0127302
1.25340	0.954511	0.0131441
1.25771	0.966778	0.0146424
1.26202	1.00488	0.0180802
1.26634	1.01456	0.0217484
1.27065	1.01415	0.0243390
1.27497	1.05110	0.0262216
1.27929	1.00923	0.0223289
1.28360	0.957612	0.0204728
1.28792	0.994744	0.0189295
1.29224	1.00433	0.0177606
1.29656	0.957530	0.0180317
1.30087	1.00862	0.0171726
1.30519	0.983250	0.0173633
1.30951	0.970111	0.0175536
1.31383	1.00699	0.0163956
1.31814	0.999043	0.0151682
1.32246	0.981950	0.0141818
1.32677	0.919224	0.0134513
1.33109	0.802782	0.0124126
1.33540	0.662287	0.0117097
1.33971	0.506000	0.0112039
1.34402	0.462876	0.0117398
1.34832	0.409120	0.0139809
1.35263	0.467504	0.0176574
1.35693	0.358353	0.0261513
1.36123	0.488110	0.0368734
1.36553	0.479992	0.0455473
1.36983	0.354112	0.0401015
1.37412	0.461761	0.0343175
1.37842	0.461285	0.0339687
1.38270	0.462085	0.0327577
1.38699	0.525886	0.0324920
1.39127	0.477553	0.0311069
1.39555	0.459338	0.0309888
1.39983	0.491026	0.0338103
1.40410	0.512854	0.0339319
1.40838	0.397099	0.0334990
1.41264	0.404121	0.0314001
1.41690	0.380256	0.0282974
1.42116	0.393365	0.0235660
1.42542	0.402170	0.0199674
1.42967	0.390860	0.0188165
1.43392	0.429950	0.0198106
1.43816	0.432040	0.0186916
1.44240	0.445139	0.0175956
1.44664	0.447661	0.0191607
1.45087	0.438411	0.0206908
1.45509	0.416653	0.0221260
1.45932	0.488732	0.0216721
1.46353	0.564391	0.0205403
1.46775	0.527117	0.0203821
1.47195	0.566633	0.0187183
1.47616	0.581723	0.0195106
1.48035	0.586302	0.0198234
1.48455	0.626984	0.0210312
1.48873	0.531550	0.0197049
1.49292	0.607246	0.0173502
1.49709	0.620246	0.0158558
1.50127	0.641485	0.0206375
1.50543	0.700127	0.0228778
1.50959	0.680975	0.0225716
1.51375	0.722286	0.0201376
1.51790	0.699293	0.0168308
1.52204	0.736693	0.0188950
1.52618	0.776271	0.0209174
1.53032	0.767079	0.0225549
1.53444	0.834777	0.0205233
1.53856	0.811182	0.0207500
1.54268	0.798267	0.0182926
1.54679	0.868090	0.0173456
1.55089	0.901537	0.0182812
1.55499	0.897169	0.0167871
1.55908	0.867727	0.0182421
1.56317	0.898322	0.0185775
1.56725	0.927203	0.0179347
1.57132	0.924861	0.0163292
1.57539	0.949736	0.0153853
1.57945	0.941256	0.0216215
1.58351	0.950185	0.0232798
1.58755	0.922454	0.0230024
1.59160	1.00956	0.0195874
1.59563	0.999054	0.0152872
1.59966	1.05090	0.0181022
1.60369	0.981364	0.0205328
1.60770	0.979510	0.0220117
1.61171	0.967496	0.0214266
1.61572	0.971218	0.0198559
1.61971	0.968245	0.0204539
1.62371	0.981823	0.0180116
1.62769	0.955996	0.0181959
1.63167	1.01675	0.0169063
1.63564	0.962570	0.0156853
1.63960	0.969737	0.0162573
1.64356	0.973414	0.0169495
1.64751	0.942272	0.0175642
1.65146	0.996072	0.0174580
1.65540	1.00519	0.0155555
1.65933	0.989765	0.0128864
1.66326	1.02026	0.0147624
1.66718	0.979975	0.0207530
1.67109	0.979537	0.0218747
1.67499	0.952539	0.0209108
1.67889	0.974169	0.0173889
1.68279	0.952602	0.0125911
1.68667	0.968126	0.0161973
1.69055	0.949694	0.0185525
1.69443	0.959190	0.0195644
1.69829	0.958785	0.0203081
1.70215	0.951008	0.0185782
1.70601	0.923256	0.0185304
1.70985	0.907382	0.0177137
1.71369	0.916294	0.0161201
1.71753	0.880280	0.0159981
1.72136	0.845080	0.0150400
1.72518	0.877284	0.0144543
1.72899	0.834139	0.0147549
1.73280	0.826764	0.0148124
1.73660	0.826194	0.0153265
1.74040	0.767879	0.0164472
1.74419	0.752968	0.0163327
1.74797	0.734501	0.0150223
1.75175	0.712403	0.0132989
1.75552	0.702791	0.0111987
1.75928	0.655138	0.0133084
1.76304	0.650829	0.0188539
1.76679	0.634507	0.0204495
1.77053	0.600068	0.0201697
1.77427	0.572829	0.0158161
1.77800	0.562172	0.0116331
1.78173	0.540705	0.0134684
1.78545	0.551263	0.0171168
1.78916	0.503167	0.0180820
1.79287	0.490548	0.0182690
1.79657	0.511192	0.0201276
1.80027	0.494848	0.0211596
1.80396	0.507889	0.0234919
1.80764	0.459649	0.0237781
1.81132	0.477683	0.0230972
1.81499	0.541394	0.0239004
1.81866	0.542960	0.0235613
1.82232	0.521222	0.0222919
1.82597	0.544235	0.0264589
1.82962	0.608363	0.0294162
1.83326	0.527265	0.0353282
1.83690	0.532680	0.0404138
1.84053	0.455859	0.0441603
1.84415	0.490790	0.0487692
1.84777	0.468689	0.0451738
1.85138	0.480038	0.0471302
1.85499	0.398348	0.0457838
1.85859	0.497632	0.0389411
1.86219	0.456368	0.0323082
1.86578	0.297540	0.0349842
1.86937	0.570143	0.0506598
1.87295	0.409680	0.0725784
1.87652	0.436093	0.0524177
1.88009	0.390023	0.0348951
1.88365	0.438838	0.0235091
1.88721	0.472496	0.0230267
1.89076	0.435011	0.0221009
1.89431	0.487365	0.0241993
1.89785	0.547971	0.0280700
1.90139	0.565938	0.0333054
1.90492	0.504892	0.0361168
1.90845	0.525796	0.0347567
1.91197	0.520559	0.0293088
1.91548	0.524202	0.0276151
1.91899	0.531214	0.0276860
1.92250	0.567479	0.0287981
1.92600	0.515185	0.0282815
1.92949	0.492311	0.0255965
1.93298	0.495732	0.0211316
1.93647	0.484921	0.0187657
1.93995	0.429039	0.0170061
1.94342	0.395191	0.0158665
1.94690	0.429520	0.0153850
1.95036	0.431700	0.0173067
1.95382	0.479841	0.0190198
1.95728	0.403299	0.0201497
1.96073	0.444395	0.0197784
1.96417	0.400496	0.0181341
1.96761	0.405919	0.0175513
1.97105	0.399479	0.0169141
1.97448	0.430012	0.0164845
1.97791	0.404746	0.0147227
1.98133	0.429332	0.0133863
1.98474	0.446503	0.0108340
1.98816	0.445638	0.0100239
1.99156	0.482888	0.00990159
1.99497	0.474447	0.0129101
1.99836	0.544975	0.0211681
2.00176	0.552897	0.0300884
2.00515	0.581530	0.0346450
2.00853	0.511636	0.0276941
2.01191	0.535161	0.0208200
2.01528	0.497350	0.0192838
2.01865	0.491380	0.0169396
2.02202	0.515467	0.0163068
2.02538	0.525469	0.0168926
2.02874	0.504904	0.0159461
2.03209	0.531887	0.0156336
2.03543	0.536356	0.0142070
2.03878	0.577450	0.0160409
2.04212	0.578926	0.0155092
2.04545	0.592081	0.0156702
2.04878	0.588563	0.0140018
2.05210	0.584613	0.0162725
2.05542	0.598490	0.0183236
2.05874	0.588947	0.0173740
2.06205	0.615291	0.0153814
2.06535	0.624779	0.0117756
2.06866	0.620228	0.0132331
2.07195	0.623838	0.0138652
2.07525	0.626408	0.0129998
2.07853	0.617897	0.0118823
2.08182	0.634613	0.0102641
2.08510	0.638337	0.0108495
2.08837	0.646208	0.0114738
2.09164	0.638243	0.0110772
2.09491	0.633491	0.0101849
2.09817	0.671303	0.00944670
2.10143	0.653834	0.00948221
2.10468	0.665001	0.0105530
2.10793	0.636119	0.0116624
2.11117	0.642840	0.0119817
2.11441	0.645191	0.0122384
2.11764	0.670330	0.0118595
2.12087	0.672240	0.0122772
2.12409	0.661326	0.0123462
2.12731	0.659181	0.0116927
2.13053	0.665539	0.0114496
2.13374	0.667867	0.0102579
2.13695	0.653289	0.00992842
2.14015	0.682253	0.00934265
2.14335	0.663734	0.00908838
2.14654	0.656888	0.0110381
2.14973	0.662321	0.0142967
2.15291	0.650005	0.0155127
2.15609	0.637012	0.0153456
2.15926	0.636159	0.0124788
2.16243	0.650967	0.0106097
2.16559	0.663713	0.0102441
2.16875	0.668245	0.0106121
2.17191	0.652390	0.0105952
2.17506	0.633269	0.0110855
2.17820	0.609261	0.0128177
2.18134	0.639570	0.0131145
2.18448	0.605121	0.0134496
2.18761	0.613348	0.0123485
2.19073	0.603360	0.0117797
2.19385	0.605892	0.0135886
2.19697	0.581007	0.0138390
2.20008	0.605846	0.0139812
2.20319	0.576691	0.0129627
2.20629	0.554490	0.0118956
2.20938	0.559692	0.0128360
2.21248	0.566517	0.0133370
2.21556	0.558235	0.0128787
2.21864	0.568209	0.0121715
2.22172	0.551341	0.0108849
2.22479	0.559106	0.0112309
2.22786	0.544963	0.0118405
2.23092	0.567847	0.0129121
2.23397	0.522594	0.0126214
2.23703	0.511205	0.0122962
2.24007	0.541466	0.0111203
2.24311	0.558553	0.0109285
2.24615	0.540849	0.0111535
2.24918	0.556955	0.0117482
2.25220	0.528773	0.0122877
2.25522	0.523930	0.0118967
2.25824	0.528508	0.0116526
2.26125	0.546539	0.0114763
2.26425	0.486150	0.0115707
2.26725	0.517889	0.0119111
2.27025	0.495276	0.0120287
2.27324	0.519802	0.0123454
2.27622	0.499348	0.0122190
2.27920	0.514368	0.0120417
2.28217	0.506756	0.0118357
2.28514	0.498003	0.0117352
2.28810	0.491445	0.0119541
2.29106	0.481418	0.0121426
2.29402	0.456107	0.0125157
2.29696	0.423151	0.0127828
2.29991	0.375294	0.0129560
2.30284	0.396921	0.0128490
2.30578	0.401012	0.0129554
2.30870	0.413050	0.0123986
2.31162	0.380102	0.0120350
2.31454	0.389910	0.0124828
2.31745	0.398480	0.0133403
2.32036	0.372172	0.0138541
2.32326	0.371306	0.0139508
2.32616	0.347192	0.0132154
2.32905	0.357089	0.0129892
2.33193	0.359555	0.0130438
2.33482	0.332238	0.0132809
2.33769	0.346435	0.0137432
2.34056	0.366814	0.0142595
2.34343	0.363110	0.0145937
2.34629	0.378639	0.0151231
2.34915	0.410576	0.0158916
2.35200	0.364475	0.0163013
2.35485	0.364438	0.0165344
2.35769	0.371991	0.0161595
2.36053	0.356685	0.0151024
2.36337	0.383787	0.0148544
2.36620	0.376074	0.0154346
2.36902	0.367310	0.0176227
2.37184	0.372613	0.0185517
2.37466	0.361495	0.0188281
2.37747	0.360945	0.0178236
2.38028	0.408635	0.0178474
2.38309	0.402238	0.0187058
2.38589	0.384320	0.0194894
2.38868	0.371347	0.0214186
2.39148	0.369890	0.0199377
2.39426	0.380690	0.0188755
2.39705	0.385859	0.0181429
2.39983	0.409802	0.0176472
2.40261	0.367225	0.0182562
2.40539	0.358753	0.0191305
2.40816	0.382543	0.0199115
2.41093	0.338318	0.0219809
2.41370	0.364129	0.0221074
2.41646	0.366667	0.0243889
2.41922	0.352554	0.0243104
2.42198	0.372701	0.0226812
2.42474	0.349772	0.0203534
2.42749	0.351197	0.0188731
2.43025	0.346391	0.0200190
2.43300	0.361337	0.0245726
2.43575	0.362134	0.0265021
2.43850	0.353487	0.0248552
2.44124	0.325465	0.0223219
2.44399	0.352982	0.0241750
2.44673	0.339039	0.0290603
2.44948	0.342598	0.0325477
2.45222	0.331551	0.0305128
2.45496	0.304448	0.0260746
2.45771	0.295402	0.0237644
2.46045	0.345713	0.0240230
2.46320	0.314064	0.0257537
2.46594	0.328186	0.0268309
2.46869	0.332996	0.0299403
2.47144	0.0791191	0.0261811
2.47418	0.355194	0.0353193
2.47693	0.221628	0.0346985
2.47969	0.264240	0.0350025
2.48244	0.322585	0.0413400
2.48520	0.229364	0.0478962
2.48796	0.277567	0.0500440
2.49072	0.205800	0.0531782
2.49349	0.176853	0.0535829
2.49626	0.234673	0.0479184
2.49904	0.278961	0.0426588
2.50182	0.272983	0.0439281
2.50460	0.309339	0.0502818
2.50739	0.312376	0.0559494
2.51019	0.319518	0.0608682
2.51299	0.141315	0.0749281
2.51580	0.319815	0.0969627
2.51862	0.384776	0.0977117
2.52144	0.232042	0.0882801
2.52427	0.220938	0.0873043
2.52711	0.347000	0.106960
2.52996	-0.00989818	0.159128
2.53282	0.0420528	0.217243
2.53568	0.425393	0.262658
2.53856	0.151675	0.239279
2.54145	0.467938	0.220112
2.54435	-0.118496	0.278112
2.54726	0.200380	0.400037
2.55018	0.445514	0.615379
2.55311	-0.726667	0.636484
2.55606	0.708976	0.434876
2.55902	0.299489	0.251711
2.56200	0.373747	0.236367
2.56499	0.402849	0.367909
