#  ----------------------------------------------------------------------------------
# SpeX prism spectrum of SDSSp J010752.33+004156.1 (J01075242+0041563)
# Originally observed on 2007 Sep 16
# Average resolution = 120
# Originally published in Burgasser et al. (2010) ApJ, 710, 1142-1169
#
# PLEASE CITE THE ORIGINAL DATA REFERENCE WHEN PUBLISHING OR PRESENTING THESE DATA
#
# Optical spectral type: L8
# Near infrared spectral type: L5.5
# J magnitude = 15.824
# H magnitude = 14.512
# Ks magnitude = 13.709
#
#  Wavelength (micron)   F_lambda (normalized)  Noise (normalized as F_lambda)
#  ----------------------------------------------------------------------------------
0.648039	-0.124690	0.248861
0.650270	0.113823	0.228307
0.652489	0.325708	0.217209
0.654697	0.546831	0.213326
0.656894	0.290251	0.197425
0.659082	0.765382	0.193708
0.661263	0.406742	0.177607
0.663435	-0.378688	0.175655
0.665602	0.0546128	0.169045
0.667763	-0.419697	0.164884
0.669920	-0.409134	0.163962
0.672073	0.359993	0.158194
0.674223	-0.0124053	0.162676
0.676372	0.349470	0.147711
0.678519	-0.292867	0.143137
0.680666	-0.521804	0.143158
0.682813	0.532911	0.131342
0.684961	-0.0759556	0.133737
0.687111	-0.143199	0.126171
0.689264	0.110216	0.125780
0.691420	0.511362	0.118921
0.693580	0.105434	0.119412
0.695744	0.0214637	0.109484
0.697914	0.164887	0.111563
0.700090	0.529113	0.0966199
0.702272	0.0510613	0.0968134
0.704461	0.280860	0.0911010
0.706657	0.547024	0.0870601
0.708862	0.348786	0.0845492
0.711076	0.469537	0.0821405
0.713299	0.666854	0.0773275
0.715531	0.333643	0.0804628
0.717774	0.113792	0.0760606
0.720028	0.137028	0.0768578
0.722292	0.318591	0.0724048
0.724569	0.311359	0.0726310
0.726857	0.0518583	0.0686137
0.729158	0.143313	0.0702340
0.731472	-0.0519268	0.0661505
0.733799	0.137736	0.0639075
0.736139	0.0671450	0.0595730
0.738494	-0.0498254	0.0604058
0.740863	-0.0408750	0.0572434
0.743246	-0.285922	0.0554459
0.745645	-0.0663575	0.0503670
0.748059	-0.246203	0.0516223
0.750489	-0.0490487	0.0479924
0.752934	-0.0992012	0.0497543
0.755396	-0.00248283	0.0483409
0.757874	-0.0902215	0.0562419
0.760369	-0.0937359	0.0564682
0.762881	-0.0828929	0.0564721
0.765410	-0.0683640	0.0542383
0.767956	-0.116649	0.0533704
0.770521	-0.0708956	0.0481252
0.773102	-0.0360533	0.0458542
0.775702	-0.124095	0.0402237
0.778320	-0.0761333	0.0416044
0.780956	-0.180759	0.0384377
0.783611	0.0791279	0.0389012
0.786284	0.0602279	0.0379472
0.788976	-0.100903	0.0397083
0.791687	-0.0306434	0.0377421
0.794417	0.0332154	0.0397412
0.797166	0.00335064	0.0372563
0.799934	0.116572	0.0374007
0.802722	0.00987033	0.0366381
0.805529	0.0339621	0.0357193
0.808355	-0.0849199	0.0341948
0.811201	0.104355	0.0345522
0.814066	0.121666	0.0334600
0.816951	0.0463825	0.0335927
0.819855	0.133256	0.0324960
0.822780	0.118811	0.0333410
0.825724	0.125122	0.0320647
0.828687	0.102272	0.0319635
0.831670	0.0508965	0.0319541
0.834674	0.172873	0.0317526
0.837696	0.158480	0.0309242
0.840739	0.00648660	0.0317982
0.843801	0.107731	0.0294414
0.846883	0.0797379	0.0286928
0.849984	0.170785	0.0270750
0.853105	0.123277	0.0275030
0.856245	0.0951929	0.0262677
0.859405	0.148664	0.0264702
0.862585	0.194826	0.0251503
0.865784	0.104683	0.0255351
0.869002	0.213315	0.0251385
0.872239	0.121274	0.0257967
0.875496	0.126811	0.0255068
0.878771	0.242993	0.0257213
0.882066	0.151504	0.0250548
0.885379	0.174492	0.0256469
0.888711	0.243825	0.0256121
0.892062	0.232931	0.0260760
0.895432	0.251095	0.0241287
0.898820	0.226105	0.0238823
0.902226	0.199386	0.0239194
0.905651	0.274734	0.0237936
0.909093	0.138067	0.0228496
0.912554	0.242554	0.0224495
0.916032	0.275226	0.0218214
0.919528	0.131171	0.0221393
0.923042	0.235609	0.0222170
0.926573	0.234061	0.0228916
0.930122	0.139800	0.0243555
0.933687	0.162047	0.0250828
0.937270	0.299931	0.0255411
0.940869	0.169517	0.0265541
0.944485	0.371451	0.0254848
0.948118	0.292641	0.0247179
0.951766	0.278816	0.0230042
0.955431	0.244500	0.0224719
0.959112	0.328623	0.0218264
0.962809	0.415816	0.0213433
0.966522	0.277606	0.0198242
0.970249	0.292085	0.0196521
0.973993	0.311025	0.0190965
0.977751	0.317697	0.0191806
0.981524	0.414131	0.0186179
0.985312	0.322148	0.0187544
0.989114	0.339286	0.0190590
0.992931	0.409121	0.0195409
0.996762	0.455287	0.0191504
1.00061	0.384059	0.0189829
1.00447	0.358747	0.0187870
1.00834	0.348244	0.0191970
1.01222	0.361546	0.0192408
1.01612	0.567589	0.0186951
1.02003	0.433663	0.0193672
1.02396	0.458904	0.0193095
1.02789	0.462447	0.0188857
1.03184	0.421117	0.0190641
1.03581	0.475127	0.0192841
1.03978	0.439939	0.0182366
1.04376	0.428447	0.0171471
1.04776	0.472153	0.0162713
1.05177	0.569857	0.0152551
1.05579	0.483996	0.0141081
1.05982	0.507042	0.0136893
1.06386	0.538647	0.0142832
1.06791	0.473823	0.0145885
1.07197	0.501088	0.0153070
1.07604	0.523891	0.0162921
1.08013	0.483514	0.0168139
1.08422	0.505976	0.0172981
1.08832	0.496007	0.0169112
1.09243	0.545404	0.0171389
1.09655	0.506109	0.0168689
1.10067	0.560141	0.0158698
1.10481	0.503877	0.0158443
1.10896	0.506151	0.0150502
1.11311	0.509089	0.0138126
1.11727	0.540859	0.0132764
1.12144	0.520678	0.0141169
1.12561	0.499145	0.0155103
1.12980	0.505300	0.0157111
1.13399	0.560614	0.0173730
1.13819	0.415522	0.0176677
1.14239	0.557772	0.0178489
1.14660	0.559224	0.0175946
1.15082	0.501608	0.0176469
1.15504	0.518647	0.0172107
1.15927	0.560942	0.0159014
1.16351	0.521472	0.0150962
1.16775	0.531990	0.0151759
1.17199	0.410714	0.0130321
1.17624	0.477864	0.0117702
1.18050	0.608436	0.0107863
1.18476	0.573572	0.0105470
1.18902	0.596275	0.0114365
1.19329	0.617124	0.0125263
1.19757	0.651108	0.0128201
1.20184	0.632886	0.0139958
1.20613	0.590744	0.0147546
1.21041	0.606024	0.0150697
1.21470	0.676093	0.0151286
1.21899	0.717013	0.0152341
1.22328	0.709333	0.0153420
1.22758	0.661070	0.0145479
1.23188	0.684148	0.0141231
1.23618	0.734375	0.0136308
1.24049	0.742235	0.0127773
1.24479	0.735728	0.0121753
1.24910	0.707856	0.0116977
1.25341	0.733137	0.0122593
1.25772	0.789762	0.0137020
1.26204	0.807708	0.0161842
1.26635	0.801700	0.0182170
1.27067	0.841020	0.0198509
1.27498	0.778257	0.0196147
1.27930	0.830567	0.0197852
1.28362	0.824011	0.0187333
1.28793	0.870122	0.0174735
1.29225	0.776917	0.0161056
1.29657	0.807418	0.0156216
1.30089	0.862372	0.0156390
1.30521	0.851623	0.0151237
1.30952	0.745309	0.0143465
1.31384	0.821074	0.0146063
1.31816	0.783484	0.0135915
1.32247	0.749275	0.0127162
1.32679	0.804503	0.0115048
1.33110	0.680084	0.0108702
1.33541	0.657156	0.0104009
1.33972	0.567794	0.00968782
1.34403	0.496056	0.0102724
1.34834	0.506295	0.0105859
1.35264	0.494682	0.0126881
1.35695	0.453725	0.0162523
1.36125	0.432760	0.0200173
1.36555	0.427883	0.0235577
1.36984	0.467313	0.0254863
1.37414	0.410452	0.0270731
1.37843	0.484226	0.0261935
1.38272	0.586794	0.0240159
1.38700	0.485466	0.0234883
1.39129	0.575764	0.0253605
1.39557	0.506136	0.0260045
1.39984	0.520583	0.0256799
1.40412	0.449743	0.0261327
1.40839	0.516121	0.0264920
1.41265	0.409444	0.0242856
1.41692	0.384772	0.0213740
1.42118	0.383742	0.0193926
1.42543	0.458645	0.0183350
1.42968	0.355761	0.0166501
1.43393	0.450811	0.0147088
1.43818	0.439811	0.0142027
1.44242	0.390449	0.0154009
1.44665	0.500927	0.0158806
1.45088	0.555985	0.0161715
1.45511	0.557954	0.0160095
1.45933	0.497763	0.0165796
1.46355	0.593383	0.0166400
1.46776	0.542073	0.0163282
1.47197	0.565516	0.0166460
1.47617	0.520426	0.0163935
1.48037	0.569085	0.0170030
1.48456	0.570974	0.0163927
1.48875	0.622410	0.0151635
1.49293	0.536837	0.0148561
1.49711	0.634470	0.0168484
1.50128	0.667054	0.0170990
1.50544	0.618415	0.0160387
1.50961	0.672049	0.0159555
1.51376	0.731686	0.0169292
1.51791	0.664883	0.0175145
1.52206	0.701476	0.0154937
1.52619	0.704369	0.0161176
1.53033	0.703988	0.0165775
1.53446	0.734332	0.0173521
1.53858	0.648831	0.0165544
1.54269	0.810742	0.0160892
1.54680	0.807056	0.0157183
1.55091	0.770025	0.0154166
1.55500	0.843849	0.0156153
1.55910	0.832811	0.0155860
1.56318	0.868823	0.0154129
1.56726	0.779958	0.0146148
1.57133	0.830150	0.0143019
1.57540	0.864867	0.0169125
1.57946	0.828343	0.0169339
1.58352	0.886638	0.0165603
1.58757	0.879285	0.0160502
1.59161	0.946080	0.0168922
1.59564	0.897698	0.0172414
1.59967	0.959445	0.0153993
1.60370	0.955532	0.0160361
1.60771	0.874803	0.0169942
1.61172	0.911068	0.0173245
1.61573	0.921984	0.0184343
1.61973	1.00159	0.0165713
1.62372	0.940650	0.0163348
1.62770	0.924802	0.0154914
1.63168	1.00006	0.0154393
1.63565	1.01882	0.0150792
1.63962	0.939905	0.0149880
1.64357	0.970737	0.0153564
1.64753	0.941452	0.0153025
1.65147	1.01080	0.0143376
1.65541	1.02454	0.0143533
1.65934	0.990073	0.0151306
1.66327	0.983056	0.0161893
1.66719	1.00949	0.0158912
1.67110	0.996104	0.0156741
1.67501	1.03724	0.0157348
1.67891	0.992719	0.0163483
1.68280	0.992318	0.0157278
1.68669	1.01490	0.0141622
1.69056	0.948757	0.0147393
1.69444	0.994365	0.0164013
1.69830	0.983145	0.0165544
1.70216	0.999614	0.0168734
1.70602	0.959432	0.0164265
1.70987	0.911916	0.0158269
1.71371	0.957268	0.0147657
1.71754	0.929110	0.0145724
1.72137	0.934360	0.0144010
1.72519	0.938599	0.0138114
1.72900	0.867103	0.0136545
1.73281	0.873615	0.0144293
1.73661	0.886122	0.0145778
1.74041	0.853484	0.0143519
1.74420	0.829797	0.0143106
1.74798	0.802615	0.0136971
1.75176	0.865248	0.0122802
1.75553	0.853299	0.0128631
1.75929	0.758879	0.0148336
1.76305	0.699411	0.0151764
1.76680	0.760086	0.0149629
1.77054	0.732715	0.0152323
1.77428	0.707984	0.0153963
1.77801	0.668993	0.0149274
1.78174	0.627334	0.0132431
1.78546	0.626686	0.0129986
1.78917	0.628562	0.0138461
1.79288	0.667929	0.0161611
1.79658	0.599015	0.0170567
1.80028	0.612522	0.0171971
1.80397	0.607955	0.0181815
1.80765	0.654932	0.0199882
1.81133	0.624069	0.0194117
1.81500	0.595563	0.0185368
1.81867	0.629423	0.0212253
1.82233	0.720309	0.0247976
1.82598	0.615034	0.0238388
1.82963	0.626563	0.0267412
1.83327	0.612029	0.0273482
1.83691	0.653355	0.0280111
1.84054	0.677661	0.0302048
1.84416	0.534345	0.0331203
1.84778	0.488934	0.0343531
1.85139	0.580907	0.0338987
1.85500	0.528791	0.0321664
1.85860	0.622661	0.0289082
1.86220	0.460681	0.0281557
1.86579	0.424416	0.0306826
1.86938	0.530879	0.0340494
1.87296	0.565676	0.0342343
1.87653	0.473846	0.0326269
1.88010	0.574899	0.0284404
1.88366	0.550784	0.0237856
1.88722	0.568951	0.0192596
1.89077	0.645631	0.0178514
1.89432	0.588069	0.0186455
1.89786	0.578074	0.0207691
1.90140	0.585952	0.0226015
1.90493	0.613051	0.0236863
1.90846	0.669448	0.0246172
1.91198	0.624087	0.0243832
1.91549	0.587398	0.0243082
1.91900	0.556311	0.0246935
1.92251	0.595051	0.0230565
1.92601	0.663570	0.0218586
1.92951	0.635044	0.0207100
1.93300	0.529619	0.0190355
1.93648	0.634442	0.0159552
1.93996	0.582057	0.0136991
1.94344	0.619376	0.0135225
1.94691	0.573932	0.0133674
1.95037	0.588857	0.0139429
1.95383	0.543149	0.0144219
1.95729	0.522440	0.0156088
1.96074	0.565696	0.0163848
1.96418	0.526731	0.0161250
1.96762	0.563379	0.0156569
1.97106	0.612786	0.0154257
1.97449	0.549701	0.0139434
1.97792	0.602510	0.0129833
1.98134	0.567575	0.0116925
1.98475	0.590203	0.0109024
1.98817	0.571377	0.00964216
1.99157	0.590544	0.0103210
1.99498	0.586439	0.0132862
1.99837	0.537869	0.0155003
2.00177	0.605733	0.0176259
2.00516	0.608077	0.0199484
2.00854	0.560917	0.0213144
2.01192	0.667699	0.0190711
2.01529	0.627921	0.0149211
2.01866	0.603981	0.0145219
2.02203	0.635333	0.0149325
2.02539	0.642824	0.0143031
2.02875	0.621898	0.0135119
2.03210	0.628758	0.0134366
2.03544	0.636988	0.0142129
2.03879	0.689781	0.0132699
2.04213	0.712973	0.0127738
2.04546	0.708000	0.0129438
2.04879	0.755646	0.0145982
2.05211	0.706273	0.0145340
2.05543	0.727004	0.0134847
2.05875	0.715415	0.0136465
2.06206	0.711686	0.0131610
2.06536	0.722928	0.0135180
2.06867	0.743404	0.0118413
2.07196	0.748974	0.0112334
2.07526	0.800502	0.0111380
2.07854	0.763202	0.0111504
2.08183	0.717047	0.0108597
2.08511	0.737794	0.0102783
2.08838	0.772125	0.00998837
2.09165	0.794507	0.00993605
2.09492	0.796776	0.00991163
2.09818	0.750521	0.00974222
2.10144	0.776425	0.00985817
2.10469	0.775148	0.0102706
2.10794	0.797406	0.0105789
2.11118	0.795924	0.0112716
2.11442	0.796971	0.0113845
2.11765	0.816911	0.0116685
2.12088	0.795593	0.0114961
2.12410	0.799497	0.0111337
2.12732	0.777387	0.0111048
2.13054	0.830277	0.0107690
2.13375	0.763874	0.0103471
2.13696	0.792309	0.00968702
2.14016	0.798137	0.00943042
2.14336	0.807287	0.0102939
2.14655	0.774978	0.0116356
2.14974	0.793405	0.0122746
2.15292	0.729041	0.0124727
2.15610	0.816065	0.0125448
2.15927	0.739578	0.0123409
2.16244	0.755509	0.0112907
2.16560	0.803742	0.0103700
2.16876	0.805882	0.0101765
2.17192	0.772641	0.0103837
2.17507	0.817284	0.0113028
2.17821	0.781732	0.0115295
2.18135	0.828596	0.0119330
2.18449	0.758898	0.0118926
2.18762	0.828939	0.0123410
2.19074	0.769094	0.0126198
2.19386	0.767034	0.0124432
2.19698	0.787864	0.0125105
2.20009	0.732989	0.0126433
2.20320	0.770077	0.0127562
2.20630	0.751020	0.0127686
2.20939	0.763209	0.0124763
2.21249	0.763899	0.0124623
2.21557	0.777616	0.0121984
2.21865	0.747270	0.0120698
2.22173	0.760881	0.0121023
2.22480	0.747600	0.0116801
2.22787	0.700602	0.0119990
2.23093	0.790828	0.0124323
2.23398	0.780353	0.0122190
2.23703	0.733163	0.0121569
2.24008	0.711154	0.0120591
2.24312	0.718014	0.0118894
2.24616	0.721446	0.0116737
2.24919	0.713314	0.0118703
2.25221	0.764326	0.0119905
2.25523	0.735033	0.0120265
2.25825	0.721534	0.0119525
2.26126	0.725136	0.0120160
2.26426	0.722292	0.0119363
2.26726	0.702546	0.0120773
2.27026	0.687684	0.0122567
2.27325	0.709016	0.0123615
2.27623	0.699969	0.0124266
2.27921	0.731636	0.0124900
2.28218	0.713515	0.0123535
2.28515	0.712478	0.0123433
2.28811	0.691492	0.0123029
2.29107	0.700351	0.0125647
2.29402	0.674081	0.0128716
2.29697	0.661271	0.0132520
2.29991	0.576262	0.0130266
2.30285	0.568253	0.0131155
2.30578	0.539735	0.0130329
2.30871	0.571617	0.0129928
2.31163	0.567469	0.0129580
2.31455	0.612883	0.0133193
2.31746	0.585636	0.0134382
2.32037	0.564595	0.0136406
2.32327	0.537455	0.0138301
2.32617	0.593415	0.0139586
2.32906	0.516736	0.0137046
2.33194	0.566846	0.0138194
2.33483	0.559542	0.0138643
2.33770	0.530662	0.0140685
2.34057	0.550171	0.0142809
2.34344	0.501055	0.0146436
2.34630	0.551618	0.0152361
2.34916	0.514172	0.0159124
2.35201	0.567663	0.0157587
2.35486	0.604407	0.0159767
2.35770	0.490158	0.0157946
2.36054	0.593143	0.0158458
2.36338	0.533127	0.0160855
2.36621	0.608166	0.0162936
2.36903	0.566473	0.0166927
2.37185	0.564545	0.0173282
2.37467	0.535967	0.0176594
2.37748	0.518182	0.0180692
2.38029	0.546461	0.0186491
2.38309	0.616785	0.0197519
2.38589	0.572722	0.0216349
2.38869	0.543034	0.0205674
2.39148	0.567161	0.0199085
2.39427	0.512199	0.0186258
2.39706	0.558171	0.0183226
2.39984	0.619782	0.0186591
2.40262	0.511859	0.0187414
2.40540	0.557352	0.0193398
2.40817	0.577348	0.0197940
2.41094	0.553782	0.0210556
2.41371	0.531872	0.0220701
2.41647	0.547585	0.0226206
2.41923	0.508605	0.0227520
2.42199	0.455676	0.0225140
2.42475	0.436645	0.0215710
2.42750	0.512523	0.0215062
2.43026	0.567605	0.0227585
2.43301	0.498724	0.0233444
2.43576	0.500456	0.0235850
2.43850	0.463533	0.0246278
2.44125	0.460835	0.0259349
2.44400	0.503579	0.0265984
2.44674	0.540520	0.0268399
2.44949	0.469169	0.0285162
2.45223	0.541193	0.0282873
2.45497	0.521173	0.0273817
2.45772	0.453369	0.0269040
2.46046	0.429333	0.0265071
2.46321	0.205179	0.0192021
2.46595	0.492208	0.0295160
2.46870	0.376887	0.0310161
2.47144	0.438065	0.0310687
2.47419	0.444739	0.0325989
2.47694	0.401989	0.0352213
2.47970	0.363769	0.0384711
2.48245	0.511840	0.0395784
2.48521	0.275361	0.0427415
2.48797	0.154449	0.0476164
2.49073	0.397207	0.0497409
2.49350	0.344072	0.0487957
2.49627	0.508813	0.0471611
2.49905	0.561541	0.0478958
2.50183	0.606665	0.0485072
2.50461	0.458180	0.0492164
2.50740	0.506705	0.0537294
2.51020	0.344940	0.0632923
2.51300	0.418897	0.0727768
2.51581	0.511128	0.0784654
2.51863	0.359712	0.0853457
2.52145	0.251323	0.0914996
2.52428	0.470934	0.0995750
2.52712	0.305954	0.109388
2.52997	0.319354	0.128886
2.53282	0.204536	0.166420
2.53569	0.353141	0.190990
2.53857	-0.211539	0.215253
2.54146	0.191083	0.239630
2.54435	0.789054	0.264407
2.54726	0.304461	0.309754
2.55019	0.197175	0.377218
2.55312	0.648755	0.422989
2.55607	1.20015	0.378112
