#  ----------------------------------------------------------------------------------
# SpeX prism spectrum of 2MASSW J1507476-162738 (J15074769-1627386)
# Originally observed on 2003 Aug 12
# Average resolution = 75
# Originally published in Burgasser (2007) ApJ, 659, 655
#
# PLEASE CITE THE ORIGINAL DATA REFERENCE WHEN PUBLISHING OR PRESENTING THESE DATA
#
# Optical spectral type: L5
# Near infrared spectral type: L5.5
# J magnitude = 12.83
# H magnitude = 11.895
# Ks magnitude = 11.312
#
#  Wavelength (micron)   F_lambda (normalized)  Noise (normalized as F_lambda)
#  ----------------------------------------------------------------------------------
0.656824	0.107867	0.0808019
0.659012	0.206089	0.0951567
0.661193	0.147763	0.0633782
0.663366	0.199178	0.0433923
0.665532	0.0540833	0.0479180
0.667694	-0.0409795	0.0678200
0.669851	0.117560	0.0575326
0.672004	0.190095	0.0697749
0.674154	0.158832	0.0688524
0.676303	-0.0627006	0.0793684
0.678450	0.133973	0.0952842
0.680597	-0.0320369	0.0573702
0.682744	0.108761	0.0510635
0.684892	0.0382171	0.161327
0.687042	0.105249	0.0227640
0.689195	0.0113220	0.0127898
0.691351	0.0667150	0.0307670
0.693510	0.0474105	0.0174396
0.695675	0.0641868	0.0932652
0.697844	0.0159815	0.0224726
0.700020	0.0903376	0.0879583
0.702201	0.0988042	0.0436525
0.704390	0.109711	0.0264968
0.706587	0.0638095	0.0397674
0.708791	-0.0229962	0.0418348
0.711005	0.115039	0.0716044
0.713227	0.0663904	0.0377332
0.715459	0.0368519	0.0702086
0.717702	0.105413	0.0468697
0.719955	0.0556890	0.0315168
0.722219	0.0459805	0.00190028
0.724495	0.120197	0.0235437
0.726783	0.0716175	0.0243796
0.729084	0.0249489	0.0367597
0.731397	0.0705949	0.0315668
0.733724	0.120737	0.0229138
0.736064	0.0671466	0.0531085
0.738418	0.0806831	0.0384454
0.740786	-0.0177958	0.0247167
0.743170	0.0915033	0.0167507
0.745568	0.0347840	0.0371823
0.747981	0.0327252	0.0170961
0.750410	0.0585016	0.0347730
0.752855	0.0617102	0.00482395
0.755317	0.0702880	0.0147161
0.757794	0.0260249	0.0762849
0.760289	0.0188199	0.00980500
0.762800	0.0244652	0.0209320
0.765328	0.0290307	0.0320699
0.767874	-0.0245331	0.0425232
0.770438	0.0267712	0.0227892
0.773019	0.0162743	0.0256075
0.775618	0.0356148	0.0184821
0.778235	0.00857984	0.0229515
0.780871	0.000197269	0.00909947
0.783525	0.0163577	0.0102397
0.786198	0.0464717	0.0205846
0.788889	-0.00127976	0.0118958
0.791600	0.0545427	0.0258841
0.794329	0.0675408	0.0270439
0.797077	0.0912095	0.00451289
0.799845	0.0948064	0.0165048
0.802632	0.106714	0.0106958
0.805438	0.129992	0.00609283
0.808264	0.152272	0.0208702
0.811109	0.122732	0.0167712
0.813974	0.150046	0.0151043
0.816858	0.121299	0.0143777
0.819762	0.122548	0.0157364
0.822685	0.137122	0.00950666
0.825629	0.207660	0.0100108
0.828592	0.197153	0.0337045
0.831574	0.188902	0.00936871
0.834577	0.202742	0.0352271
0.837599	0.233724	0.0223791
0.840640	0.205909	0.0288488
0.843702	0.182245	0.0166817
0.846783	0.196859	0.0157312
0.849884	0.223911	0.0189248
0.853004	0.198207	0.0124176
0.856144	0.195080	0.0116106
0.859304	0.193261	0.00723388
0.862482	0.199332	0.00668549
0.865681	0.137354	0.0205121
0.868898	0.152841	0.0188903
0.872135	0.137895	0.0232220
0.875391	0.147988	0.0103008
0.878666	0.162184	0.00884253
0.881960	0.203293	0.0125713
0.885272	0.231042	0.00934370
0.888604	0.208689	0.0154996
0.891954	0.211252	0.0191125
0.895323	0.234498	0.00977500
0.898711	0.275228	0.0176639
0.902116	0.285027	0.00872898
0.905540	0.260695	0.0122822
0.908982	0.308859	0.0126587
0.912442	0.330234	0.0172934
0.915920	0.344964	0.0184408
0.919416	0.365182	0.0301886
0.922929	0.413536	0.0134389
0.926460	0.400947	0.0169207
0.930007	0.375904	0.0129547
0.933572	0.393901	0.0199968
0.937154	0.403871	0.0290949
0.940753	0.416481	0.0383373
0.944369	0.469466	0.0174789
0.948001	0.492296	0.0198454
0.951649	0.507563	0.0200396
0.955313	0.489756	0.0224750
0.958994	0.488263	0.0134855
0.962690	0.482492	0.0118675
0.966402	0.485066	0.0148856
0.970129	0.534788	0.0189280
0.973872	0.567352	0.00743557
0.977630	0.578191	0.00501871
0.981402	0.561740	0.00842003
0.985190	0.550630	0.00424785
0.988992	0.460667	0.00980871
0.992808	0.419682	0.00659019
0.996638	0.394012	0.00473828
1.00048	0.380238	0.00856279
1.00434	0.418040	0.00900022
1.00821	0.446176	0.00890922
1.01210	0.446110	0.0221467
1.01600	0.470090	0.0127255
1.01991	0.443873	0.0245744
1.02383	0.467360	0.0259874
1.02777	0.491121	0.00672817
1.03172	0.512444	0.0148940
1.03568	0.539146	0.0155274
1.03965	0.590839	0.0101217
1.04364	0.600612	0.0134516
1.04763	0.608576	0.0135411
1.05164	0.619201	0.0162719
1.05566	0.622395	0.00740681
1.05969	0.636540	0.0236915
1.06373	0.639713	0.0174406
1.06778	0.664506	0.0275890
1.07184	0.669301	0.0234801
1.07591	0.703624	0.0238523
1.07999	0.687786	0.0325369
1.08409	0.745982	0.0258887
1.08819	0.776980	0.0343494
1.09230	0.807174	0.0121195
1.09641	0.781805	0.0339590
1.10054	0.754906	0.0300156
1.10468	0.770256	0.00478903
1.10882	0.757805	0.0146878
1.11297	0.773595	0.0101694
1.11714	0.767602	0.0111829
1.12130	0.769968	0.0301278
1.12548	0.808040	0.0172675
1.12966	0.797557	0.0129494
1.13385	0.734605	0.0147570
1.13805	0.730261	0.0182989
1.14225	0.717294	0.0371865
1.14647	0.784158	0.0234609
1.15068	0.810049	0.0317325
1.15491	0.839059	0.0269334
1.15913	0.827007	0.0244633
1.16337	0.795669	0.0273196
1.16761	0.756891	0.0171076
1.17186	0.714204	0.0148325
1.17611	0.701051	0.0318525
1.18036	0.730216	0.0225798
1.18462	0.769268	0.0422952
1.18889	0.797239	0.0210409
1.19316	0.779145	0.00764935
1.19743	0.753184	0.00925183
1.20171	0.722369	0.0292396
1.20599	0.752089	0.0313422
1.21027	0.795898	0.0278602
1.21456	0.813836	0.0271921
1.21885	0.834081	0.0320922
1.22315	0.866499	0.0457726
1.22744	0.886685	0.0252653
1.23174	0.877415	0.0133446
1.23604	0.834354	0.0188385
1.24035	0.820563	0.0218198
1.24465	0.815104	0.0158790
1.24896	0.804843	0.0277345
1.25327	0.855940	0.0336803
1.25758	0.900154	0.0378191
1.26190	0.940516	0.0261098
1.26621	1.00941	0.0356744
1.27053	1.00632	0.0314244
1.27484	0.994544	0.0539198
1.27916	1.06496	0.0233213
1.28348	1.03840	0.00786461
1.28779	0.984779	0.0132197
1.29211	0.995951	0.0235095
1.29643	0.984093	0.0221771
1.30075	0.978990	0.00881852
1.30507	0.975047	0.0282116
1.30938	0.967506	0.0388701
1.31370	0.991125	0.0149842
1.31802	0.998348	0.0192319
1.32233	0.981581	0.0212057
1.32665	0.915251	0.00892055
1.33096	0.787092	0.00788966
1.33527	0.667853	0.00802307
1.33958	0.545697	0.00849722
1.34389	0.510188	0.00406771
1.34820	0.486022	0.00310143
1.35250	0.460536	0.0150564
1.35681	0.469186	0.0238754
1.36111	0.483805	0.0254420
1.36541	0.477760	0.0366419
1.36970	0.484182	0.0161650
1.37400	0.492219	0.0289198
1.37829	0.511775	0.0175174
1.38258	0.565637	0.0199215
1.38687	0.540615	0.0434582
1.39115	0.521853	0.0420628
1.39543	0.524454	0.0202425
1.39971	0.488589	0.0179451
1.40398	0.473783	0.0247053
1.40825	0.442057	0.00965088
1.41252	0.446980	0.0167838
1.41678	0.428973	0.0243917
1.42104	0.442404	0.0147811
1.42530	0.427078	0.0159462
1.42955	0.429105	0.0145012
1.43380	0.399963	0.0158763
1.43804	0.440453	0.0132963
1.44228	0.423687	0.0226769
1.44651	0.451695	0.00646839
1.45074	0.453915	0.0252297
1.45497	0.483271	0.0129335
1.45919	0.480992	0.0227523
1.46341	0.492576	0.00940682
1.46762	0.494419	0.00948563
1.47183	0.488478	0.0163382
1.47603	0.505688	0.00753568
1.48023	0.517616	0.0115638
1.48442	0.515236	0.0218604
1.48861	0.542964	0.0130514
1.49279	0.544346	0.00936986
1.49697	0.552705	0.0209909
1.50114	0.568010	0.0114075
1.50531	0.576113	0.0144669
1.50947	0.576712	0.0331262
1.51363	0.612862	0.0247475
1.51778	0.626975	0.0127364
1.52192	0.632573	0.0255351
1.52606	0.652839	0.0127554
1.53019	0.674248	0.0210415
1.53432	0.672024	0.0226430
1.53844	0.676354	0.0154123
1.54256	0.709112	0.0259393
1.54667	0.723932	0.0215795
1.55077	0.719518	0.0293471
1.55487	0.723703	0.0375381
1.55896	0.743595	0.0249061
1.56305	0.763944	0.0196300
1.56713	0.754954	0.0144798
1.57120	0.761713	0.0258054
1.57527	0.783544	0.0213085
1.57933	0.758152	0.0347068
1.58339	0.771156	0.0270780
1.58744	0.739327	0.0259540
1.59148	0.763618	0.0237578
1.59552	0.759721	0.0289041
1.59954	0.759956	0.0281560
1.60357	0.789108	0.0229567
1.60759	0.757085	0.0242375
1.61160	0.766286	0.0271090
1.61560	0.761540	0.0197456
1.61960	0.747132	0.0313862
1.62359	0.765686	0.0125125
1.62757	0.769036	0.0242593
1.63155	0.746075	0.0379348
1.63552	0.773325	0.0303198
1.63949	0.782464	0.0289058
1.64345	0.791446	0.0192312
1.64740	0.783177	0.0323560
1.65135	0.803516	0.0292811
1.65528	0.820581	0.0284964
1.65922	0.800530	0.0251832
1.66314	0.799916	0.0249497
1.66706	0.809848	0.0158607
1.67097	0.809772	0.0204073
1.67488	0.794107	0.0383588
1.67878	0.806478	0.0277589
1.68267	0.807829	0.0191863
1.68656	0.783032	0.0363582
1.69044	0.797041	0.0172880
1.69431	0.786073	0.0291920
1.69818	0.784546	0.0208166
1.70204	0.802951	0.0166297
1.70589	0.793958	0.0294423
1.70974	0.783763	0.0141569
1.71358	0.767931	0.0155497
1.71742	0.739164	0.0100368
1.72124	0.714648	0.0216807
1.72507	0.687897	0.0249921
1.72888	0.675339	0.0275933
1.73269	0.669859	0.0153129
1.73649	0.646478	0.0153804
1.74029	0.632019	0.0157497
1.74408	0.616007	0.0112032
1.74786	0.591882	0.0252353
1.75164	0.577298	0.0204319
1.75541	0.569001	0.0111123
1.75917	0.539156	0.0161204
1.76293	0.518839	0.0182333
1.76668	0.535204	0.0123337
1.77042	0.503548	0.0132301
1.77416	0.476073	0.0100954
1.77789	0.472134	0.0109357
1.78162	0.466051	0.00908919
1.78534	0.440963	0.0185197
1.78905	0.434450	0.0115190
1.79276	0.430366	0.0168506
1.79646	0.439338	0.00569025
1.80016	0.431921	0.0155979
1.80385	0.428051	0.0204059
1.80753	0.401120	0.0231767
1.81121	0.437457	0.0196228
1.81488	0.436369	0.0217529
1.81855	0.442241	0.0182709
1.82221	0.454937	0.0220465
1.82586	0.423389	0.0168575
1.82951	0.444008	0.0228089
1.83315	0.429891	0.0248495
1.83679	0.413522	0.0223512
1.84042	0.386526	0.0188065
1.84405	0.401339	0.0260748
1.84766	0.394261	0.0244624
1.85128	0.373209	0.0255425
1.85489	0.340796	0.0175145
1.85849	0.352032	0.0213968
1.86208	0.352839	0.0163207
1.86568	0.345191	0.0239511
1.86926	0.354409	0.0265926
1.87284	0.355327	0.0218750
1.87642	0.391282	0.0195867
1.87998	0.401023	0.0272237
1.88355	0.399617	0.0148011
1.88711	0.393115	0.0174627
1.89066	0.396710	0.0159970
1.89421	0.408243	0.0226774
1.89775	0.409431	0.0293612
1.90129	0.419949	0.0186176
1.90482	0.398585	0.0171913
1.90834	0.427920	0.0200438
1.91186	0.445837	0.0187593
1.91538	0.445355	0.0150958
1.91889	0.430438	0.0139863
1.92240	0.438015	0.0261775
1.92590	0.433584	0.0164956
1.92939	0.436906	0.0184022
1.93288	0.410924	0.0189082
1.93637	0.386058	0.0171341
1.93985	0.381426	0.0164192
1.94332	0.357932	0.0159483
1.94679	0.367923	0.0153643
1.95026	0.356778	0.0196391
1.95372	0.360170	0.0153663
1.95718	0.346812	0.0201680
1.96063	0.345154	0.0145085
1.96407	0.353363	0.0138248
1.96751	0.351145	0.0179973
1.97095	0.350650	0.0143646
1.97438	0.336878	0.0183029
1.97781	0.341151	0.0152739
1.98123	0.346583	0.0130179
1.98464	0.334778	0.00883962
1.98806	0.329328	0.00952235
1.99146	0.337771	0.0152477
1.99487	0.342750	0.0174328
1.99826	0.335116	0.0218270
2.00166	0.338635	0.0201772
2.00505	0.336408	0.0155459
2.00843	0.342652	0.0135646
2.01181	0.361562	0.0169170
2.01519	0.349576	0.0147941
2.01856	0.381399	0.0198163
2.02192	0.367081	0.0175089
2.02528	0.368674	0.0217890
2.02864	0.380612	0.0177194
2.03199	0.372482	0.0128148
2.03534	0.406362	0.0161923
2.03868	0.397074	0.0167435
2.04202	0.402915	0.0166173
2.04535	0.404983	0.0193074
2.04868	0.406819	0.0227645
2.05201	0.409591	0.0178042
2.05533	0.412840	0.0189861
2.05864	0.417693	0.0244965
2.06195	0.423150	0.0171913
2.06526	0.429011	0.0201638
2.06856	0.421262	0.0215366
2.07186	0.433435	0.0237913
2.07515	0.440789	0.0234850
2.07844	0.452842	0.0221723
2.08172	0.454290	0.0173739
2.08500	0.457016	0.0170251
2.08828	0.457172	0.0175012
2.09155	0.440481	0.0196223
2.09481	0.457508	0.0185358
2.09807	0.460820	0.0204412
2.10133	0.469144	0.0214225
2.10458	0.470727	0.0201067
2.10783	0.473003	0.0197158
2.11107	0.483157	0.0204502
2.11431	0.476274	0.0201634
2.11755	0.468857	0.0240814
2.12078	0.463885	0.0214700
2.12400	0.480694	0.0210078
2.12722	0.481203	0.0218645
2.13044	0.484297	0.0239432
2.13365	0.473003	0.0185188
2.13685	0.474354	0.0201363
2.14006	0.476315	0.0222908
2.14325	0.478120	0.0226520
2.14644	0.486154	0.0199469
2.14963	0.484591	0.0193304
2.15282	0.484470	0.0205170
2.15599	0.464339	0.0249265
2.15917	0.482201	0.0177580
2.16234	0.475584	0.0236695
2.16550	0.476786	0.0207755
2.16866	0.476468	0.0222841
2.17182	0.466934	0.0205521
2.17497	0.467807	0.0196865
2.17811	0.465160	0.0233588
2.18125	0.475453	0.0199736
2.18439	0.470339	0.0205669
2.18752	0.480836	0.0183208
2.19064	0.470963	0.0205079
2.19376	0.463477	0.0226025
2.19688	0.458336	0.0201939
2.19999	0.453313	0.0216794
2.20310	0.464592	0.0199729
2.20620	0.464083	0.0189698
2.20929	0.465635	0.0208038
2.21239	0.465877	0.0182753
2.21547	0.450271	0.0193202
2.21855	0.456652	0.0175463
2.22163	0.448227	0.0227685
2.22470	0.453590	0.0205800
2.22777	0.449197	0.0206306
2.23083	0.452176	0.0204648
2.23389	0.443810	0.0221537
2.23694	0.432784	0.0230853
2.23998	0.441666	0.0183364
2.24302	0.451674	0.0172321
2.24606	0.436951	0.0226284
2.24909	0.442674	0.0183862
2.25212	0.440440	0.0181476
2.25514	0.439851	0.0170904
2.25815	0.433660	0.0159440
2.26116	0.430844	0.0195068
2.26417	0.425779	0.0194724
2.26717	0.423025	0.0175194
2.27016	0.422820	0.0166526
2.27315	0.419024	0.0157150
2.27613	0.420607	0.0155044
2.27911	0.423704	0.0161961
2.28209	0.426364	0.0148286
2.28506	0.426292	0.0152289
2.28802	0.402142	0.0186612
2.29098	0.408891	0.0163297
2.29393	0.371099	0.0197296
2.29688	0.342391	0.0147601
2.29982	0.319957	0.0146355
2.30276	0.327308	0.0123789
2.30569	0.321748	0.0144104
2.30862	0.331077	0.0159496
2.31154	0.332119	0.0157628
2.31446	0.341711	0.0135733
2.31737	0.335436	0.0148976
2.32027	0.319787	0.0166828
2.32318	0.312855	0.0111426
2.32607	0.312393	0.0169791
2.32896	0.317315	0.0124511
2.33185	0.311647	0.0153595
2.33473	0.321526	0.0128238
2.33761	0.318190	0.0138173
2.34048	0.320038	0.0132684
2.34335	0.324559	0.0128945
2.34621	0.332009	0.0125355
2.34907	0.325643	0.0168439
2.35192	0.308998	0.0136673
2.35477	0.313086	0.0181622
2.35761	0.300347	0.0169691
2.36045	0.305846	0.0122290
2.36328	0.312380	0.0121820
2.36611	0.304220	0.0153600
2.36894	0.301982	0.0133127
2.37176	0.309094	0.0138183
2.37458	0.313858	0.0129351
2.37739	0.309133	0.0181993
2.38020	0.300341	0.0140179
2.38300	0.296020	0.0144131
2.38580	0.303556	0.0151203
2.38860	0.300269	0.0187542
2.39139	0.306075	0.0124088
2.39418	0.302007	0.0112546
2.39697	0.294293	0.0134472
2.39975	0.291812	0.0132338
2.40253	0.293168	0.0134702
2.40531	0.294620	0.0112110
2.40808	0.288707	0.0116212
2.41085	0.274607	0.0100081
2.41362	0.282619	0.0101507
2.41638	0.270501	0.0167032
2.41914	0.277673	0.0106305
2.42190	0.272528	0.0134047
2.42466	0.273761	0.00933438
2.42741	0.257813	0.0111393
2.43017	0.258032	0.0119020
2.43292	0.264735	0.0131360
2.43567	0.253215	0.00965479
2.43842	0.255290	0.0146683
2.44116	0.248715	0.0116012
2.44391	0.242151	0.0106618
2.44665	0.233084	0.0152934
2.44940	0.235551	0.00945051
2.45214	0.223886	0.0129103
2.45489	0.230518	0.00862972
2.45763	0.227913	0.0109512
2.46037	0.233612	0.0125723
2.46312	0.227073	0.0115453
2.46586	0.222858	0.00922048
2.46861	0.217690	0.0141186
2.47136	0.204199	0.0137756
2.47410	0.204651	0.00975532
2.47685	0.191351	0.0106598
2.47961	0.213938	0.0100785
2.48236	0.202117	0.00993103
2.48512	0.206291	0.0102905
2.48788	0.195275	0.00819832
2.49064	0.185784	0.0104783
2.49341	0.183702	0.00741541
2.49618	0.202529	0.0112550
2.49896	0.213757	0.00965756
2.50174	0.194358	0.00942788
2.50452	0.198029	0.0114185
2.50731	0.191138	0.00976669
2.51011	0.193067	0.00761619
2.51291	0.164544	0.0164212
2.51572	0.188122	0.0146461
2.51854	0.237094	0.0188726
2.52136	0.171223	0.0133785
2.52419	0.197028	0.0206199
2.52703	0.142195	0.00939906
2.52988	0.174367	0.0202763
2.53273	0.149755	0.0163984
2.53560	0.274708	0.0774842
2.53848	0.261236	0.0401228
2.54136	0.203211	0.0169300
2.54426	0.152010	0.0678363
2.54717	0.0891538	0.0325509
2.55009	0.0668078	0.0468448
2.55303	0.0472189	0.0283089
2.55597	0.104111	0.0385819
2.55894	0.186814	0.0517138
2.56191	0.105592	0.0696159
2.56490	0.220797	0.0409816
2.56791	0.0959410	0.106139
