#  ----------------------------------------------------------------------------------
# SpeX prism spectrum of SDSS J120747.17+024424.8 (J12074717+0244249)
# Originally observed on 2006 Dec 21
# Average resolution = 120
# Originally published in Looper, Kirkpatrick, and Burgasser (2007) AJ, 134, 1162
#
# PLEASE CITE THE ORIGINAL DATA REFERENCE WHEN PUBLISHING OR PRESENTING THESE DATA
#
# Optical spectral type: L8
# Near infrared spectral type: T0
# J magnitude = 15.58
# H magnitude = 14.561
# Ks magnitude = 13.986
#
#  Wavelength (micron)   F_lambda (normalized)  Noise (normalized as F_lambda)
#  ----------------------------------------------------------------------------------
0.648873	0.170624	0.175030
0.651099	0.124665	0.165863
0.653313	0.484138	0.147098
0.655517	0.283702	0.130989
0.657711	0.0408357	0.126760
0.659896	0.315072	0.113419
0.662073	0.164070	0.127258
0.664244	0.0548668	0.119100
0.666408	0.112887	0.120431
0.668568	0.193902	0.110847
0.670723	0.0206200	0.109476
0.672875	-0.0473140	0.106491
0.675024	0.159187	0.101074
0.677172	-0.0417864	0.0987883
0.679319	-0.0430462	0.0922951
0.681466	0.171088	0.0863175
0.683613	-0.0519570	0.0874336
0.685762	-0.00519980	0.0827357
0.687913	-0.0900651	0.0795695
0.690067	0.116370	0.0722219
0.692225	0.177204	0.0692681
0.694386	0.0675666	0.0627786
0.696553	0.0625672	0.0578310
0.698724	0.127471	0.0521254
0.700902	0.220135	0.0326459
0.703087	0.0625340	0.0308599
0.705279	0.0292737	0.0200126
0.707479	-0.0109614	0.00746587
0.709687	-0.00826487	0.00398022
0.711904	0.0116618	0.0143994
0.714130	-0.00715271	0.0224774
0.716366	0.0561186	0.0269831
0.718613	-0.00486129	0.00699432
0.720871	0.0715639	0.0253238
0.723140	0.0204783	0.0365958
0.725420	0.0223877	0.0365172
0.727713	-0.100863	0.0370492
0.730019	-0.0396399	0.0360855
0.732338	0.0237401	0.0369799
0.734670	-0.00481577	0.0352193
0.737015	0.00684106	0.0335386
0.739375	0.0409777	0.0321147
0.741750	-0.0364430	0.0331612
0.744139	-0.0343116	0.0316081
0.746543	0.0136222	0.0302800
0.748963	-0.0291383	0.0283989
0.751399	-0.0159979	0.0291818
0.753850	0.0432840	0.0295236
0.756318	-0.0371026	0.0329863
0.758802	0.0125827	0.0350619
0.761304	-0.000834590	0.0372467
0.763822	0.0180658	0.0330667
0.766357	-0.0644267	0.0287249
0.768910	-0.0166775	0.0259092
0.771481	0.00133592	0.0250970
0.774069	0.00765503	0.0236127
0.776676	0.00435125	0.0241074
0.779301	-0.0399072	0.0222131
0.781944	0.0355016	0.0231077
0.784605	0.0162418	0.0214875
0.787286	0.0425882	0.0219610
0.789985	-0.00811114	0.0213559
0.792703	0.0104293	0.0225354
0.795440	-0.0153768	0.0218729
0.798196	0.0259760	0.0218256
0.800971	0.0259542	0.0206226
0.803766	0.0896428	0.0206665
0.806580	0.0529011	0.0207308
0.809414	0.0500278	0.0199779
0.812267	0.0357593	0.0189587
0.815139	0.115515	0.0198658
0.818031	0.0610475	0.0188716
0.820943	0.108526	0.0193493
0.823875	0.112996	0.0184701
0.826826	0.0521011	0.0182391
0.829797	0.104354	0.0177178
0.832788	0.110910	0.0177265
0.835798	0.115523	0.0175404
0.838828	0.150634	0.0172196
0.841878	0.147934	0.0168003
0.844947	0.142564	0.0170247
0.848036	0.132760	0.0156850
0.851145	0.170598	0.0151457
0.854273	0.178337	0.0146722
0.857421	0.173996	0.0149974
0.860588	0.166456	0.0147931
0.863775	0.133427	0.0148840
0.866981	0.154282	0.0143269
0.870206	0.148510	0.0144396
0.873451	0.156514	0.0141129
0.876715	0.183408	0.0143115
0.879997	0.193705	0.0141844
0.883299	0.209907	0.0143380
0.886619	0.233778	0.0139574
0.889959	0.235220	0.0139320
0.893316	0.219632	0.0140943
0.896693	0.222308	0.0142160
0.900088	0.235341	0.0133607
0.903501	0.250540	0.0133815
0.906932	0.293452	0.0132796
0.910381	0.304120	0.0132665
0.913849	0.315101	0.0131031
0.917334	0.320315	0.0128949
0.920836	0.347518	0.0126473
0.924357	0.298412	0.0129042
0.927894	0.356470	0.0136592
0.931449	0.342065	0.0144729
0.935021	0.317126	0.0149721
0.938610	0.359698	0.0146851
0.942215	0.378981	0.0139231
0.945837	0.385584	0.0136736
0.949476	0.420331	0.0131029
0.953131	0.394927	0.0123992
0.956802	0.390147	0.0118257
0.960489	0.398576	0.0116535
0.964191	0.436586	0.0112450
0.967909	0.446426	0.0111805
0.971643	0.467959	0.0108327
0.975392	0.494006	0.0106372
0.979156	0.490610	0.0103466
0.982934	0.493058	0.0103056
0.986728	0.480095	0.0101690
0.990535	0.463299	0.0101091
0.994357	0.466473	0.00998297
0.998194	0.460867	0.00993763
1.00204	0.481866	0.00939516
1.00591	0.504794	0.00935599
1.00978	0.524285	0.00937562
1.01367	0.531435	0.00965225
1.01758	0.536865	0.00958707
1.02149	0.547751	0.00948521
1.02542	0.579341	0.00951578
1.02937	0.605118	0.00940210
1.03332	0.616190	0.00942686
1.03729	0.629972	0.00938557
1.04126	0.653573	0.00942821
1.04525	0.660526	0.00891791
1.04925	0.692655	0.00865994
1.05327	0.681039	0.00812331
1.05729	0.723287	0.00800119
1.06132	0.692914	0.00767006
1.06537	0.724116	0.00790073
1.06942	0.749633	0.00823279
1.07349	0.742312	0.00832357
1.07756	0.746846	0.00868247
1.08165	0.774534	0.00859128
1.08574	0.762462	0.00851507
1.08985	0.740488	0.00840274
1.09396	0.716064	0.00802746
1.09808	0.689873	0.00825367
1.10222	0.671806	0.00809673
1.10635	0.684065	0.00790809
1.11050	0.646687	0.00793420
1.11466	0.637008	0.00808275
1.11882	0.616377	0.00814777
1.12299	0.642485	0.00845155
1.12717	0.618004	0.00859035
1.13136	0.583756	0.00841792
1.13555	0.585616	0.00844984
1.13975	0.587035	0.00865802
1.14396	0.608641	0.00826357
1.14817	0.640221	0.00841274
1.15239	0.641951	0.00792814
1.15662	0.620625	0.00773374
1.16085	0.616216	0.00719965
1.16509	0.613833	0.00682236
1.16933	0.601165	0.00647205
1.17358	0.600470	0.00611097
1.17783	0.624646	0.00587828
1.18209	0.685194	0.00589818
1.18635	0.723623	0.00586533
1.19061	0.744747	0.00610921
1.19489	0.757493	0.00646646
1.19916	0.765591	0.00670842
1.20344	0.776534	0.00688577
1.20772	0.810782	0.00709365
1.21201	0.841238	0.00690401
1.21630	0.868802	0.00704416
1.22059	0.873677	0.00695007
1.22488	0.913822	0.00694344
1.22918	0.912573	0.00689557
1.23348	0.902682	0.00656039
1.23779	0.903309	0.00627081
1.24209	0.922728	0.00613232
1.24640	0.897765	0.00588372
1.25071	0.931189	0.00600968
1.25502	0.968800	0.00607465
1.25933	1.01151	0.00650967
1.26364	1.00949	0.00684008
1.26796	1.01359	0.00731727
1.27227	0.999789	0.00756851
1.27659	1.00543	0.00734779
1.28091	0.966608	0.00696354
1.28523	1.00798	0.00712328
1.28954	0.987955	0.00673997
1.29386	1.00481	0.00696106
1.29818	0.992121	0.00675945
1.30250	1.00071	0.00691956
1.30682	0.983525	0.00682510
1.31113	0.983774	0.00674308
1.31545	0.964142	0.00645273
1.31976	0.953697	0.00633703
1.32408	0.865926	0.00601159
1.32839	0.770565	0.00582362
1.33271	0.597590	0.00522969
1.33702	0.475415	0.00517273
1.34133	0.390215	0.00541461
1.34564	0.391127	0.00659765
1.34994	0.375337	0.00891050
1.35425	0.401853	0.0130307
1.35855	0.338339	0.0179730
1.36285	0.315237	0.0205975
1.36715	0.254190	0.0173282
1.37144	0.288337	0.0153285
1.37574	0.358972	0.0146118
1.38003	0.336700	0.0144200
1.38432	0.344965	0.0136212
1.38860	0.304152	0.0124486
1.39288	0.316364	0.0123516
1.39716	0.311003	0.0128561
1.40144	0.277366	0.0122586
1.40571	0.267563	0.0116191
1.40998	0.278547	0.0106387
1.41424	0.242542	0.00976717
1.41851	0.258168	0.00859227
1.42276	0.266007	0.00757488
1.42702	0.281275	0.00689199
1.43127	0.271943	0.00709432
1.43551	0.291591	0.00669930
1.43976	0.301785	0.00649620
1.44399	0.294788	0.00642159
1.44823	0.328262	0.00663329
1.45246	0.347014	0.00675215
1.45668	0.379112	0.00724188
1.46090	0.400286	0.00687096
1.46512	0.405539	0.00705712
1.46933	0.382967	0.00640485
1.47353	0.410719	0.00669288
1.47773	0.397140	0.00649967
1.48193	0.436972	0.00675935
1.48612	0.423850	0.00662438
1.49031	0.459468	0.00611216
1.49449	0.464498	0.00540798
1.49866	0.487827	0.00620257
1.50283	0.500059	0.00698670
1.50700	0.540446	0.00721686
1.51116	0.539487	0.00683199
1.51531	0.568181	0.00580968
1.51946	0.584398	0.00600833
1.52360	0.611325	0.00660402
1.52774	0.626781	0.00705012
1.53187	0.649335	0.00691774
1.53599	0.648630	0.00664526
1.54011	0.692044	0.00657723
1.54423	0.704432	0.00602408
1.54833	0.737856	0.00617900
1.55243	0.741887	0.00586476
1.55653	0.766783	0.00625858
1.56062	0.752265	0.00643159
1.56470	0.789632	0.00632558
1.56878	0.797834	0.00599258
1.57285	0.826243	0.00569865
1.57692	0.801461	0.00623921
1.58098	0.819150	0.00734551
1.58503	0.817005	0.00726478
1.58907	0.820906	0.00709536
1.59311	0.830497	0.00572735
1.59715	0.847103	0.00616356
1.60117	0.832440	0.00657143
1.60520	0.828202	0.00705769
1.60921	0.822150	0.00724685
1.61322	0.803114	0.00677583
1.61722	0.783804	0.00671744
1.62121	0.806922	0.00651889
1.62520	0.777835	0.00600351
1.62919	0.780498	0.00607703
1.63316	0.765700	0.00560994
1.63713	0.771830	0.00583512
1.64109	0.760861	0.00590595
1.64505	0.798648	0.00620739
1.64900	0.796073	0.00619061
1.65294	0.792544	0.00588999
1.65688	0.788228	0.00527788
1.66081	0.796062	0.00551761
1.66473	0.762913	0.00685153
1.66865	0.761726	0.00708681
1.67256	0.735437	0.00694520
1.67646	0.741571	0.00626807
1.68036	0.743644	0.00502524
1.68425	0.758617	0.00555528
1.68813	0.758612	0.00614097
1.69201	0.754752	0.00646252
1.69588	0.737343	0.00672536
1.69974	0.743452	0.00642501
1.70360	0.734224	0.00629915
1.70745	0.725639	0.00629941
1.71130	0.689790	0.00582963
1.71514	0.684375	0.00570165
1.71897	0.679717	0.00542741
1.72279	0.663511	0.00528881
1.72661	0.634553	0.00529596
1.73042	0.625967	0.00536114
1.73423	0.592206	0.00534166
1.73803	0.586574	0.00560222
1.74182	0.562720	0.00566378
1.74561	0.549259	0.00550181
1.74939	0.524233	0.00510040
1.75316	0.500991	0.00449856
1.75693	0.484951	0.00440464
1.76069	0.468243	0.00585398
1.76445	0.458928	0.00646086
1.76820	0.441211	0.00660972
1.77194	0.414211	0.00581320
1.77567	0.410344	0.00465823
1.77940	0.389351	0.00453808
1.78313	0.385153	0.00574647
1.78685	0.364166	0.00591356
1.79056	0.357426	0.00603413
1.79426	0.362238	0.00674769
1.79796	0.364772	0.00705634
1.80166	0.342133	0.00777741
1.80534	0.332396	0.00834569
1.80902	0.340103	0.00846341
1.81270	0.356090	0.00923345
1.81637	0.352486	0.00947816
1.82003	0.385687	0.0109889
1.82369	0.387778	0.0115034
1.82734	0.405151	0.0163351
1.83099	0.448704	0.0222393
1.83463	0.387948	0.0254738
1.83826	0.309275	0.0222831
1.84189	0.293562	0.0194810
1.84551	0.297811	0.0183396
1.84913	0.347880	0.0203371
1.85274	0.290628	0.0184874
1.85635	0.238442	0.0158331
1.85995	0.280576	0.0145376
1.86354	0.296432	0.0166685
1.86713	0.327183	0.0238918
1.87071	0.239566	0.0267520
1.87429	0.190917	0.0198244
1.87786	0.244010	0.0136539
1.88143	0.282871	0.0105715
1.88499	0.335710	0.0104753
1.88855	0.316955	0.0104111
1.89210	0.393591	0.0125087
1.89564	0.359183	0.0140495
1.89918	0.412700	0.0177551
1.90272	0.359007	0.0172402
1.90625	0.355788	0.0166205
1.90977	0.357469	0.0140715
1.91329	0.371529	0.0128660
1.91680	0.320779	0.0109872
1.92031	0.368916	0.0112599
1.92382	0.337674	0.0106091
1.92731	0.311470	0.00980955
1.93081	0.310066	0.00882916
1.93430	0.283870	0.00762830
1.93778	0.267341	0.00709971
1.94126	0.271125	0.00645506
1.94473	0.263891	0.00604372
1.94820	0.298272	0.00680246
1.95166	0.296262	0.00744079
1.95512	0.283300	0.00764047
1.95857	0.254153	0.00712634
1.96202	0.252878	0.00644682
1.96547	0.262459	0.00590693
1.96890	0.276201	0.00556720
1.97234	0.273206	0.00541114
1.97577	0.276473	0.00507945
1.97919	0.288963	0.00465054
1.98261	0.304404	0.00426035
1.98603	0.301192	0.00391080
1.98944	0.317294	0.00398293
1.99284	0.327064	0.00449552
1.99624	0.351245	0.00710655
1.99964	0.377002	0.0102193
2.00303	0.354888	0.0115359
2.00642	0.334751	0.0103342
2.00980	0.322669	0.00830362
2.01318	0.318467	0.00745177
2.01655	0.330820	0.00684215
2.01992	0.333143	0.00600662
2.02328	0.339124	0.00562751
2.02664	0.347315	0.00525171
2.03000	0.368644	0.00533378
2.03335	0.374810	0.00493632
2.03669	0.388653	0.00525472
2.04003	0.389902	0.00526549
2.04337	0.400773	0.00534591
2.04670	0.425035	0.00535534
2.05003	0.416699	0.00590476
2.05335	0.419794	0.00717157
2.05667	0.425087	0.00702209
2.05998	0.424610	0.00580092
2.06329	0.433034	0.00498915
2.06660	0.429547	0.00491299
2.06990	0.428122	0.00525410
2.07319	0.420451	0.00491140
2.07648	0.431632	0.00470535
2.07977	0.437229	0.00433001
2.08305	0.447006	0.00436515
2.08633	0.440115	0.00436897
2.08960	0.455997	0.00438566
2.09287	0.449742	0.00418161
2.09613	0.456808	0.00408627
2.09939	0.448408	0.00399675
2.10265	0.453782	0.00416287
2.10590	0.456203	0.00455623
2.10914	0.458184	0.00465796
2.11239	0.449077	0.00460587
2.11562	0.451383	0.00460447
2.11885	0.459252	0.00452476
2.12208	0.455227	0.00468067
2.12531	0.457761	0.00452142
2.12852	0.457353	0.00446987
2.13174	0.460386	0.00428777
2.13495	0.456402	0.00419933
2.13815	0.447824	0.00407588
2.14135	0.451658	0.00396337
2.14455	0.441045	0.00411263
2.14774	0.449286	0.00490569
2.15092	0.442648	0.00526182
2.15410	0.438604	0.00535104
2.15728	0.438384	0.00490044
2.16045	0.442407	0.00444715
2.16362	0.436471	0.00424297
2.16678	0.431319	0.00429400
2.16994	0.440689	0.00433392
2.17309	0.426046	0.00435463
2.17624	0.419710	0.00463933
2.17938	0.425017	0.00485335
2.18252	0.419883	0.00495082
2.18565	0.424499	0.00499169
2.18878	0.418619	0.00480000
2.19191	0.413797	0.00501751
2.19503	0.400348	0.00500368
2.19814	0.393156	0.00513232
2.20125	0.384638	0.00501942
2.20435	0.365413	0.00464076
2.20745	0.370539	0.00470463
2.21055	0.378234	0.00500385
2.21364	0.380435	0.00477699
2.21672	0.364012	0.00476592
2.21980	0.368203	0.00450520
2.22287	0.367544	0.00446067
2.22594	0.368891	0.00454077
2.22901	0.363059	0.00483620
2.23207	0.359139	0.00481966
2.23512	0.344539	0.00486400
2.23817	0.368293	0.00464738
2.24121	0.354094	0.00456132
2.24425	0.346833	0.00455520
2.24729	0.342993	0.00495135
2.25032	0.338968	0.00480075
2.25334	0.346483	0.00476950
2.25636	0.338739	0.00480089
2.25937	0.342572	0.00478178
2.26238	0.339151	0.00475384
2.26538	0.340908	0.00487239
2.26838	0.328392	0.00527581
2.27137	0.332410	0.00590056
2.27436	0.327699	0.00505196
2.27734	0.325696	0.00535606
2.28032	0.329975	0.00595222
2.28329	0.326927	0.00587222
2.28626	0.313916	0.00588719
2.28922	0.318578	0.00594548
2.29217	0.300257	0.00591403
2.29512	0.288426	0.00602185
2.29807	0.273008	0.00601310
2.30101	0.262012	0.00625283
2.30395	0.256755	0.00592792
2.30688	0.264611	0.00582429
2.30980	0.260398	0.00568186
2.31272	0.269579	0.00585750
2.31564	0.272852	0.00618703
2.31855	0.259607	0.00632019
2.32145	0.242065	0.00616532
2.32435	0.244510	0.00606392
2.32724	0.246283	0.00603486
2.33013	0.243861	0.00601517
2.33302	0.252945	0.00605123
2.33590	0.259021	0.00631677
2.33877	0.256102	0.00644433
2.34164	0.250766	0.00666148
2.34451	0.257910	0.00681795
2.34737	0.245440	0.00695090
2.35022	0.246597	0.00729763
2.35307	0.257747	0.00784026
2.35592	0.246761	0.00713898
2.35876	0.253345	0.00689733
2.36160	0.263994	0.00681479
2.36443	0.265964	0.00717903
2.36726	0.258013	0.00791819
2.37008	0.259684	0.00821005
2.37290	0.229220	0.00798430
2.37572	0.240176	0.00782524
2.37853	0.250913	0.00783695
2.38134	0.245979	0.00819533
2.38414	0.248772	0.00826160
2.38694	0.242680	0.00852709
2.38973	0.249205	0.00905734
2.39252	0.244565	0.00935624
2.39531	0.266299	0.00912444
2.39810	0.253526	0.00823067
2.40088	0.251408	0.00822098
2.40366	0.255003	0.00858020
2.40643	0.254285	0.00889952
2.40920	0.250629	0.00911449
2.41197	0.251683	0.00990670
2.41474	0.264266	0.0109325
2.41750	0.238190	0.0109555
2.42026	0.241876	0.0103826
2.42302	0.238293	0.00944521
2.42577	0.262412	0.00885859
2.42853	0.238463	0.00872703
2.43128	0.253261	0.0105883
2.43403	0.245826	0.0117223
2.43678	0.206447	0.0111394
2.43953	0.238566	0.0102482
2.44227	0.248054	0.0107338
2.44502	0.236242	0.0126693
2.44776	0.201475	0.0140067
2.45051	0.202364	0.0136383
2.45325	0.197076	0.0120654
2.45600	0.206522	0.0109423
2.45874	0.217191	0.0104552
2.46148	0.206580	0.0110062
2.46423	0.221340	0.0119170
2.46697	0.167917	0.0116998
2.46972	0.214037	0.0156300
2.47247	0.194592	0.0175328
2.47522	0.166766	0.0161855
2.47797	0.193610	0.0157602
2.48072	0.171147	0.0179728
2.48348	0.199904	0.0217722
2.48624	0.243282	0.0227690
2.48900	0.201688	0.0238251
2.49176	0.208800	0.0246094
2.49453	0.178029	0.0217675
2.49731	0.143178	0.0196992
2.50008	0.171267	0.0195825
2.50286	0.172836	0.0223107
2.50565	0.202869	0.0252185
2.50844	0.179800	0.0282145
2.51124	0.211879	0.0332040
2.51405	0.229505	0.0427566
2.51686	0.0941427	0.0437711
2.51968	0.181745	0.0415535
2.52250	0.212744	0.0432405
2.52534	0.134604	0.0509898
2.52818	0.151439	0.0756498
2.53103	0.237090	0.110315
2.53389	0.267722	0.131090
2.53676	0.213197	0.115240
2.53964	0.376313	0.121770
2.54254	0.316703	0.147344
2.54544	-0.104114	0.201295
2.54835	-0.172476	0.260890
2.55128	0.607978	0.376735
2.55422	0.216412	0.275057
2.55717	0.278275	0.170206
