#  ----------------------------------------------------------------------------------
# SpeX prism spectrum of 2MASSW J2101154+175658 (J21011544+1756586)
# Originally observed on 2008 Jul 12
# Average resolution = 120
# Originally published in Burgasser et al. (2010) ApJ, 710, 1142-1169
#
# PLEASE CITE THE ORIGINAL DATA REFERENCE WHEN PUBLISHING OR PRESENTING THESE DATA
#
# Optical spectral type: L7.5
# J magnitude = 16.853
# H magnitude = 15.861
# Ks magnitude = 14.892
#
#  Wavelength (micron)   F_lambda (normalized)  Noise (normalized as F_lambda)
#  ----------------------------------------------------------------------------------
0.645791	1.46167	0.574190
0.648035	0.179578	0.571406
0.650266	0.980137	0.586108
0.652485	0.636875	0.543306
0.654692	-0.481924	0.473741
0.656890	1.30328	0.418634
0.659078	1.72861	0.374998
0.661258	0.752714	0.349945
0.663431	0.511102	0.362814
0.665598	-0.0486550	0.351667
0.667759	-0.129178	0.359177
0.669916	0.0604917	0.344530
0.672069	0.689193	0.327577
0.674219	-0.0343980	0.315870
0.676367	0.205330	0.301284
0.678514	0.591361	0.286513
0.680661	-0.167852	0.285680
0.682808	0.617054	0.253123
0.684957	-0.340421	0.262275
0.687107	0.897978	0.254941
0.689260	0.371497	0.257957
0.691415	0.791719	0.239157
0.693575	0.287551	0.230506
0.695740	-0.174319	0.210584
0.697910	-0.0467080	0.218092
0.700085	0.397765	0.188339
0.702267	0.557171	0.189491
0.704456	0.648083	0.177385
0.706653	0.583734	0.170087
0.708858	0.554895	0.166463
0.711071	0.474519	0.158472
0.713294	0.504885	0.151488
0.715527	0.494135	0.155030
0.717770	0.214760	0.143577
0.720023	0.412878	0.142852
0.722288	0.522979	0.139453
0.724564	-0.0326554	0.134371
0.726852	0.0779668	0.126482
0.729153	-0.00147889	0.131666
0.731467	0.217870	0.122789
0.733794	-0.0288605	0.119521
0.736134	0.117583	0.113644
0.738489	0.295942	0.112347
0.740858	0.364520	0.107150
0.743242	0.156469	0.104273
0.745640	0.389182	0.0953125
0.748054	0.0195754	0.0991188
0.750484	0.162374	0.0919783
0.752929	0.106785	0.0956106
0.755391	0.262800	0.0876818
0.757869	0.0718500	0.103224
0.760364	0.0805089	0.111885
0.762876	0.0327207	0.115817
0.765405	0.257077	0.102523
0.767951	0.0564658	0.0943313
0.770515	0.0891220	0.0822965
0.773097	0.0159987	0.0780475
0.775697	0.0737891	0.0749721
0.778315	0.250849	0.0776058
0.780951	0.137538	0.0711618
0.783606	0.115236	0.0726435
0.786279	-0.127297	0.0703756
0.788971	0.00432044	0.0736400
0.791682	0.0431292	0.0689086
0.794412	0.0739395	0.0708952
0.797161	0.0597780	0.0684834
0.799929	0.242168	0.0677640
0.802716	0.243968	0.0663448
0.805523	0.0547917	0.0657087
0.808349	0.0408158	0.0630489
0.811195	0.219399	0.0635048
0.814060	0.0187271	0.0612109
0.816945	0.127990	0.0627258
0.819850	0.206127	0.0583620
0.822774	0.109789	0.0588187
0.825718	0.0945667	0.0580225
0.828681	0.202017	0.0581747
0.831664	0.00930251	0.0551946
0.834667	0.378632	0.0559785
0.837690	0.224488	0.0547566
0.840733	0.0302267	0.0561038
0.843795	0.119387	0.0534488
0.846876	0.144891	0.0531652
0.849978	0.129162	0.0498382
0.853099	0.271498	0.0485306
0.856239	0.183440	0.0462273
0.859399	0.319001	0.0471500
0.862579	0.167956	0.0457246
0.865777	0.0512635	0.0458936
0.868995	0.177884	0.0454005
0.872233	0.223753	0.0459966
0.875489	0.261768	0.0443412
0.878765	0.238472	0.0460738
0.882059	0.208875	0.0447312
0.885373	0.302228	0.0446014
0.888705	0.245324	0.0434214
0.892056	0.136426	0.0438225
0.895425	0.255940	0.0426325
0.898813	0.216731	0.0414262
0.902219	0.177403	0.0387075
0.905644	0.206373	0.0385105
0.909086	0.173168	0.0383332
0.912547	0.245871	0.0392725
0.916025	0.273698	0.0383751
0.919521	0.180497	0.0386665
0.923035	0.311670	0.0362940
0.926566	0.280538	0.0364148
0.930115	0.257978	0.0375956
0.933680	0.329042	0.0403407
0.937263	0.422481	0.0392004
0.940862	0.287058	0.0384621
0.944478	0.407497	0.0379020
0.948110	0.335699	0.0382591
0.951759	0.447468	0.0354781
0.955424	0.395346	0.0334906
0.959105	0.415386	0.0322221
0.962802	0.446241	0.0334761
0.966514	0.388398	0.0311742
0.970242	0.408545	0.0316728
0.973985	0.389253	0.0319050
0.977743	0.370174	0.0306376
0.981516	0.485788	0.0290518
0.985304	0.412397	0.0296601
0.989106	0.452582	0.0292393
0.992923	0.395601	0.0303336
0.996754	0.484168	0.0300354
1.00060	0.518321	0.0294579
1.00446	0.478180	0.0276499
1.00833	0.426419	0.0277104
1.01222	0.445575	0.0275197
1.01611	0.526158	0.0278062
1.02003	0.483741	0.0275119
1.02395	0.522707	0.0291170
1.02789	0.509353	0.0278542
1.03184	0.549632	0.0277678
1.03580	0.573418	0.0279486
1.03977	0.600906	0.0268019
1.04376	0.589873	0.0260212
1.04775	0.522473	0.0248399
1.05176	0.628374	0.0227994
1.05578	0.578815	0.0215723
1.05981	0.589982	0.0206286
1.06385	0.605963	0.0210817
1.06790	0.585778	0.0215893
1.07196	0.618440	0.0225832
1.07604	0.665119	0.0233700
1.08012	0.623589	0.0245264
1.08421	0.642134	0.0240159
1.08831	0.639192	0.0249186
1.09242	0.604834	0.0239848
1.09654	0.580284	0.0234161
1.10067	0.639383	0.0228491
1.10480	0.652709	0.0218626
1.10895	0.566306	0.0199254
1.11310	0.559383	0.0190165
1.11726	0.594447	0.0181311
1.12143	0.569058	0.0183522
1.12561	0.572715	0.0191636
1.12979	0.577813	0.0209979
1.13398	0.600213	0.0211247
1.13818	0.533920	0.0221416
1.14238	0.653097	0.0223767
1.14659	0.650242	0.0223364
1.15081	0.579928	0.0227745
1.15503	0.616618	0.0213590
1.15926	0.651772	0.0211072
1.16350	0.611115	0.0198508
1.16774	0.595463	0.0181311
1.17198	0.619749	0.0167443
1.17623	0.609404	0.0155772
1.18049	0.700188	0.0150748
1.18475	0.682176	0.0149870
1.18902	0.706521	0.0147508
1.19328	0.707106	0.0157213
1.19756	0.754008	0.0175221
1.20184	0.729128	0.0177640
1.20612	0.763033	0.0192350
1.21040	0.784461	0.0191858
1.21469	0.755059	0.0188894
1.21898	0.780133	0.0197450
1.22327	0.821157	0.0187636
1.22757	0.821857	0.0186087
1.23187	0.837352	0.0184365
1.23617	0.852194	0.0167661
1.24048	0.841097	0.0157889
1.24478	0.815587	0.0150469
1.24909	0.863071	0.0145449
1.25340	0.838385	0.0145199
1.25771	0.880803	0.0157081
1.26203	0.870230	0.0185251
1.26634	0.907211	0.0216056
1.27066	0.915175	0.0233368
1.27497	0.877926	0.0244465
1.27929	0.920222	0.0219536
1.28361	0.877403	0.0205571
1.28793	0.904464	0.0195381
1.29224	0.924325	0.0184831
1.29656	0.929923	0.0189319
1.30088	0.902624	0.0182736
1.30520	0.918218	0.0180835
1.30951	0.928721	0.0182583
1.31383	0.924423	0.0174157
1.31815	0.875088	0.0161981
1.32246	0.884513	0.0152415
1.32678	0.799254	0.0139334
1.33109	0.699850	0.0132035
1.33540	0.577794	0.0125832
1.33971	0.512847	0.0121186
1.34402	0.416576	0.0126658
1.34833	0.431890	0.0130937
1.35263	0.375513	0.0145969
1.35694	0.357344	0.0176417
1.36124	0.434583	0.0199760
1.36554	0.460370	0.0217894
1.36983	0.426820	0.0214605
1.37413	0.460275	0.0208562
1.37842	0.489970	0.0224568
1.38271	0.450396	0.0213220
1.38700	0.511992	0.0216768
1.39128	0.518491	0.0204822
1.39556	0.370008	0.0205960
1.39984	0.462199	0.0216806
1.40411	0.405884	0.0220538
1.40838	0.398462	0.0219832
1.41265	0.410576	0.0218982
1.41691	0.393676	0.0213672
1.42117	0.385058	0.0195042
1.42542	0.389927	0.0171692
1.42968	0.425446	0.0167968
1.43392	0.425874	0.0176240
1.43817	0.412397	0.0174515
1.44241	0.445202	0.0164962
1.44664	0.500513	0.0173091
1.45087	0.545241	0.0187629
1.45510	0.496369	0.0207554
1.45932	0.532852	0.0206017
1.46354	0.575051	0.0195238
1.46775	0.559060	0.0190905
1.47196	0.559675	0.0175218
1.47616	0.576187	0.0176640
1.48036	0.538570	0.0179997
1.48455	0.613552	0.0191396
1.48874	0.583877	0.0184704
1.49292	0.634903	0.0168763
1.49710	0.636049	0.0159788
1.50127	0.647737	0.0206483
1.50544	0.618790	0.0241244
1.50960	0.644790	0.0229829
1.51375	0.686913	0.0208728
1.51790	0.731329	0.0178718
1.52205	0.755493	0.0196512
1.52619	0.780345	0.0212822
1.53032	0.760587	0.0226620
1.53445	0.843282	0.0209833
1.53857	0.815295	0.0208114
1.54268	0.842044	0.0187062
1.54679	0.827340	0.0176945
1.55090	0.872834	0.0173444
1.55500	0.853774	0.0172064
1.55909	0.828242	0.0182518
1.56317	0.876772	0.0187252
1.56725	0.843747	0.0180013
1.57133	0.905415	0.0164402
1.57539	0.902029	0.0155601
1.57945	0.931777	0.0208641
1.58351	0.941253	0.0231434
1.58756	0.957023	0.0224527
1.59160	0.930722	0.0197606
1.59564	0.973781	0.0156965
1.59967	0.974064	0.0187416
1.60369	0.985912	0.0206557
1.60771	0.954535	0.0223052
1.61172	0.969683	0.0216885
1.61572	0.946477	0.0211518
1.61972	0.960280	0.0207673
1.62371	0.976888	0.0181525
1.62769	0.987736	0.0177091
1.63167	1.00076	0.0171146
1.63564	0.965400	0.0160009
1.63961	0.989993	0.0168739
1.64357	1.01827	0.0174311
1.64752	1.00834	0.0180670
1.65146	1.02050	0.0178029
1.65540	1.03157	0.0161125
1.65934	0.995457	0.0138249
1.66326	0.984741	0.0154671
1.66718	0.985121	0.0212618
1.67109	0.999856	0.0229364
1.67500	0.978870	0.0223384
1.67890	0.938841	0.0172690
1.68279	0.949754	0.0142035
1.68668	0.993928	0.0173512
1.69056	0.984157	0.0188479
1.69443	0.986039	0.0196897
1.69830	0.989220	0.0204390
1.70216	0.977145	0.0187932
1.70601	0.945405	0.0189979
1.70986	0.934655	0.0177442
1.71370	0.950321	0.0165057
1.71753	0.900038	0.0158384
1.72136	0.902672	0.0151920
1.72518	0.888424	0.0148793
1.72900	0.882523	0.0151270
1.73280	0.853033	0.0151002
1.73661	0.840129	0.0154880
1.74040	0.800899	0.0165149
1.74419	0.791641	0.0165574
1.74797	0.765764	0.0153259
1.75175	0.748266	0.0136089
1.75552	0.744872	0.0117939
1.75928	0.717978	0.0140591
1.76304	0.694572	0.0189912
1.76679	0.639730	0.0202379
1.77054	0.703457	0.0199900
1.77427	0.647979	0.0154551
1.77801	0.653261	0.0133424
1.78173	0.568855	0.0139562
1.78545	0.582115	0.0170156
1.78917	0.589937	0.0171296
1.79287	0.575463	0.0173676
1.79658	0.575497	0.0183281
1.80027	0.521232	0.0183125
1.80396	0.552593	0.0195815
1.80764	0.503822	0.0191246
1.81132	0.542910	0.0184655
1.81499	0.545864	0.0184393
1.81866	0.527811	0.0183735
1.82232	0.540931	0.0178805
1.82597	0.497157	0.0191424
1.82962	0.576331	0.0201760
1.83326	0.504902	0.0207439
1.83690	0.531891	0.0206512
1.84053	0.477154	0.0214277
1.84415	0.499843	0.0233270
1.84777	0.477477	0.0243662
1.85139	0.499326	0.0247925
1.85499	0.458881	0.0230929
1.85860	0.494286	0.0203644
1.86219	0.458403	0.0177305
1.86578	0.507402	0.0187626
1.86937	0.446326	0.0279092
1.87295	0.516777	0.0346020
1.87652	0.422658	0.0292812
1.88009	0.522534	0.0230610
1.88366	0.519301	0.0167938
1.88721	0.528836	0.0157553
1.89077	0.527464	0.0154703
1.89431	0.564475	0.0161125
1.89786	0.572812	0.0170830
1.90139	0.597583	0.0191499
1.90492	0.537198	0.0199248
1.90845	0.608422	0.0197306
1.91197	0.571486	0.0178817
1.91549	0.617014	0.0177871
1.91900	0.586214	0.0186525
1.92250	0.595707	0.0201740
1.92600	0.528810	0.0196159
1.92950	0.514788	0.0178767
1.93299	0.516586	0.0154442
1.93647	0.500275	0.0150582
1.93995	0.478333	0.0147939
1.94343	0.514917	0.0136843
1.94690	0.519070	0.0137836
1.95036	0.542371	0.0155667
1.95382	0.567109	0.0175882
1.95728	0.509922	0.0180554
1.96073	0.473351	0.0178763
1.96418	0.495463	0.0169615
1.96762	0.514112	0.0169137
1.97105	0.510477	0.0163712
1.97448	0.511212	0.0159032
1.97791	0.499012	0.0144306
1.98133	0.532806	0.0133761
1.98475	0.504491	0.0114368
1.98816	0.529006	0.0108364
1.99157	0.538117	0.0109530
1.99497	0.542900	0.0143404
1.99837	0.542506	0.0226333
2.00176	0.522645	0.0308036
2.00515	0.520393	0.0331886
2.00853	0.555852	0.0270096
2.01191	0.531266	0.0219171
2.01529	0.609302	0.0205216
2.01866	0.623599	0.0182179
2.02202	0.550628	0.0169030
2.02538	0.567420	0.0170373
2.02874	0.593266	0.0164506
2.03209	0.589715	0.0162951
2.03544	0.615431	0.0148425
2.03878	0.645328	0.0164467
2.04212	0.655868	0.0159645
2.04545	0.643327	0.0162828
2.04878	0.678237	0.0154098
2.05211	0.629796	0.0192401
2.05543	0.700483	0.0191669
2.05874	0.655627	0.0182180
2.06205	0.706455	0.0165437
2.06536	0.689253	0.0139621
2.06866	0.695813	0.0148736
2.07196	0.690441	0.0149422
2.07525	0.695673	0.0143426
2.07854	0.725510	0.0132653
2.08182	0.715315	0.0119953
2.08510	0.702740	0.0122291
2.08838	0.700544	0.0127916
2.09165	0.748020	0.0124911
2.09491	0.743115	0.0119877
2.09817	0.726099	0.0112452
2.10143	0.751733	0.0115811
2.10468	0.731990	0.0122329
2.10793	0.749744	0.0130532
2.11117	0.724752	0.0134011
2.11441	0.725409	0.0136026
2.11764	0.758954	0.0134022
2.12087	0.725394	0.0137758
2.12410	0.716666	0.0136087
2.12732	0.737338	0.0133692
2.13053	0.743628	0.0131284
2.13374	0.785395	0.0124438
2.13695	0.743700	0.0120852
2.14015	0.732336	0.0116167
2.14335	0.766831	0.0115918
2.14654	0.727756	0.0132453
2.14973	0.762776	0.0156659
2.15291	0.721877	0.0166501
2.15609	0.735728	0.0163985
2.15926	0.751595	0.0140884
2.16243	0.738882	0.0128401
2.16560	0.760251	0.0125816
2.16876	0.720705	0.0127350
2.17191	0.754001	0.0129506
2.17506	0.714920	0.0133258
2.17821	0.725443	0.0148094
2.18135	0.734124	0.0150201
2.18448	0.714211	0.0153072
2.18761	0.717626	0.0142760
2.19074	0.746256	0.0139562
2.19386	0.718244	0.0154973
2.19697	0.721096	0.0158837
2.20008	0.674760	0.0161060
2.20319	0.703630	0.0154165
2.20629	0.690136	0.0145678
2.20939	0.677254	0.0150288
2.21248	0.668310	0.0155568
2.21557	0.705136	0.0154743
2.21865	0.703555	0.0149876
2.22172	0.692109	0.0140720
2.22479	0.689225	0.0143477
2.22786	0.702064	0.0150152
2.23092	0.672166	0.0156810
2.23398	0.677399	0.0156801
2.23703	0.677252	0.0162435
2.24007	0.646954	0.0146604
2.24312	0.660889	0.0148779
2.24615	0.676064	0.0150839
2.24918	0.684665	0.0152856
2.25221	0.668311	0.0157159
2.25523	0.655063	0.0156514
2.25824	0.661810	0.0155335
2.26125	0.655161	0.0156746
2.26426	0.637849	0.0157370
2.26726	0.622719	0.0160168
2.27025	0.606365	0.0161203
2.27324	0.646106	0.0165619
2.27622	0.673494	0.0165241
2.27920	0.641828	0.0165858
2.28218	0.634161	0.0164805
2.28514	0.650599	0.0163774
2.28811	0.640715	0.0166728
2.29107	0.611259	0.0168397
2.29402	0.581397	0.0171331
2.29697	0.548365	0.0179490
2.29991	0.531826	0.0180940
2.30285	0.505091	0.0180023
2.30578	0.524070	0.0175352
2.30871	0.518366	0.0172555
2.31163	0.535845	0.0171431
2.31454	0.542118	0.0183086
2.31746	0.536903	0.0188270
2.32036	0.514192	0.0191374
2.32326	0.558132	0.0189301
2.32616	0.532338	0.0183685
2.32905	0.465577	0.0183459
2.33194	0.495137	0.0186143
2.33482	0.513420	0.0189984
2.33770	0.493728	0.0192423
2.34057	0.513584	0.0199404
2.34343	0.477481	0.0200833
2.34630	0.537059	0.0208611
2.34915	0.482724	0.0216422
2.35201	0.550653	0.0218805
2.35485	0.465363	0.0216523
2.35770	0.484102	0.0214723
2.36054	0.516639	0.0211057
2.36337	0.488899	0.0208678
2.36620	0.518863	0.0216533
2.36902	0.486709	0.0238659
2.37185	0.496990	0.0245195
2.37466	0.533649	0.0245495
2.37748	0.487893	0.0238973
2.38028	0.496378	0.0267502
2.38309	0.501044	0.0252156
2.38589	0.465780	0.0249317
2.38869	0.478032	0.0239833
2.39148	0.523895	0.0235791
2.39427	0.517479	0.0233545
2.39705	0.480812	0.0230429
2.39984	0.490891	0.0229300
2.40261	0.496372	0.0233622
2.40539	0.468772	0.0237077
2.40816	0.502885	0.0241673
2.41093	0.484488	0.0242100
2.41370	0.463048	0.0253568
2.41646	0.507710	0.0266368
2.41923	0.486647	0.0269390
2.42198	0.490768	0.0259692
2.42474	0.440211	0.0248902
2.42750	0.449257	0.0245170
2.43025	0.491996	0.0256566
2.43300	0.450140	0.0289795
2.43575	0.471981	0.0290835
2.43850	0.430952	0.0285537
2.44125	0.449456	0.0272874
2.44399	0.422954	0.0286862
2.44674	0.465962	0.0310410
2.44948	0.393356	0.0329446
2.45222	0.422204	0.0310941
2.45497	0.430193	0.0296200
2.45771	0.422035	0.0290365
2.46046	0.484116	0.0326352
2.46320	0.0990953	0.0215742
2.46594	0.401563	0.0329802
2.46869	0.367591	0.0339409
2.47144	0.351983	0.0349991
2.47419	0.360204	0.0349207
2.47694	0.379681	0.0346276
2.47969	0.391623	0.0355186
2.48244	0.385230	0.0393525
2.48520	0.365868	0.0425336
2.48796	0.355012	0.0431636
2.49073	0.442028	0.0443344
2.49349	0.325370	0.0443945
2.49627	0.344591	0.0421823
2.49904	0.399832	0.0404939
2.50182	0.347465	0.0422164
2.50461	0.371836	0.0457902
2.50740	0.309590	0.0493568
2.51019	0.243714	0.0526107
2.51300	0.385313	0.0591708
2.51580	0.253653	0.0674213
2.51862	0.289896	0.0669939
2.52144	0.258422	0.0648324
2.52428	0.337044	0.0659010
2.52711	0.361802	0.0749590
2.52996	0.257424	0.0930253
2.53282	0.185260	0.111584
2.53569	0.417560	0.121196
2.53856	0.150286	0.111005
2.54145	0.246562	0.114258
2.54435	0.131845	0.136941
2.54726	0.210206	0.167510
2.55018	-0.109766	0.192087
2.55312	0.405747	0.184604
2.55606	0.421649	0.152160
