#  ----------------------------------------------------------------------------------
# SpeX prism spectrum of 2MASSI J0103320+193536 (J01033203+1935361)
# Originally observed on 2003 Sep 19
# Average resolution = 120
# Originally published in Cruz et al. (2004) ApJ, 604, L61
#
# PLEASE CITE THE ORIGINAL DATA REFERENCE WHEN PUBLISHING OR PRESENTING THESE DATA
#
# Optical spectral type: L6
# J magnitude = 16.288
# H magnitude = 14.897
# Ks magnitude = 14.149
#
#  Wavelength (micron)   F_lambda (normalized)  Noise (normalized as F_lambda)
#  ----------------------------------------------------------------------------------
0.656884	0.103115	0.0936754
0.659073	0.111449	0.193357
0.661253	0.211325	0.188946
0.663426	0.105109	0.152368
0.665593	0.118638	0.0825149
0.667754	0.0801433	0.0799490
0.669911	0.320562	0.0591120
0.672064	0.0454793	0.117528
0.674214	0.172672	0.108908
0.676362	-0.0603440	0.0825281
0.678509	0.0459885	0.0796160
0.680656	0.148873	0.0931952
0.682803	0.112965	0.154568
0.684952	0.0772730	0.115608
0.687102	0.107140	0.129052
0.689254	0.203722	0.113373
0.691410	0.0786849	0.0476900
0.693570	0.0102809	0.101903
0.695735	-0.00295219	0.0559910
0.697905	0.110627	0.0993284
0.700080	-0.0230044	0.0677208
0.702262	0.00939343	0.0809441
0.704451	0.0614734	0.0298620
0.706648	-0.0647133	0.0838806
0.708853	-0.00108143	0.0725507
0.711066	0.0714516	0.0539853
0.713289	0.0911065	0.0618679
0.715522	0.0213987	0.0264693
0.717764	0.0698772	0.0719430
0.720018	-0.0757367	0.0603370
0.722282	0.0974699	0.0802174
0.724559	-0.0600158	0.0460814
0.726847	0.0375555	0.0447615
0.729148	0.00642844	0.0719054
0.731461	0.0524939	0.0387620
0.733788	0.143246	0.0306686
0.736129	0.00112371	0.0468019
0.738483	-0.0280731	0.0453057
0.740852	0.0803026	0.0683758
0.743236	0.0113786	0.0378952
0.745635	-0.00207358	0.0174768
0.748049	0.0242740	0.0294482
0.750478	0.0941081	0.0313086
0.752924	-0.00165228	0.0334781
0.755385	0.0128305	0.0401396
0.757863	0.0282117	0.0340042
0.760358	0.0144194	0.0367364
0.762870	-0.0329982	0.0362649
0.765399	0.00297645	0.0583254
0.767945	0.0401829	0.0332186
0.770509	-0.0468136	0.0511551
0.773091	0.0183887	0.0436788
0.775691	0.0258583	0.0132102
0.778309	0.00419862	0.00665982
0.780945	0.0582616	0.0158990
0.783599	-0.00348511	0.0311594
0.786273	0.00749866	0.0302325
0.788965	0.0186806	0.0381745
0.791675	0.0292839	0.0288754
0.794405	0.0175737	0.0469232
0.797154	0.0878020	0.0336839
0.799922	0.0364806	0.0132720
0.802710	0.0741134	0.0144295
0.805516	0.104119	0.0225228
0.808343	0.0562884	0.0116298
0.811188	0.102549	0.0161764
0.814054	0.117514	0.0117103
0.816938	0.0896334	0.0141244
0.819843	0.117680	0.0338281
0.822767	0.145076	0.0176909
0.825711	0.109052	0.0298847
0.828674	0.0882176	0.0265751
0.831658	0.140702	0.0270750
0.834660	0.158864	0.0196386
0.837683	0.149158	0.0353142
0.840725	0.158304	0.0201761
0.843787	0.194514	0.0158942
0.846869	0.180131	0.0209205
0.849970	0.188894	0.0215597
0.853091	0.156526	0.0283994
0.856232	0.155116	0.00870621
0.859392	0.186395	0.0141153
0.862571	0.168668	0.0164758
0.865770	0.182644	0.0206904
0.868988	0.147106	0.0222063
0.872225	0.132389	0.0231668
0.875482	0.140359	0.0172026
0.878757	0.162082	0.0136667
0.882051	0.168115	0.0235725
0.885365	0.181567	0.00793781
0.888697	0.178612	0.00811532
0.892048	0.177247	0.0113384
0.895417	0.197512	0.0205158
0.898805	0.187789	0.0219195
0.902211	0.195560	0.0242393
0.905636	0.245022	0.0188141
0.909078	0.233928	0.0165451
0.912539	0.294824	0.0109486
0.916017	0.263547	0.0147772
0.919513	0.235078	0.0199957
0.923027	0.293786	0.0127890
0.926558	0.309417	0.0140682
0.930106	0.304746	0.00947607
0.933672	0.343326	0.0246866
0.937254	0.294722	0.0181571
0.940854	0.302039	0.0184670
0.944469	0.328075	0.0171156
0.948102	0.305284	0.0268439
0.951751	0.379520	0.0143329
0.955415	0.355194	0.0168591
0.959096	0.378362	0.0193586
0.962793	0.389066	0.0106762
0.966505	0.364960	0.0246659
0.970233	0.384092	0.0183344
0.973976	0.396203	0.0285761
0.977734	0.379487	0.00823049
0.981507	0.401479	0.0168324
0.985295	0.429607	0.0231811
0.989098	0.395800	0.0131503
0.992914	0.415204	0.0120933
0.996745	0.411951	0.0169722
1.00059	0.378828	0.0113894
1.00445	0.379121	0.0236000
1.00832	0.377412	0.0121320
1.01221	0.356169	0.0106557
1.01610	0.390713	0.0164114
1.02002	0.435219	0.0147698
1.02394	0.437463	0.0230396
1.02788	0.432001	0.0106873
1.03183	0.459603	0.00700687
1.03579	0.452738	0.0246110
1.03976	0.445859	0.0142787
1.04375	0.479463	0.0268868
1.04774	0.539754	0.0224692
1.05175	0.516898	0.0246525
1.05577	0.524901	0.0194589
1.05980	0.563129	0.0276501
1.06384	0.549455	0.0259903
1.06789	0.553528	0.0251797
1.07196	0.572196	0.0212623
1.07603	0.577378	0.0237095
1.08011	0.589800	0.0140451
1.08420	0.601753	0.0328542
1.08830	0.640526	0.0258923
1.09241	0.615191	0.0360502
1.09653	0.608727	0.0248749
1.10066	0.608418	0.0301107
1.10479	0.580934	0.0341857
1.10894	0.599605	0.0140449
1.11309	0.586894	0.0227104
1.11725	0.592889	0.0190473
1.12142	0.605087	0.0128631
1.12560	0.568079	0.0211304
1.12978	0.622149	0.0158170
1.13397	0.583100	0.0215994
1.13817	0.594783	0.0316330
1.14237	0.595069	0.00906395
1.14658	0.588794	0.0260127
1.15080	0.620918	0.0183895
1.15502	0.626240	0.0414898
1.15925	0.637151	0.0288091
1.16349	0.661735	0.0231859
1.16773	0.628136	0.0372466
1.17197	0.631306	0.0231379
1.17622	0.624139	0.0200085
1.18048	0.628488	0.0372038
1.18474	0.635635	0.0168769
1.18901	0.649938	0.0197908
1.19327	0.695669	0.0168514
1.19755	0.710151	0.0256537
1.20183	0.692611	0.0289112
1.20611	0.668037	0.0464423
1.21039	0.690148	0.0283198
1.21468	0.690262	0.0293664
1.21897	0.734572	0.0355800
1.22326	0.755700	0.0346422
1.22756	0.791795	0.0268836
1.23186	0.795396	0.0313793
1.23616	0.816976	0.0318633
1.24047	0.825910	0.0319844
1.24477	0.804203	0.0297003
1.24908	0.793289	0.0353313
1.25339	0.824675	0.0356071
1.25770	0.806450	0.0297700
1.26202	0.803175	0.0403530
1.26633	0.839486	0.0342302
1.27065	0.888807	0.0246202
1.27496	0.909647	0.0413533
1.27928	0.887960	0.0455710
1.28360	0.901073	0.0260031
1.28791	0.908525	0.0420628
1.29223	0.916702	0.0461462
1.29655	0.913018	0.0349643
1.30087	0.906746	0.0432680
1.30519	0.933667	0.0358680
1.30950	0.933845	0.0251997
1.31382	0.899557	0.0429322
1.31814	0.914014	0.0413898
1.32245	0.899979	0.0396804
1.32677	0.868525	0.0373039
1.33108	0.823497	0.0372077
1.33539	0.783865	0.0300590
1.33970	0.699471	0.0203542
1.34401	0.584733	0.0256885
1.34832	0.517747	0.0200100
1.35262	0.530844	0.0156999
1.35693	0.488159	0.0126111
1.36123	0.472919	0.0189577
1.36553	0.398948	0.0244654
1.36982	0.402592	0.0220617
1.37412	0.385113	0.0285306
1.37841	0.478563	0.0253662
1.38270	0.515817	0.0270783
1.38699	0.569394	0.0220491
1.39127	0.507778	0.0272478
1.39555	0.486624	0.0130828
1.39983	0.600402	0.0208103
1.40410	0.576765	0.0134584
1.40837	0.448587	0.0147053
1.41264	0.492557	0.0123145
1.41690	0.473186	0.00814277
1.42116	0.441316	0.0233210
1.42541	0.455717	0.0157176
1.42967	0.475207	0.0139775
1.43391	0.458049	0.0175891
1.43816	0.485461	0.00786568
1.44240	0.498474	0.00848188
1.44663	0.477203	0.0271866
1.45086	0.498028	0.0320409
1.45509	0.510095	0.0191254
1.45931	0.525384	0.0231586
1.46353	0.525092	0.0237004
1.46774	0.551027	0.0267300
1.47195	0.545436	0.0247671
1.47615	0.564670	0.0207090
1.48035	0.550537	0.0244996
1.48454	0.563568	0.0241400
1.48873	0.606513	0.0296045
1.49291	0.631138	0.0203042
1.49709	0.643538	0.0294599
1.50126	0.638052	0.0245896
1.50543	0.629143	0.0241224
1.50959	0.666627	0.0305294
1.51374	0.674319	0.0259544
1.51789	0.699983	0.0238177
1.52204	0.701671	0.0230349
1.52618	0.721446	0.0253152
1.53031	0.716815	0.0362637
1.53444	0.753262	0.0280916
1.53856	0.779141	0.0304217
1.54267	0.750932	0.0369173
1.54678	0.784331	0.0374161
1.55089	0.778545	0.0403601
1.55499	0.830244	0.0315098
1.55908	0.838003	0.0277562
1.56316	0.845772	0.0327177
1.56724	0.830398	0.0296509
1.57132	0.882815	0.0273503
1.57538	0.889552	0.0539658
1.57945	0.854382	0.0387774
1.58350	0.900276	0.0374726
1.58755	0.890534	0.0514856
1.59159	0.875957	0.0316297
1.59563	0.870926	0.0363034
1.59966	0.902392	0.0421247
1.60368	0.916737	0.0414187
1.60770	0.927246	0.0435910
1.61171	0.918334	0.0471461
1.61571	0.960908	0.0341898
1.61971	0.939097	0.0389584
1.62370	0.936629	0.0425746
1.62768	0.967418	0.0361478
1.63166	0.971680	0.0246673
1.63563	0.966153	0.0382017
1.63960	0.969465	0.0363591
1.64356	0.994678	0.0411738
1.64751	0.952398	0.0434387
1.65146	0.978738	0.0524989
1.65539	0.981437	0.0391969
1.65933	1.00139	0.0479790
1.66325	1.00775	0.0314077
1.66717	1.00884	0.0371441
1.67108	1.01331	0.0459236
1.67499	0.916276	0.0413149
1.67889	0.996768	0.0336381
1.68278	0.980262	0.0384860
1.68667	1.03423	0.0279872
1.69055	1.02565	0.0398487
1.69442	1.01860	0.0406536
1.69829	0.995313	0.0378494
1.70215	1.00301	0.0525035
1.70600	0.978200	0.0504289
1.70985	0.975230	0.0515033
1.71369	0.955296	0.0364191
1.71752	0.929231	0.0451956
1.72135	0.951919	0.0392012
1.72517	0.909400	0.0405000
1.72899	0.870342	0.0416439
1.73280	0.864662	0.0244459
1.73660	0.864232	0.0375084
1.74039	0.842982	0.0352642
1.74418	0.866048	0.0312618
1.74796	0.812625	0.0341687
1.75174	0.797047	0.0230118
1.75551	0.774217	0.0355592
1.75927	0.788852	0.0444464
1.76303	0.738915	0.0340736
1.76678	0.725509	0.0306013
1.77053	0.692317	0.0297734
1.77427	0.652034	0.0277849
1.77800	0.679042	0.0183829
1.78172	0.673450	0.0239282
1.78544	0.637121	0.0226770
1.78916	0.640203	0.0260355
1.79287	0.616911	0.0299507
1.79657	0.560081	0.0314417
1.80026	0.599023	0.0199305
1.80395	0.608524	0.0227265
1.80764	0.591408	0.0200224
1.81131	0.549523	0.0243055
1.81499	0.565232	0.0204045
1.81865	0.586659	0.0202991
1.82231	0.586577	0.0220221
1.82596	0.568585	0.0229697
1.82961	0.542683	0.0215082
1.83325	0.639967	0.0174419
1.83689	0.568073	0.0158745
1.84052	0.583640	0.0201267
1.84415	0.562230	0.0228323
1.84777	0.401646	0.0285845
1.85138	0.557712	0.0333007
1.85499	0.631373	0.0320918
1.85859	0.491024	0.0306079
1.86218	0.508432	0.0148455
1.86578	0.485414	0.0343442
1.86936	0.492501	0.0155996
1.87294	0.605912	0.0390068
1.87652	0.512527	0.0320438
1.88008	0.443794	0.0261673
1.88365	0.453922	0.0346423
1.88721	0.568760	0.0391045
1.89076	0.596103	0.0276956
1.89431	0.545418	0.0232949
1.89785	0.559693	0.0212183
1.90138	0.517559	0.0251850
1.90492	0.641628	0.0265541
1.90844	0.536161	0.0168428
1.91196	0.509237	0.0236127
1.91548	0.629501	0.0145703
1.91899	0.676703	0.0279674
1.92249	0.579150	0.0301585
1.92599	0.616582	0.0338152
1.92949	0.609299	0.0345127
1.93298	0.647713	0.0343703
1.93647	0.553979	0.0131216
1.93995	0.582013	0.0279134
1.94342	0.591984	0.0274897
1.94689	0.514982	0.0202885
1.95036	0.539648	0.0325097
1.95382	0.578774	0.0163392
1.95727	0.547616	0.0167032
1.96072	0.568500	0.0188984
1.96417	0.477632	0.0120433
1.96761	0.507904	0.0184774
1.97104	0.528657	0.0257264
1.97447	0.548782	0.0235123
1.97790	0.536977	0.0216077
1.98132	0.543124	0.0288330
1.98474	0.517017	0.0243843
1.98815	0.557421	0.0215730
1.99156	0.538071	0.0192423
1.99496	0.523879	0.0142285
1.99836	0.518255	0.0316632
2.00175	0.609785	0.0289307
2.00514	0.593458	0.0139598
2.00852	0.539475	0.0190116
2.01190	0.512184	0.0176985
2.01528	0.549451	0.0300079
2.01865	0.580040	0.0280649
2.02201	0.562830	0.0309953
2.02538	0.566816	0.0323319
2.02873	0.602942	0.0327160
2.03208	0.612655	0.0271007
2.03543	0.621235	0.0238890
2.03877	0.584619	0.0317116
2.04211	0.630616	0.0166915
2.04544	0.589683	0.0169364
2.04877	0.618668	0.0291190
2.05210	0.643298	0.0273165
2.05542	0.662387	0.0309499
2.05873	0.639030	0.0226124
2.06204	0.630324	0.0358030
2.06535	0.676565	0.0349960
2.06865	0.693694	0.0323143
2.07195	0.707838	0.0199483
2.07524	0.658519	0.0374670
2.07853	0.688483	0.0225323
2.08181	0.687371	0.0370367
2.08509	0.685822	0.0266751
2.08837	0.725346	0.0254661
2.09164	0.723962	0.0303965
2.09490	0.718972	0.0304638
2.09817	0.703624	0.0330274
2.10142	0.711452	0.0315046
2.10467	0.716853	0.0264822
2.10792	0.708051	0.0324577
2.11116	0.707661	0.0342656
2.11440	0.762078	0.0232337
2.11764	0.718113	0.0309013
2.12087	0.744402	0.0364871
2.12409	0.730417	0.0402610
2.12731	0.736614	0.0235103
2.13053	0.724097	0.0397264
2.13374	0.745131	0.0366759
2.13694	0.726443	0.0317978
2.14014	0.743871	0.0301199
2.14334	0.761517	0.0276853
2.14653	0.768289	0.0418455
2.14972	0.760156	0.0207010
2.15290	0.744938	0.0372296
2.15608	0.729006	0.0233067
2.15926	0.752014	0.0366789
2.16243	0.751113	0.0306565
2.16559	0.759477	0.0359389
2.16875	0.745962	0.0263005
2.17190	0.737772	0.0331386
2.17505	0.747980	0.0335302
2.17820	0.740970	0.0377008
2.18134	0.755439	0.0312986
2.18447	0.730077	0.0397553
2.18760	0.722077	0.0320115
2.19073	0.741707	0.0233425
2.19385	0.710520	0.0337713
2.19697	0.715872	0.0282155
2.20008	0.729052	0.0353503
2.20318	0.738693	0.0345945
2.20628	0.726999	0.0301002
2.20938	0.719433	0.0308714
2.21247	0.730297	0.0329938
2.21556	0.734992	0.0250922
2.21864	0.746819	0.0238643
2.22172	0.730233	0.0276472
2.22479	0.712227	0.0268319
2.22785	0.716389	0.0353138
2.23091	0.725042	0.0234394
2.23397	0.687402	0.0256760
2.23702	0.692410	0.0342235
2.24007	0.701319	0.0355418
2.24311	0.706321	0.0278882
2.24614	0.690704	0.0375468
2.24917	0.718079	0.0186831
2.25220	0.706716	0.0350129
2.25522	0.693760	0.0267960
2.25823	0.693814	0.0314048
2.26125	0.680689	0.0308236
2.26425	0.695478	0.0285351
2.26725	0.682559	0.0398970
2.27024	0.689157	0.0394935
2.27323	0.682187	0.0282986
2.27622	0.691558	0.0303823
2.27920	0.671351	0.0324308
2.28217	0.686819	0.0297845
2.28514	0.687184	0.0304286
2.28810	0.655351	0.0284567
2.29106	0.658153	0.0233566
2.29401	0.644328	0.0232758
2.29696	0.620738	0.0315910
2.29990	0.579505	0.0239118
2.30284	0.529525	0.0183875
2.30577	0.545812	0.0217179
2.30870	0.534914	0.0254186
2.31162	0.531146	0.0262682
2.31454	0.552923	0.0243581
2.31745	0.534011	0.0288966
2.32036	0.579268	0.0254256
2.32326	0.565956	0.0228694
2.32615	0.559411	0.0183247
2.32904	0.544363	0.0210820
2.33193	0.529643	0.0191856
2.33481	0.559100	0.0197121
2.33769	0.537607	0.0184603
2.34056	0.526134	0.0255282
2.34343	0.543433	0.0170092
2.34629	0.550947	0.0255476
2.34915	0.544578	0.0244858
2.35200	0.549667	0.00525664
2.35485	0.541467	0.0243580
2.35769	0.536579	0.0194471
2.36053	0.540765	0.0171057
2.36336	0.522958	0.0145287
2.36619	0.459252	0.0148511
2.36902	0.491929	0.0134767
2.37184	0.500473	0.0279919
2.37466	0.511032	0.0243310
2.37747	0.496529	0.0216366
2.38028	0.487567	0.0221264
2.38308	0.535147	0.0248966
2.38588	0.506991	0.0301259
2.38868	0.487617	0.0134517
2.39147	0.491226	0.0191267
2.39426	0.512894	0.0159200
2.39705	0.528117	0.0239839
2.39983	0.499207	0.0253060
2.40261	0.500985	0.0238194
2.40538	0.516676	0.0275359
2.40816	0.509720	0.0181902
2.41093	0.488292	0.0203417
2.41369	0.507388	0.0231591
2.41646	0.478195	0.0284508
2.41922	0.522801	0.0263887
2.42198	0.497692	0.0152541
2.42474	0.469677	0.0161557
2.42749	0.479739	0.0140171
2.43024	0.455922	0.0136074
2.43299	0.483186	0.0306659
2.43574	0.482329	0.0247075
2.43849	0.465078	0.0201628
2.44124	0.440236	0.0188103
2.44398	0.473615	0.0228775
2.44673	0.465710	0.0371844
2.44947	0.457291	0.0100953
2.45222	0.472938	0.0211472
2.45496	0.448296	0.0189428
2.45771	0.423631	0.0150240
2.46045	0.438206	0.0223643
2.46319	0.481083	0.0193932
2.46594	0.423880	0.0129698
2.46868	0.440012	0.0230112
2.47143	0.425818	0.0279124
2.47418	0.392037	0.0382098
2.47693	0.424278	0.0333239
2.47968	0.367790	0.0119928
2.48244	0.406175	0.0346605
2.48520	0.510554	0.0258660
2.48796	0.360047	0.0391966
2.49072	0.440910	0.0402671
2.49349	0.459079	0.0236309
2.49626	0.345340	0.0187484
2.49903	0.374520	0.0407219
2.50181	0.379702	0.0263433
2.50460	0.415376	0.0264579
2.50739	0.393671	0.0301605
2.51019	0.409522	0.0394388
2.51299	0.268679	0.0696755
2.51580	0.448040	0.0622654
2.51861	0.177252	0.0850819
2.52144	0.383386	0.0294385
2.52427	0.373572	0.0586990
2.52711	0.461601	0.0583502
2.52996	0.263365	0.0774974
2.53281	0.517252	0.111362
2.53568	0.328284	0.105632
2.53856	0.254696	0.137768
2.54144	0.129537	0.144796
2.54434	0.450154	0.281057
2.54725	0.572218	0.299156
2.55017	0.226916	0.346394
2.55311	0.0749268	0.333030
2.55606	0.397724	0.240425
2.55902	0.111442	0.469382
2.56200	0.352217	0.166474
2.56499	-0.0696642	0.170514
