#  ----------------------------------------------------------------------------------
# SpeX prism spectrum of 2MASS J13023811+5650212 (J13023811+5650212)
# Originally observed on 2007 Jul 04
# Average resolution = 120
# Originally published in Kirkpatrick et al. (2010) ApJS, 190, 100
#
# PLEASE CITE THE ORIGINAL DATA REFERENCE WHEN PUBLISHING OR PRESENTING THESE DATA
#
# Optical spectral type: L2
# Near infrared spectral type: L3pec
# J magnitude = 16.360
# H magnitude = 15.469
# Ks magnitude = 14.972
#
#  Wavelength (micron)   F_lambda (normalized)  Noise (normalized as F_lambda)
#  ----------------------------------------------------------------------------------
0.644687	-1.24901	1.39868
0.646939	-0.566459	1.25512
0.649176	0.306429	1.37165
0.651400	0.525414	1.24387
0.653613	-0.970161	0.830620
0.655816	0.338032	0.753678
0.658008	0.712923	0.685367
0.660192	0.781802	0.640518
0.662369	0.398746	0.647927
0.664538	0.860228	0.624568
0.666702	0.252310	0.642876
0.668861	-0.778833	0.574430
0.671016	-0.781080	0.559541
0.673167	-0.706146	0.534296
0.675316	0.125607	0.486091
0.677464	0.790572	0.431123
0.679611	0.439723	0.408633
0.681758	0.853258	0.365283
0.683905	1.85434	0.353289
0.686054	2.00925	0.348550
0.688206	0.281580	0.384948
0.690360	0.275919	0.202433
0.692518	0.339096	0.230265
0.694680	0.144969	0.188763
0.696847	0.310696	0.158523
0.699020	0.491832	0.143547
0.701199	-0.0784704	0.126609
0.703384	0.198295	0.107644
0.705577	0.443257	0.0882559
0.707778	-0.0854254	0.0688311
0.709987	0.0263040	0.0506467
0.712205	-0.00408946	0.0229915
0.714433	0.000771502	0.00505893
0.716671	0.0368739	0.0182097
0.718919	0.0566602	0.00954834
0.721178	-0.000759873	0.000869431
0.723449	-0.0216865	0.00670378
0.725731	-0.0380323	0.00900191
0.728026	-0.0626020	0.0183224
0.730333	-0.0348181	0.0250546
0.732654	-0.0867920	0.0292991
0.734987	-0.0920161	0.0299747
0.737335	-0.0583452	0.0266459
0.739697	0.00331285	0.00341956
0.742073	0.134358	0.0370706
0.744465	-0.0979101	0.0439541
0.746871	-0.0617862	0.0463846
0.749293	-0.0613904	0.0459455
0.751731	-0.0328989	0.0452395
0.754185	0.00222399	0.0367514
0.756655	0.0386950	0.0344327
0.759141	-0.0249243	0.0334296
0.761645	-0.0122971	0.0281918
0.764165	-0.0303632	0.0129774
0.766703	0.00317844	0.00558466
0.769258	-0.0108384	0.00520697
0.771832	0.00359723	0.00578887
0.774422	0.0165224	0.0137576
0.777031	0.0534879	0.0205540
0.779659	-0.0204230	0.0247671
0.782304	0.00608167	0.0281305
0.784968	0.0480439	0.0288336
0.787651	0.115712	0.0293452
0.790353	0.0152030	0.0274307
0.793073	0.0323171	0.0250020
0.795813	-0.0507887	0.0231256
0.798572	-0.0184516	0.0177890
0.801350	-0.0137553	0.0104957
0.804147	-0.000505529	0.00402850
0.806964	-0.00205662	0.00237357
0.809800	0.0214559	0.00954248
0.812656	-0.00971145	0.0145793
0.815531	0.0909011	0.0210894
0.818426	0.0990814	0.0198238
0.821340	0.0955650	0.0255234
0.824275	0.0811120	0.0306166
0.827229	0.0521145	0.0327169
0.830202	0.0784209	0.0343735
0.833196	0.166288	0.0351978
0.836209	0.127915	0.0428364
0.839241	0.0856518	0.0491028
0.842294	0.265613	0.0534556
0.845366	0.187252	0.0577403
0.848458	0.190816	0.0594842
0.851569	0.295440	0.0555619
0.854700	0.143465	0.0565512
0.857850	0.0190269	0.0802489
0.861020	0.138538	0.0597019
0.864210	0.210063	0.0634873
0.867418	0.158813	0.0764425
0.870646	0.472963	0.0744106
0.873893	0.303767	0.0731881
0.877159	0.244548	0.0737636
0.880445	0.192390	0.0744324
0.883749	0.331525	0.0774760
0.887072	0.322196	0.0743348
0.890414	0.146370	0.0763812
0.893774	0.348694	0.0744311
0.897153	0.239774	0.0776208
0.900550	0.208552	0.0760725
0.903966	0.278148	0.0764300
0.907400	0.385850	0.0827375
0.910851	0.331965	0.0857681
0.914321	0.185490	0.0850608
0.917809	0.416618	0.0866187
0.921314	0.475512	0.0856076
0.924836	0.399682	0.0862134
0.928376	0.162952	0.0904559
0.931933	0.563411	0.0979221
0.935508	0.223792	0.0964454
0.939099	0.474119	0.102280
0.942706	0.362027	0.0936753
0.946331	0.517538	0.0957583
0.949972	0.594117	0.0889076
0.953629	0.477173	0.0835379
0.957302	0.501072	0.0796065
0.960991	0.445941	0.0882075
0.964696	0.552570	0.0825375
0.968416	0.553541	0.0844428
0.972151	0.732897	0.0813342
0.975902	0.568266	0.0744693
0.979668	0.519619	0.0758104
0.983449	0.466354	0.0755410
0.987244	0.330384	0.0761658
0.991054	0.389778	0.0759672
0.994878	-0.0253027	0.0205064
0.998716	0.576436	0.0752304
1.00257	0.418134	0.0695407
1.00643	0.515950	0.0694567
1.01031	0.563030	0.0717077
1.01420	0.460823	0.0715816
1.01811	0.448484	0.0749102
1.02203	0.299401	0.0740301
1.02596	0.365627	0.0730920
1.02990	0.537897	0.0752760
1.03386	0.586771	0.0712360
1.03783	0.557177	0.0710132
1.04181	0.611512	0.0662929
1.04580	0.633662	0.0602839
1.04980	0.552807	0.0541706
1.05381	0.629974	0.0518451
1.05784	0.629563	0.0509686
1.06187	0.615373	0.0559624
1.06592	0.757959	0.0589400
1.06998	0.721542	0.0633780
1.07404	0.845060	0.0672347
1.07812	0.790503	0.0658070
1.08221	0.734379	0.0675494
1.08630	0.833268	0.0686014
1.09041	0.762772	0.0639698
1.09452	0.797714	0.0614987
1.09865	0.716276	0.0573502
1.10278	0.880731	0.0537887
1.10692	0.766096	0.0490528
1.11107	0.707270	0.0491022
1.11522	0.862140	0.0489913
1.11939	0.861500	0.0570907
1.12356	0.805552	0.0647067
1.12774	0.907832	0.0686233
1.13193	0.877916	0.0725573
1.13612	0.716259	0.0701677
1.14032	0.800380	0.0688332
1.14453	0.812786	0.0702144
1.14875	1.00080	0.0673897
1.15297	0.949804	0.0669723
1.15719	0.816759	0.0605771
1.16142	0.872121	0.0540923
1.16566	0.749662	0.0473192
1.16990	0.778463	0.0434991
1.17415	0.809943	0.0399567
1.17841	0.824237	0.0387347
1.18266	0.842592	0.0377370
1.18693	0.736846	0.0418844
1.19119	0.744292	0.0476793
1.19547	0.669131	0.0499091
1.19974	0.712933	0.0535217
1.20402	0.847544	0.0543165
1.20830	0.828575	0.0527882
1.21259	0.845198	0.0556337
1.21688	0.963501	0.0522879
1.22117	0.874120	0.0528845
1.22547	0.915779	0.0513888
1.22977	0.805229	0.0478862
1.23407	0.817149	0.0429766
1.23837	0.760179	0.0405245
1.24268	0.755360	0.0402675
1.24698	0.818110	0.0424509
1.25129	0.837297	0.0482044
1.25560	0.872846	0.0627287
1.25992	0.896005	0.0779730
1.26423	0.927746	0.0881718
1.26855	0.897130	0.0940307
1.27286	1.08771	0.0833663
1.27718	0.996220	0.0738117
1.28149	0.951029	0.0610870
1.28581	0.967346	0.0532137
1.29013	1.01064	0.0533820
1.29445	0.943736	0.0501174
1.29877	1.06832	0.0504571
1.30308	1.00212	0.0509944
1.30740	0.948615	0.0478024
1.31172	0.990548	0.0450852
1.31604	1.03371	0.0413094
1.32035	0.871709	0.0382335
1.32467	0.849569	0.0362484
1.32898	0.725005	0.0343319
1.33329	0.636375	0.0340576
1.33760	0.553216	0.0320974
1.34191	0.402662	0.0340607
1.34622	0.408637	0.0360360
1.35053	0.348822	0.0461287
1.35483	0.377797	0.0642901
1.35913	0.501864	0.0947794
1.36343	0.560828	0.129490
1.36773	0.612727	0.136028
1.37203	0.429390	0.109702
1.37632	0.748909	0.111571
1.38061	0.772999	0.104338
1.38490	0.771579	0.101646
1.38918	0.761907	0.104563
1.39346	0.454380	0.100688
1.39774	0.651253	0.105708
1.40202	0.915069	0.115805
1.40629	0.582233	0.112612
1.41056	0.691862	0.101554
1.41482	0.553751	0.0853169
1.41909	0.598341	0.0686518
1.42334	0.622718	0.0613049
1.42760	0.466022	0.0627825
1.43185	0.508688	0.0597740
1.43609	0.535872	0.0579541
1.44033	0.445660	0.0639851
1.44457	0.612405	0.0709013
1.44880	0.569077	0.0759428
1.45303	0.518128	0.0723779
1.45726	0.518030	0.0645461
1.46147	0.521431	0.0603925
1.46569	0.512502	0.0575391
1.46990	0.556445	0.0629456
1.47410	0.645408	0.0642643
1.47830	0.591515	0.0691201
1.48250	0.593961	0.0657236
1.48669	0.665448	0.0576669
1.49087	0.602040	0.0513916
1.49505	0.545426	0.0657575
1.49923	0.561197	0.0729525
1.50340	0.707593	0.0723488
1.50756	0.571725	0.0648705
1.51172	0.706350	0.0528750
1.51587	0.564784	0.0589922
1.52002	0.643644	0.0639219
1.52416	0.792410	0.0691673
1.52830	0.732681	0.0635003
1.53243	0.734104	0.0638517
1.53655	0.774321	0.0568746
1.54067	0.708971	0.0526929
1.54478	0.610781	0.0525054
1.54889	0.778180	0.0514361
1.55299	0.783901	0.0547037
1.55709	0.790283	0.0558398
1.56117	0.672385	0.0531824
1.56526	0.713726	0.0492572
1.56933	0.795668	0.0466861
1.57340	0.725110	0.0638614
1.57747	0.800139	0.0726911
1.58153	0.833477	0.0723777
1.58558	0.706447	0.0616091
1.58962	0.742377	0.0441614
1.59366	0.569064	0.0522825
1.59770	0.770308	0.0589659
1.60172	0.653841	0.0661134
1.60574	0.575950	0.0660835
1.60976	0.710429	0.0600956
1.61376	0.733252	0.0605743
1.61776	0.691773	0.0524178
1.62176	0.766033	0.0509573
1.62574	0.734451	0.0503509
1.62973	0.704671	0.0458710
1.63370	0.816973	0.0484357
1.63767	0.805197	0.0499505
1.64163	0.864681	0.0505473
1.64559	0.834749	0.0492716
1.64953	0.826125	0.0446529
1.65348	0.778405	0.0366099
1.65741	0.750833	0.0404631
1.66134	0.768614	0.0586204
1.66526	0.783289	0.0625112
1.66918	0.723523	0.0614215
1.67309	0.781479	0.0469171
1.67699	0.692449	0.0369332
1.68089	0.767304	0.0450833
1.68478	0.779947	0.0507307
1.68866	0.653059	0.0549592
1.69254	0.794380	0.0590455
1.69641	0.793665	0.0536171
1.70027	0.731057	0.0532334
1.70413	0.725904	0.0508945
1.70798	0.619698	0.0464927
1.71182	0.732766	0.0449898
1.71566	0.769478	0.0419269
1.71949	0.657079	0.0402914
1.72331	0.629825	0.0410576
1.72713	0.652674	0.0417489
1.73094	0.626536	0.0432042
1.73475	0.665911	0.0459922
1.73855	0.465292	0.0453712
1.74234	0.554329	0.0420380
1.74612	0.599638	0.0378926
1.74990	0.531378	0.0310091
1.75368	0.547914	0.0362296
1.75744	0.524936	0.0527292
1.76120	0.428580	0.0574595
1.76496	0.513592	0.0566087
1.76870	0.591921	0.0437234
1.77245	0.400799	0.0323690
1.77618	0.475502	0.0357234
1.77991	0.370622	0.0467786
1.78363	0.433651	0.0479272
1.78735	0.366798	0.0491859
1.79106	0.366501	0.0525149
1.79477	0.368223	0.0520356
1.79846	0.321765	0.0584822
1.80216	0.438424	0.0591751
1.80584	0.442433	0.0579577
1.80952	0.509387	0.0571083
1.81320	0.242332	0.0555590
1.81687	0.440848	0.0550453
1.82053	0.356008	0.0578125
1.82419	0.324268	0.0643017
1.82784	0.359735	0.0622438
1.83148	0.259263	0.0708532
1.83512	0.477324	0.102764
1.83875	0.331727	0.125649
1.84238	0.350866	0.136337
1.84600	0.226028	0.128802
1.84962	0.276753	0.112748
1.85323	0.421281	0.122152
1.85683	0.403685	0.100733
1.86043	0.252617	0.0866086
1.86403	0.201550	0.0915576
1.86762	0.123426	0.124572
1.87120	0.405168	0.179362
1.87478	0.349563	0.168268
1.87835	0.475343	0.0964893
1.88191	0.395711	0.0680666
1.88547	0.389871	0.0585186
1.88903	0.314706	0.0595398
1.89258	0.349563	0.0586467
1.89612	0.269997	0.0714754
1.89966	0.323521	0.0825481
1.90320	0.361958	0.0989168
1.90673	0.286024	0.0911559
1.91025	0.559570	0.0897164
1.91377	0.427908	0.0866099
1.91728	0.552142	0.0974237
1.92079	0.474161	0.0813562
1.92429	0.527954	0.0753812
1.92779	0.464678	0.0617428
1.93128	0.357187	0.0533022
1.93477	0.404352	0.0485334
1.93825	0.404557	0.0408183
1.94173	0.415736	0.0404648
1.94520	0.323379	0.0420502
1.94867	0.275960	0.0442676
1.95213	0.382136	0.0492766
1.95559	0.359808	0.0536481
1.95904	0.431843	0.0560096
1.96249	0.401471	0.0549937
1.96593	0.368256	0.0528609
1.96937	0.412013	0.0515175
1.97280	0.416090	0.0440078
1.97623	0.384998	0.0392835
1.97966	0.367031	0.0308164
1.98308	0.394795	0.0278431
1.98649	0.339292	0.0261807
1.98990	0.249572	0.0303605
1.99330	0.220003	0.0425401
1.99671	0.234022	0.0532179
2.00010	0.441362	0.0683530
2.00349	0.370392	0.0674773
2.00688	0.410612	0.0579420
2.01026	0.289758	0.0553609
2.01364	0.506322	0.0515757
2.01701	0.431254	0.0538690
2.02038	0.427655	0.0562060
2.02374	0.397273	0.0497760
2.02710	0.269875	0.0457354
2.03045	0.360655	0.0390635
2.03380	0.382813	0.0429791
2.03715	0.291059	0.0406323
2.04049	0.293697	0.0401380
2.04382	0.293727	0.0336275
2.04715	0.323581	0.0378515
2.05048	0.277463	0.0450566
2.05380	0.353365	0.0458476
2.05712	0.458328	0.0415467
2.06043	0.394710	0.0314742
2.06374	0.402815	0.0344363
2.06704	0.496844	0.0380601
2.07034	0.458452	0.0370547
2.07364	0.424199	0.0336031
2.07693	0.437321	0.0281421
2.08022	0.409383	0.0282635
2.08350	0.418446	0.0300530
2.08677	0.439522	0.0294615
2.09005	0.376261	0.0272902
2.09331	0.423837	0.0248467
2.09658	0.438350	0.0246361
2.09984	0.484704	0.0285873
2.10309	0.468663	0.0309844
2.10634	0.440140	0.0310654
2.10959	0.437269	0.0320682
2.11283	0.432275	0.0319018
2.11606	0.441686	0.0318339
2.11929	0.487473	0.0324430
2.12252	0.457698	0.0312974
2.12574	0.467316	0.0314356
2.12896	0.390287	0.0282345
2.13217	0.432987	0.0259948
2.13538	0.445786	0.0242710
2.13859	0.472514	0.0236080
2.14179	0.450423	0.0287583
2.14498	0.479945	0.0373767
2.14817	0.373151	0.0406825
2.15135	0.442934	0.0402146
2.15454	0.512659	0.0331812
2.15771	0.495203	0.0280439
2.16088	0.528337	0.0264852
2.16405	0.474143	0.0275894
2.16721	0.436001	0.0283095
2.17037	0.488012	0.0293357
2.17352	0.460686	0.0336149
2.17667	0.449487	0.0345481
2.17981	0.437497	0.0359936
2.18295	0.463519	0.0329894
2.18608	0.475138	0.0323666
2.18921	0.401272	0.0359022
2.19233	0.514947	0.0365589
2.19545	0.492806	0.0371226
2.19856	0.404059	0.0348399
2.20167	0.447755	0.0326955
2.20477	0.424920	0.0353136
2.20787	0.457378	0.0367194
2.21097	0.417775	0.0353137
2.21406	0.434556	0.0337694
2.21714	0.412599	0.0302025
2.22022	0.427024	0.0306413
2.22329	0.446096	0.0326226
2.22636	0.484043	0.0353140
2.22942	0.444031	0.0350057
2.23248	0.452905	0.0339984
2.23554	0.475654	0.0309949
2.23858	0.487562	0.0304403
2.24163	0.418580	0.0310334
2.24467	0.409109	0.0324443
2.24770	0.417488	0.0329607
2.25073	0.487958	0.0328383
2.25375	0.452417	0.0324050
2.25677	0.406249	0.0316979
2.25978	0.445624	0.0320565
2.26279	0.373964	0.0328915
2.26579	0.417603	0.0330691
2.26879	0.394412	0.0340555
2.27178	0.451192	0.0338675
2.27476	0.464239	0.0338085
2.27775	0.393935	0.0331879
2.28072	0.446194	0.0330610
2.28369	0.374186	0.0331185
2.28666	0.411837	0.0336049
2.28962	0.395243	0.0343662
2.29257	0.314380	0.0352967
2.29552	0.353657	0.0357630
2.29847	0.333865	0.0359765
2.30141	0.302935	0.0360710
2.30434	0.386605	0.0357080
2.30727	0.417090	0.0352231
2.31020	0.352792	0.0351022
2.31312	0.309352	0.0358913
2.31603	0.350103	0.0379553
2.31894	0.327257	0.0389613
2.32184	0.358206	0.0393528
2.32474	0.352109	0.0382231
2.32764	0.317739	0.0382830
2.33053	0.307694	0.0391803
2.33341	0.346084	0.0402489
2.33629	0.341044	0.0430709
2.33916	0.339301	0.0430273
2.34203	0.355367	0.0428017
2.34490	0.318325	0.0433389
2.34776	0.318303	0.0444910
2.35061	0.360716	0.0455706
2.35346	0.343089	0.0450730
2.35631	0.342156	0.0440080
2.35915	0.286750	0.0428809
2.36198	0.323068	0.0430778
2.36482	0.263353	0.0452265
2.36764	0.288243	0.0489298
2.37047	0.302469	0.0514306
2.37329	0.352679	0.0518644
2.37610	0.291176	0.0502713
2.37891	0.376350	0.0495474
2.38172	0.291990	0.0502933
2.38452	0.274188	0.0513760
2.38732	0.266672	0.0511465
2.39011	0.246392	0.0504269
2.39290	0.301780	0.0500711
2.39569	0.290150	0.0495057
2.39847	0.321193	0.0498978
2.40126	0.328582	0.0512692
2.40403	0.299409	0.0534029
2.40681	0.321396	0.0557902
2.40958	0.377244	0.0597781
2.41235	0.341397	0.0639218
2.41511	0.295989	0.0678204
2.41787	0.175780	0.0685113
2.42063	0.291361	0.0654816
2.42339	0.184829	0.0573562
2.42615	0.345115	0.0561299
2.42890	0.201490	0.0611962
2.43165	0.354879	0.0669883
2.43441	0.300682	0.0704874
2.43715	0.267328	0.0654786
2.43990	0.315700	0.0653556
2.44265	0.0939452	0.0703864
2.44539	0.115084	0.0790833
2.44814	0.197424	0.0833800
2.45088	0.242149	0.0777387
2.45363	0.246783	0.0684046
2.45637	0.306494	0.0657969
2.45911	0.131578	0.0680273
2.46186	0.130838	0.0694013
2.46460	0.0742771	0.0753369
2.46735	0.157860	0.0825335
2.47009	0.185261	0.0866290
2.47284	0.211525	0.0893129
2.47559	0.104707	0.0900230
2.47834	0.244160	0.0966338
2.48110	0.161988	0.111431
2.48385	0.0113979	0.122718
2.48661	0.0436166	0.131834
2.48937	0.318669	0.133619
2.49214	0.255732	0.131869
2.49491	0.337272	0.121411
2.49768	0.207762	0.115230
2.50046	0.121845	0.116579
2.50324	-0.0347786	0.128636
2.50603	0.141385	0.141910
2.50882	0.200554	0.160044
2.51162	0.100202	0.179151
2.51443	0.0557287	0.220310
2.51724	0.529614	0.231410
2.52006	0.160493	0.221361
2.52289	0.197014	0.218247
2.52572	0.191538	0.253773
2.52857	-0.171752	0.337974
2.53142	0.130412	0.458036
2.53428	0.681435	0.531114
2.53715	0.378159	0.558445
2.54004	0.379801	0.490901
2.54293	0.606747	0.582996
2.54583	0.496443	0.742223
2.54875	1.28428	1.10978
2.55168	-2.65322	1.28154
2.55462	-1.28470	1.04836
