#  ----------------------------------------------------------------------------------
# SpeX prism spectrum of 2MASS J14162409+1348267 (J14162409+1348267)
# Originally observed on 2009 Jun 28
# Average resolution = 120
# Originally published in Schmidt et al. (2010), AJ,139, 1045-1050
#
# PLEASE CITE THE ORIGINAL DATA REFERENCE WHEN PUBLISHING OR PRESENTING THESE DATA
#
# Optical spectral type: L6
# J magnitude = 13.148
# H magnitude = 12.456
# Ks magnitude = 12.114
#
#  Wavelength (micron)   F_lambda (normalized)  Noise (normalized as F_lambda)
#  ----------------------------------------------------------------------------------
0.645525	0.0556802	0.0241929
0.647770	0.0269559	0.0227551
0.650003	0.0899218	0.0232925
0.652223	0.0216702	0.0207775
0.654432	0.0255138	0.0193186
0.656630	0.0545240	0.0173217
0.658820	0.0687036	0.0161350
0.661001	0.0517759	0.0150432
0.663175	0.0648296	0.0159170
0.665342	0.00474019	0.0154882
0.667504	0.0477288	0.0154063
0.669661	-0.00240953	0.0148125
0.671814	0.0350184	0.0145516
0.673965	0.0410394	0.0137406
0.676114	0.0330243	0.0129761
0.678261	0.0387736	0.0127362
0.680408	0.0243975	0.0125688
0.682555	0.0422459	0.0116523
0.684703	0.0447234	0.0116515
0.686853	0.0494306	0.0112250
0.689005	0.0465944	0.0107565
0.691161	0.0364382	0.0108118
0.693320	0.0231474	0.0101798
0.695484	0.0419962	0.00924538
0.697653	0.0469278	0.00946870
0.699828	0.0470776	0.00853556
0.702009	0.0491442	0.00849672
0.704197	0.0324970	0.00908983
0.706393	0.0574321	0.00747794
0.708597	0.0588401	0.00737539
0.710809	0.0428525	0.00730450
0.713031	0.0603569	0.00672648
0.715262	0.0553704	0.00714556
0.717504	0.0179910	0.00649843
0.719756	0.0472045	0.00658777
0.722020	0.0674018	0.00637750
0.724294	0.0512924	0.00605649
0.726581	0.0329371	0.00585861
0.728881	0.0607523	0.00599137
0.731193	0.0735722	0.00654294
0.733518	0.0374495	0.00545977
0.735857	0.0476976	0.00519970
0.738210	0.0432157	0.00511738
0.740577	0.0403941	0.00483979
0.742959	0.0330788	0.00475750
0.745356	0.0352670	0.00431216
0.747768	0.0301012	0.00507603
0.750196	0.0327767	0.00423629
0.752640	0.0272465	0.00426969
0.755099	0.0145427	0.00406826
0.757576	0.0193650	0.00463100
0.760068	0.00564478	0.00498032
0.762578	0.000563339	0.00502978
0.765105	0.00203449	0.00453759
0.767650	-0.00147368	0.00396717
0.770211	-0.000397216	0.00350466
0.772791	-0.00153287	0.00347893
0.775389	0.0125965	0.00363425
0.778004	0.0196427	0.00342629
0.780638	0.0151199	0.00326062
0.783291	0.0363403	0.00326961
0.785962	0.0338465	0.00333042
0.788652	0.0462208	0.00382836
0.791360	0.0478285	0.00316726
0.794088	0.0585763	0.00331644
0.796835	0.0654495	0.00330942
0.799601	0.0783456	0.00328464
0.802386	0.0959196	0.00326388
0.805190	0.0903640	0.00330426
0.808014	0.102234	0.00383952
0.810858	0.119096	0.00328248
0.813721	0.122950	0.00324882
0.816603	0.122775	0.00363307
0.819505	0.137689	0.00322876
0.822427	0.153080	0.00329603
0.825369	0.166281	0.00326970
0.828330	0.176404	0.00320786
0.831311	0.177587	0.00316547
0.834312	0.185472	0.00323936
0.837332	0.191651	0.00321251
0.840372	0.198542	0.00321798
0.843432	0.201351	0.00309395
0.846511	0.198374	0.00302983
0.849610	0.194002	0.00291896
0.852729	0.201244	0.00288586
0.855867	0.207058	0.00287838
0.859025	0.203124	0.00288145
0.862202	0.184833	0.00274275
0.865398	0.162150	0.00299215
0.868614	0.149461	0.00262725
0.871849	0.158548	0.00260928
0.875103	0.164694	0.00258978
0.878377	0.175294	0.00267822
0.881669	0.193284	0.00263047
0.884980	0.205318	0.00265423
0.888310	0.214523	0.00266741
0.891659	0.225523	0.00271775
0.895026	0.244883	0.00275382
0.898412	0.252743	0.00272894
0.901816	0.267458	0.00276826
0.905238	0.287359	0.00282275
0.908679	0.302641	0.00283370
0.912137	0.335344	0.00291207
0.915613	0.366509	0.00294595
0.919107	0.370054	0.00291613
0.922619	0.383108	0.00290169
0.926148	0.386875	0.00291691
0.929694	0.390788	0.00306046
0.933258	0.401460	0.00317190
0.936838	0.427050	0.00324817
0.940436	0.443043	0.00319073
0.944050	0.471869	0.00322568
0.947680	0.490584	0.00324589
0.951327	0.514264	0.00318515
0.954990	0.512636	0.00307493
0.958669	0.515005	0.00307361
0.962364	0.510830	0.00299280
0.966075	0.519179	0.00292069
0.969801	0.549724	0.00293296
0.973542	0.580110	0.00294933
0.977298	0.609350	0.00298409
0.981070	0.618762	0.00293042
0.984856	0.577750	0.00282175
0.988656	0.503100	0.00265285
0.992471	0.417673	0.00243713
0.996301	0.362908	0.00231781
1.00014	0.367557	0.00230020
1.00400	0.385307	0.00226098
1.00787	0.415475	0.00233911
1.01176	0.438318	0.00238006
1.01565	0.454942	0.00238672
1.01956	0.455517	0.00237736
1.02349	0.463257	0.00240096
1.02742	0.478166	0.00238847
1.03137	0.509459	0.00243795
1.03533	0.546046	0.00246932
1.03930	0.576024	0.00251986
1.04329	0.607408	0.00248442
1.04728	0.626536	0.00243436
1.05129	0.640856	0.00240736
1.05531	0.647404	0.00235970
1.05933	0.657418	0.00237755
1.06337	0.671578	0.00238884
1.06742	0.697069	0.00240227
1.07148	0.715623	0.00244209
1.07555	0.730030	0.00283866
1.07963	0.747905	0.00249671
1.08372	0.778482	0.00249287
1.08782	0.803091	0.00251411
1.09193	0.810844	0.00248594
1.09605	0.806200	0.00244983
1.10018	0.798384	0.00247066
1.10431	0.784100	0.00240508
1.10846	0.773206	0.00240267
1.11261	0.770787	0.00240149
1.11677	0.775529	0.00245447
1.12094	0.782311	0.00269306
1.12511	0.787153	0.00275665
1.12929	0.772148	0.00264869
1.13348	0.730260	0.00245160
1.13768	0.697149	0.00236478
1.14188	0.716107	0.00236656
1.14609	0.765506	0.00239563
1.15031	0.808981	0.00245238
1.15453	0.817653	0.00233782
1.15876	0.812434	0.00228952
1.16300	0.765511	0.00214829
1.16724	0.735462	0.00206130
1.17148	0.688096	0.00196047
1.17573	0.682135	0.00196072
1.17999	0.729614	0.00196345
1.18425	0.773676	0.00202135
1.18851	0.810300	0.00203265
1.19278	0.783296	0.00200753
1.19705	0.741366	0.00197586
1.20133	0.731023	0.00196376
1.20561	0.745350	0.00200266
1.20989	0.789108	0.00203036
1.21418	0.824684	0.00202644
1.21847	0.857001	0.00213860
1.22277	0.889068	0.00211354
1.22706	0.900971	0.00208831
1.23136	0.895476	0.00207274
1.23566	0.855421	0.00198208
1.23997	0.817098	0.00191400
1.24428	0.805578	0.00190703
1.24858	0.796089	0.00188615
1.25289	0.862013	0.00199700
1.25720	0.906274	0.00213765
1.26152	0.971778	0.00253493
1.26583	0.997813	0.00259262
1.27015	1.01871	0.00272413
1.27446	1.04052	0.00305064
1.27878	1.02095	0.00247405
1.28310	0.995610	0.00258971
1.28741	0.995140	0.00217429
1.29173	1.00124	0.00209489
1.29605	0.990725	0.00207692
1.30037	0.977803	0.00201647
1.30469	0.984244	0.00201416
1.30900	0.977253	0.00202351
1.31332	0.975811	0.00203227
1.31764	0.976800	0.00199970
1.32195	0.964592	0.00203245
1.32627	0.886343	0.00189027
1.33058	0.739022	0.00176306
1.33489	0.580225	0.00157256
1.33920	0.462325	0.00146480
1.34351	0.400906	0.00143665
1.34782	0.385992	0.00157638
1.35213	0.372998	0.00190531
1.35643	0.366818	0.00234263
1.36073	0.367572	0.00276476
1.36503	0.379675	0.00311098
1.36933	0.366171	0.00283374
1.37362	0.384705	0.00271162
1.37791	0.387546	0.00268171
1.38220	0.402204	0.00265096
1.38649	0.417791	0.00265413
1.39077	0.397818	0.00247549
1.39505	0.367447	0.00230401
1.39933	0.353500	0.00230741
1.40360	0.335680	0.00219074
1.40788	0.333391	0.00207499
1.41214	0.325956	0.00193159
1.41641	0.314265	0.00181839
1.42067	0.308071	0.00157720
1.42492	0.309178	0.00149011
1.42917	0.310143	0.00145286
1.43342	0.311474	0.00146182
1.43767	0.318549	0.00144691
1.44191	0.323971	0.00141112
1.44614	0.336189	0.00142082
1.45037	0.355356	0.00144321
1.45460	0.373084	0.00146725
1.45882	0.388886	0.00146553
1.46304	0.394202	0.00143760
1.46725	0.397107	0.00146227
1.47146	0.400071	0.00143386
1.47566	0.405593	0.00143510
1.47986	0.410243	0.00141994
1.48406	0.425148	0.00145063
1.48824	0.431509	0.00141158
1.49243	0.441304	0.00138488
1.49660	0.449386	0.00134572
1.50078	0.467500	0.00145841
1.50494	0.478805	0.00150636
1.50911	0.492527	0.00152012
1.51326	0.508236	0.00149616
1.51741	0.522006	0.00143615
1.52156	0.536888	0.00145620
1.52570	0.547672	0.00151920
1.52983	0.559567	0.00153758
1.53396	0.575623	0.00153479
1.53808	0.585639	0.00152331
1.54220	0.601262	0.00151660
1.54631	0.614658	0.00150548
1.55041	0.630170	0.00173480
1.55451	0.634353	0.00149646
1.55860	0.643809	0.00153923
1.56269	0.649949	0.00153687
1.56677	0.661690	0.00156301
1.57085	0.668847	0.00153188
1.57491	0.671614	0.00156971
1.57898	0.671826	0.00165045
1.58303	0.660665	0.00168257
1.58708	0.643853	0.00161870
1.59112	0.645307	0.00157526
1.59516	0.660658	0.00149726
1.59919	0.673580	0.00156686
1.60321	0.674374	0.00158461
1.60723	0.665249	0.00162009
1.61124	0.652305	0.00183120
1.61525	0.653741	0.00160291
1.61925	0.658672	0.00157840
1.62324	0.658500	0.00153460
1.62722	0.648167	0.00149152
1.63120	0.654523	0.00149852
1.63517	0.651007	0.00147286
1.63914	0.657347	0.00150070
1.64310	0.660800	0.00151504
1.64705	0.676298	0.00155311
1.65100	0.677953	0.00153067
1.65494	0.669409	0.00150277
1.65887	0.666320	0.00145444
1.66280	0.663593	0.00147829
1.66672	0.655776	0.00163710
1.67063	0.657214	0.00157827
1.67454	0.653020	0.00156220
1.67844	0.656372	0.00149717
1.68233	0.654114	0.00143702
1.68622	0.656062	0.00149382
1.69010	0.649206	0.00151500
1.69397	0.639583	0.00152365
1.69784	0.633306	0.00153386
1.70170	0.630371	0.00174471
1.70556	0.623240	0.00148907
1.70940	0.606114	0.00147149
1.71324	0.588433	0.00141585
1.71708	0.573665	0.00140510
1.72091	0.556913	0.00136928
1.72473	0.543622	0.00135385
1.72855	0.532220	0.00134312
1.73235	0.514607	0.00133331
1.73616	0.493175	0.00134321
1.73995	0.481875	0.00132543
1.74374	0.468598	0.00130078
1.74753	0.454450	0.00128037
1.75130	0.436332	0.00122462
1.75507	0.417671	0.00117955
1.75884	0.401808	0.00119453
1.76260	0.390783	0.00127955
1.76635	0.378128	0.00128291
1.77009	0.363560	0.00128453
1.77383	0.345060	0.00117389
1.77757	0.340752	0.00111766
1.78129	0.324598	0.00111885
1.78501	0.314464	0.00118589
1.78873	0.303208	0.00117159
1.79244	0.305349	0.00118363
1.79614	0.303179	0.00124024
1.79984	0.293464	0.00127445
1.80353	0.286419	0.00153557
1.80721	0.284613	0.00158682
1.81089	0.295799	0.00164152
1.81456	0.300105	0.00176521
1.81823	0.295568	0.00183830
1.82189	0.307382	0.00193583
1.82554	0.309571	0.00209358
1.82919	0.312171	0.00225061
1.83283	0.302637	0.00261059
1.83647	0.280254	0.00293246
1.84010	0.269621	0.00293622
1.84373	0.266676	0.00303329
1.84735	0.258690	0.00278645
1.85096	0.268092	0.00315054
1.85457	0.242432	0.00272657
1.85817	0.230596	0.00245162
1.86177	0.225577	0.00224216
1.86536	0.239821	0.00249582
1.86895	0.242705	0.00315110
1.87253	0.233241	0.00391380
1.87610	0.230797	0.00316391
1.87967	0.250555	0.00246670
1.88324	0.258105	0.00199861
1.88679	0.271618	0.00201255
1.89035	0.271527	0.00199000
1.89390	0.288903	0.00221931
1.89744	0.290421	0.00248421
1.90097	0.288845	0.00277550
1.90451	0.293824	0.00296021
1.90803	0.305833	0.00289110
1.91156	0.296025	0.00262596
1.91507	0.302577	0.00250920
1.91858	0.297505	0.00230331
1.92209	0.301847	0.00217926
1.92559	0.288108	0.00207323
1.92909	0.273188	0.00189293
1.93258	0.265902	0.00175670
1.93606	0.249517	0.00162409
1.93954	0.239188	0.00155742
1.94302	0.239193	0.00152950
1.94649	0.243122	0.00150471
1.94995	0.246504	0.00158047
1.95342	0.241612	0.00178307
1.95687	0.230733	0.00161603
1.96032	0.227933	0.00157599
1.96377	0.227582	0.00147861
1.96721	0.233312	0.00142893
1.97065	0.229589	0.00135135
1.97408	0.230873	0.00128519
1.97750	0.229544	0.00102680
1.98093	0.230012	0.000986536
1.98434	0.235293	0.000949215
1.98776	0.234006	0.000925417
1.99116	0.238870	0.00108600
1.99457	0.245702	0.00128887
1.99797	0.254820	0.00161982
2.00136	0.252325	0.00198323
2.00475	0.247660	0.00218993
2.00813	0.244927	0.00204394
2.01151	0.245590	0.00188469
2.01489	0.248277	0.00180447
2.01826	0.252776	0.00168672
2.02162	0.256338	0.00154223
2.02499	0.258414	0.00145057
2.02834	0.262776	0.00109740
2.03170	0.268391	0.00108253
2.03504	0.281670	0.00105432
2.03839	0.284692	0.00108984
2.04172	0.288394	0.00109472
2.04506	0.296682	0.00147176
2.04839	0.297709	0.00152356
2.05171	0.299223	0.00164029
2.05503	0.300681	0.00170785
2.05835	0.299876	0.00167999
2.06166	0.305833	0.00165596
2.06497	0.309180	0.00162794
2.06827	0.306943	0.00164385
2.07157	0.309297	0.00160193
2.07486	0.311577	0.00156463
2.07815	0.315711	0.00152034
2.08143	0.316949	0.00147768
2.08471	0.320964	0.00150714
2.08799	0.319828	0.00149231
2.09126	0.321392	0.00162908
2.09453	0.323763	0.00149788
2.09779	0.324725	0.00104895
2.10104	0.324247	0.00104474
2.10430	0.328658	0.00106932
2.10755	0.327235	0.00107297
2.11079	0.329349	0.00155068
2.11403	0.329443	0.00154030
2.11726	0.329922	0.00155406
2.12049	0.332567	0.00156857
2.12372	0.329794	0.00156002
2.12694	0.328702	0.00155520
2.13015	0.330460	0.00157507
2.13336	0.330692	0.00155351
2.13657	0.328850	0.00155632
2.13977	0.327289	0.00154866
2.14297	0.326934	0.00154540
2.14616	0.325089	0.00155502
2.14935	0.324798	0.00159955
2.15254	0.326300	0.00162990
2.15571	0.320955	0.00162884
2.15889	0.316787	0.00158796
2.16206	0.316697	0.00160954
2.16522	0.317690	0.00163321
2.16838	0.319283	0.00166542
2.17154	0.318712	0.00163454
2.17469	0.316072	0.00160818
2.17783	0.309416	0.00158458
2.18097	0.314722	0.00162596
2.18411	0.312207	0.00161244
2.18724	0.311846	0.00161218
2.19037	0.310151	0.00157021
2.19349	0.309442	0.00162268
2.19661	0.301809	0.00162956
2.19972	0.300751	0.00165432
2.20282	0.302980	0.00163878
2.20593	0.300516	0.00162017
2.20902	0.297363	0.00158747
2.21211	0.298554	0.00161107
2.21520	0.300435	0.00166024
2.21828	0.292335	0.00158508
2.22136	0.288774	0.00155841
2.22443	0.293268	0.00158842
2.22750	0.290961	0.00159756
2.23056	0.289128	0.00160473
2.23362	0.288400	0.00159723
2.23667	0.284490	0.00160015
2.23971	0.286684	0.00160065
2.24276	0.284528	0.00160191
2.24579	0.279853	0.00159303
2.24882	0.279741	0.00160478
2.25185	0.280671	0.00161480
2.25487	0.277908	0.00163536
2.25789	0.274932	0.00160670
2.26090	0.278551	0.00165099
2.26390	0.273498	0.00163326
2.26690	0.272767	0.00163135
2.26990	0.269858	0.00162686
2.27289	0.269252	0.00164103
2.27587	0.269295	0.00164635
2.27885	0.269017	0.00165257
2.28183	0.266944	0.00164895
2.28479	0.265053	0.00165017
2.28776	0.265489	0.00164741
2.29072	0.262492	0.00166519
2.29367	0.247045	0.00159721
2.29662	0.233446	0.00157714
2.29956	0.220936	0.00153808
2.30250	0.221307	0.00154720
2.30543	0.218794	0.00151726
2.30836	0.221377	0.00165375
2.31128	0.223165	0.00152005
2.31420	0.222308	0.00163865
2.31711	0.223283	0.00159329
2.32002	0.218324	0.00159224
2.32292	0.213238	0.00156873
2.32582	0.213737	0.00154724
2.32871	0.213301	0.00152953
2.33160	0.213876	0.00153266
2.33448	0.214094	0.00154105
2.33736	0.215397	0.00159619
2.34023	0.213677	0.00159986
2.34310	0.214509	0.00163620
2.34596	0.216971	0.00167216
2.34882	0.220485	0.00171217
2.35167	0.215837	0.00172042
2.35452	0.214925	0.00170771
2.35736	0.207484	0.00163690
2.36020	0.206276	0.00163465
2.36304	0.209642	0.00161178
2.36587	0.211053	0.00167406
2.36869	0.209140	0.00175687
2.37151	0.209133	0.00183814
2.37433	0.209492	0.00203091
2.37714	0.209162	0.00208266
2.37995	0.205560	0.00186851
2.38276	0.203394	0.00175925
2.38556	0.203646	0.00175982
2.38836	0.199094	0.00174011
2.39115	0.200383	0.00173606
2.39394	0.202013	0.00191171
2.39672	0.200086	0.00170883
2.39951	0.198023	0.00171187
2.40229	0.200139	0.00174217
2.40506	0.196345	0.00174635
2.40784	0.193190	0.00177532
2.41061	0.188919	0.00175772
2.41337	0.190972	0.00184697
2.41614	0.188158	0.00192602
2.41890	0.184096	0.00189517
2.42166	0.186244	0.00186544
2.42442	0.180245	0.00174306
2.42717	0.179977	0.00170840
2.42992	0.181949	0.00175831
2.43268	0.178755	0.00202820
2.43543	0.169772	0.00195825
2.43817	0.169579	0.00190644
2.44092	0.169480	0.00180241
2.44367	0.169501	0.00186574
2.44641	0.161759	0.00202341
2.44916	0.155198	0.00222731
2.45190	0.150690	0.00207963
2.45464	0.151477	0.00206675
2.45739	0.155729	0.00209493
2.46013	0.157993	0.00192889
2.46288	0.152251	0.00187927
2.46562	0.153138	0.00191780
2.46837	0.147986	0.00199223
2.47111	0.140142	0.00214076
2.47386	0.132780	0.00210796
2.47661	0.136743	0.00210485
2.47936	0.133723	0.00212764
2.48212	0.139384	0.00242278
2.48488	0.141008	0.00267489
2.48764	0.130057	0.00271435
2.49040	0.122668	0.00277514
2.49317	0.126076	0.00283566
2.49594	0.124405	0.00262349
2.49871	0.126242	0.00247084
2.50149	0.129832	0.00250897
2.50428	0.129516	0.00281379
2.50707	0.126964	0.00301258
2.50986	0.125734	0.00327496
2.51266	0.117184	0.00361444
2.51547	0.120866	0.00457208
2.51829	0.116170	0.00457996
2.52111	0.111176	0.00428265
2.52394	0.115821	0.00424185
2.52678	0.122527	0.00495073
2.52963	0.109867	0.00673391
2.53248	0.121750	0.00868750
2.53535	0.113108	0.00965088
2.53822	0.109210	0.00911541
2.54111	0.105037	0.00855314
2.54401	0.111142	0.0127911
2.54691	0.154875	0.0157212
2.54983	0.0943087	0.0197848
2.55277	0.116530	0.0191629
