#  ----------------------------------------------------------------------------------
# SpeX prism spectrum of SDSS J153417.05+161546.1AB (J15341711+1615463)
# Originally observed on 2005 Apr 06
# Average resolution = 120
# Originally published in Chiu et al. (2006) AJ 131, 2722
#
# PLEASE CITE THE ORIGINAL DATA REFERENCE WHEN PUBLISHING OR PRESENTING THESE DATA
#
# Near infrared spectral type: T3.5
# J magnitude = 16.753
# H magnitude = 16.078
# Ks magnitude = 16.411
#
#  Wavelength (micron)   F_lambda (normalized)  Noise (normalized as F_lambda)
#  ----------------------------------------------------------------------------------
0.825170	0.0239668	0.0547067
0.828130	0.109519	0.112023
0.831109	0.0352150	0.0421937
0.834109	0.00739575	0.146032
0.837128	0.0233015	0.00607126
0.840166	0.0245525	0.157678
0.843225	0.0915306	0.00623537
0.846303	0.0138365	0.0307453
0.849401	0.107406	0.0417717
0.852518	0.0345024	0.0454140
0.855655	0.0650356	0.0612585
0.858811	0.0220851	0.0369634
0.861987	0.0799088	0.00165165
0.865182	0.0614191	0.0745473
0.868397	0.0656050	0.0395040
0.871630	0.0848837	0.105970
0.874883	0.101225	0.0250795
0.878155	0.111831	0.0201862
0.881446	0.0999382	0.0180745
0.884756	0.0528545	0.0108059
0.888085	0.104669	0.0280185
0.891432	0.135554	0.0526946
0.894798	0.117231	0.0420278
0.898183	0.177154	0.0300766
0.901586	0.194710	0.0623972
0.905007	0.127554	0.0730838
0.908446	0.156727	0.0456290
0.911903	0.223608	0.0647760
0.915378	0.237423	0.00777533
0.918871	0.209276	0.0131785
0.922382	0.186738	0.0414863
0.925910	0.182998	0.0284243
0.929455	0.153727	0.0296689
0.933017	0.198321	0.0812692
0.936596	0.130783	0.0960141
0.940193	0.227928	0.0214587
0.943805	0.202238	0.0213386
0.947435	0.212994	0.0455981
0.951081	0.216320	0.0131543
0.954743	0.261725	0.0186924
0.958421	0.272593	0.0129393
0.962114	0.252022	0.0451234
0.965824	0.220329	0.0194252
0.969549	0.290936	0.0377907
0.973289	0.303999	0.0200903
0.977044	0.338875	0.0101847
0.980815	0.341918	0.0305861
0.984600	0.376270	0.0418347
0.988400	0.378970	0.0160955
0.992214	0.344177	0.0580911
0.996042	0.348813	0.0332439
0.999884	0.363173	0.0177601
1.00374	0.393937	0.00510216
1.00761	0.389746	0.0318322
1.01149	0.394462	0.0617339
1.01539	0.442773	0.0250638
1.01930	0.477952	0.0201103
1.02322	0.516551	0.0495567
1.02716	0.481550	0.0213018
1.03110	0.543162	0.00587414
1.03506	0.544733	0.0693145
1.03903	0.560850	0.00597309
1.04302	0.561117	0.0191524
1.04701	0.609158	0.00493756
1.05102	0.658576	0.0304610
1.05503	0.680640	0.0275460
1.05906	0.674338	0.0137478
1.06310	0.684127	0.0488932
1.06715	0.716548	0.0710405
1.07121	0.723058	0.0142627
1.07528	0.760771	0.0433580
1.07936	0.717477	0.0488268
1.08345	0.744484	0.0428845
1.08755	0.699659	0.0446916
1.09166	0.651306	0.0169898
1.09577	0.613231	0.00503327
1.09990	0.494464	0.0408864
1.10403	0.517979	0.00145320
1.10818	0.462268	0.0218127
1.11233	0.398114	0.0206365
1.11649	0.343747	0.0142871
1.12065	0.362735	0.00807315
1.12483	0.353464	0.0461008
1.12901	0.321692	0.00189747
1.13320	0.285682	0.00682015
1.13740	0.335609	0.00909163
1.14160	0.329793	0.0336760
1.14581	0.336805	0.00207329
1.15003	0.328399	0.0159876
1.15425	0.377797	0.0158849
1.15848	0.382798	0.00490426
1.16271	0.399715	0.00125739
1.16695	0.326602	0.00399135
1.17119	0.362126	0.00719323
1.17544	0.354406	0.00277769
1.17970	0.385544	0.00503857
1.18396	0.407672	0.0193767
1.18822	0.470980	0.0604987
1.19249	0.483289	0.0458651
1.19676	0.551828	0.00724605
1.20104	0.576967	0.0153685
1.20532	0.580581	0.00190791
1.20961	0.669015	0.00188339
1.21389	0.699270	0.0319616
1.21818	0.736910	0.0232278
1.22248	0.759622	0.00511099
1.22677	0.819311	0.0299544
1.23107	0.862040	0.0216447
1.23537	0.866478	0.0651635
1.23968	0.875294	0.0359705
1.24398	0.848293	0.0542975
1.24829	0.859485	0.0234423
1.25260	0.887037	0.0431218
1.25691	0.956359	0.0624605
1.26123	1.03834	0.0923994
1.26554	1.07679	0.0307905
1.26986	1.04230	0.0232049
1.27417	0.982817	0.0163473
1.27849	1.07500	0.0343093
1.28281	1.03104	0.0291638
1.28712	1.00375	0.0347009
1.29144	0.985996	0.0602131
1.29576	0.915332	0.0722879
1.30008	0.892280	0.0486574
1.30440	0.901464	0.0812563
1.30871	0.832112	0.0324965
1.31303	0.827690	0.0426827
1.31735	0.768281	0.0252583
1.32166	0.721033	0.0241070
1.32598	0.663444	0.0281968
1.33029	0.476328	0.0237401
1.33460	0.364887	0.0238552
1.33891	0.224273	0.00357295
1.34322	0.148886	0.00373408
1.34753	0.131824	0.00731976
1.35183	0.113059	0.00687695
1.35614	0.104771	0.0204835
1.36044	0.130600	0.0727615
1.36474	0.0963856	0.0221577
1.36904	0.0818675	0.0503139
1.37333	0.101813	0.0273158
1.37762	0.158972	0.0242572
1.38191	0.116464	0.0103239
1.38620	0.113193	0.0156679
1.39048	0.116699	0.00664027
1.39476	0.130876	0.0338563
1.39904	0.134519	0.0141272
1.40332	0.115830	0.0357023
1.40759	0.117306	0.0217209
1.41185	0.123559	0.0262248
1.41612	0.0980722	0.0709292
1.42038	0.0852100	0.0111502
1.42463	0.121943	0.0297960
1.42889	0.133692	0.000422813
1.43314	0.109573	0.00983442
1.43738	0.121191	0.00655677
1.44162	0.135768	0.00538458
1.44586	0.107260	0.0128477
1.45009	0.129949	0.00399317
1.45431	0.145204	0.00670141
1.45854	0.161897	0.0139769
1.46276	0.182633	0.0119563
1.46697	0.186824	0.000808359
1.47118	0.182541	0.0138996
1.47538	0.187422	0.0111419
1.47958	0.180297	0.0386096
1.48377	0.201621	0.0439751
1.48796	0.229649	0.0355940
1.49214	0.235136	0.0137115
1.49632	0.215001	0.0220509
1.50050	0.241012	0.0166561
1.50466	0.251564	0.000269622
1.50883	0.289937	0.0113410
1.51298	0.275799	0.0360442
1.51713	0.328562	0.0187174
1.52128	0.356026	0.00918289
1.52542	0.357026	0.0230894
1.52955	0.377154	0.0310846
1.53368	0.395515	0.00573628
1.53780	0.418045	0.0325192
1.54192	0.444573	0.0247350
1.54603	0.468511	0.00109141
1.55014	0.461472	0.0203214
1.55424	0.508203	0.0371224
1.55833	0.526801	0.0144481
1.56242	0.542053	0.00798018
1.56650	0.520769	0.000888786
1.57057	0.534309	0.00523840
1.57464	0.583076	0.0324149
1.57870	0.560364	0.0284372
1.58276	0.603105	0.0108144
1.58681	0.585419	0.0412244
1.59085	0.643807	0.00598063
1.59489	0.627665	0.00871184
1.59892	0.591221	0.0278033
1.60294	0.589242	0.0214237
1.60696	0.550222	0.0485697
1.61097	0.507707	0.0377612
1.61498	0.517955	0.00582895
1.61898	0.524079	0.0117457
1.62297	0.456421	0.0284074
1.62695	0.433886	0.0202213
1.63093	0.360767	0.0144806
1.63491	0.415653	0.0105440
1.63887	0.441255	0.0154975
1.64283	0.448666	0.0469291
1.64679	0.470790	0.0296525
1.65073	0.448255	0.00183246
1.65467	0.431000	0.0110696
1.65861	0.410377	0.0612738
1.66253	0.412423	0.00153782
1.66645	0.467866	0.0314790
1.67037	0.377073	0.00436581
1.67427	0.354218	0.0394738
1.67817	0.379854	0.0326780
1.68207	0.389475	0.0189693
1.68596	0.425223	0.0282202
1.68984	0.422750	0.00747212
1.69371	0.384384	0.0269213
1.69758	0.389529	0.0466277
1.70144	0.381581	0.0416119
1.70530	0.389147	0.000153759
1.70914	0.366672	0.00292896
1.71299	0.349603	0.0195016
1.71682	0.338184	0.0299846
1.72065	0.345458	0.0179181
1.72447	0.367748	0.00172245
1.72829	0.349880	0.00995053
1.73210	0.332557	0.0299136
1.73590	0.323245	0.0301770
1.73970	0.321006	0.00125231
1.74349	0.295087	0.0144321
1.74727	0.275180	0.00175331
1.75105	0.269111	0.0309232
1.75482	0.258922	0.0216138
1.75858	0.241507	0.0201752
1.76234	0.209616	0.00559170
1.76610	0.256808	0.00259490
1.76984	0.235327	0.00803345
1.77358	0.207291	0.0216958
1.77731	0.182368	0.0106145
1.78104	0.204401	0.0176459
1.78476	0.164975	0.0135730
1.78848	0.155515	0.00621266
1.79219	0.146224	0.0332099
1.79589	0.170379	0.00706510
1.79959	0.147382	0.0195246
1.80328	0.169065	0.0274335
1.80696	0.142972	0.0192888
1.81064	0.156049	0.0247843
1.81431	0.149776	0.0100516
1.81798	0.140866	0.0196571
1.82164	0.172794	0.00520900
1.82530	0.162686	0.0455936
1.82894	0.148040	0.0136442
1.83259	0.173308	0.00629216
1.83622	0.139168	0.0609509
1.83986	0.131590	0.00530809
1.84348	0.102168	0.0334348
1.84710	0.154898	0.00964653
1.85072	0.124860	0.0498246
1.85433	0.155119	0.0460723
1.85793	0.112685	0.0194782
1.86153	0.114609	0.0116355
1.86512	0.110872	0.0116119
1.86870	0.150481	0.0214983
1.87229	0.166875	0.109325
1.87586	0.173899	0.0898787
1.87943	0.121929	0.0281305
1.88300	0.139652	0.00815961
1.88655	0.157967	0.00257045
1.89011	0.143906	0.00621815
1.89366	0.174808	0.00687332
1.89720	0.177326	0.0501310
1.90074	0.181103	0.0157241
1.90427	0.192549	0.00198233
1.90780	0.183903	0.0168608
1.91132	0.161084	0.0293635
1.91483	0.167999	0.00796527
1.91835	0.152079	0.00302022
1.92185	0.167068	0.0403992
1.92535	0.168704	0.0358743
1.92885	0.169168	0.0226209
1.93234	0.129032	0.00269013
1.93583	0.109493	0.00233336
1.93931	0.107671	0.00486174
1.94278	0.133689	0.0104227
1.94625	0.132008	0.0231607
1.94972	0.150043	0.0311875
1.95318	0.183208	0.00685144
1.95664	0.135085	0.00164497
1.96009	0.126092	0.0169823
1.96354	0.0959021	0.0100732
1.96698	0.145745	0.0244523
1.97041	0.185374	0.00660210
1.97385	0.162277	0.00146481
1.97727	0.131715	0.00223430
1.98070	0.148623	0.0259760
1.98411	0.145782	0.00292065
1.98753	0.164215	0.0148070
1.99093	0.146518	0.0209389
1.99434	0.174016	0.0186649
1.99774	0.205915	0.0126775
2.00113	0.208203	0.00743450
2.00452	0.136262	0.00225705
2.00791	0.167883	0.0225470
2.01129	0.190238	0.00908596
2.01466	0.182468	0.00139707
2.01803	0.169211	0.00990260
2.02140	0.181444	0.0124317
2.02476	0.153979	0.0543702
2.02812	0.198732	0.00941663
2.03147	0.210671	0.00917362
2.03482	0.244462	0.0128341
2.03816	0.207970	0.0397813
2.04150	0.263143	0.00180000
2.04483	0.253733	0.0353280
2.04816	0.250575	0.00776570
2.05149	0.245560	0.0260837
2.05481	0.230441	0.00977632
2.05813	0.243779	0.0101958
2.06144	0.292842	0.0236438
2.06474	0.268897	0.0126062
2.06805	0.235185	0.0186093
2.07135	0.275455	0.0139124
2.07464	0.267860	0.0364087
2.07793	0.265497	0.00476985
2.08121	0.273109	0.00519228
2.08449	0.279058	0.000759149
2.08777	0.265045	0.0449310
2.09104	0.263485	0.0150280
2.09431	0.257152	0.0167300
2.09757	0.255888	0.00766584
2.10083	0.263071	0.0329293
2.10408	0.271785	0.0124671
2.10733	0.262441	0.0244313
2.11057	0.282516	0.00702801
2.11381	0.293216	0.0280577
2.11704	0.281689	0.0260286
2.12027	0.255518	0.0232740
2.12350	0.257585	0.00941587
2.12672	0.289182	0.0348431
2.12994	0.256251	0.000969829
2.13315	0.250931	0.0119787
2.13636	0.270250	0.0346746
2.13956	0.255972	0.0319337
2.14276	0.259818	0.00640308
2.14595	0.225478	0.0109938
2.14914	0.258306	0.0100037
2.15232	0.242564	0.0723222
2.15550	0.231509	0.00884868
2.15867	0.243724	0.0141744
2.16184	0.226431	0.0200652
2.16501	0.230167	0.0157431
2.16817	0.231757	0.0171094
2.17133	0.243499	0.0116030
2.17448	0.212896	0.00240055
2.17762	0.213828	0.00889460
2.18076	0.238569	0.0269546
2.18390	0.228096	0.0185507
2.18703	0.217870	0.00992341
2.19016	0.193811	0.00543659
2.19328	0.173010	0.0382946
2.19640	0.188441	0.0109384
2.19951	0.157202	0.0224535
2.20261	0.165702	0.00767940
2.20572	0.142012	0.00759465
2.20881	0.147620	0.00378113
2.21191	0.155399	0.0130460
2.21499	0.146517	0.00298713
2.21808	0.144273	0.00383001
2.22115	0.164669	0.0105688
2.22422	0.154771	0.0224536
2.22729	0.180275	0.00977463
2.23035	0.153438	0.00115682
2.23341	0.157763	0.0281870
2.23646	0.146142	0.00575220
2.23951	0.133036	0.00492408
2.24255	0.143857	0.00631889
2.24559	0.132609	0.0206530
2.24862	0.124114	0.00575233
2.25165	0.146984	0.0105120
2.25467	0.143396	0.0298730
2.25768	0.125831	0.00295184
2.26069	0.117817	0.00336832
2.26370	0.132651	0.0108080
2.26670	0.141109	0.0185623
2.26970	0.118644	0.00582562
2.27269	0.125000	0.00589787
2.27567	0.133486	0.00938775
2.27865	0.120067	0.00152678
2.28162	0.145064	0.00166846
2.28459	0.132000	0.0175279
2.28756	0.134888	0.00774600
2.29052	0.120323	0.0163212
2.29347	0.119135	0.00871177
2.29642	0.116522	0.0132367
2.29936	0.120494	0.0168582
2.30230	0.0934119	0.0175973
2.30523	0.113628	0.00327375
2.30816	0.101963	0.0263201
2.31109	0.114422	0.00791260
2.31400	0.0956872	0.00268548
2.31692	0.102423	0.00997691
2.31982	0.0807072	0.0170120
2.32273	0.0612944	0.0216521
2.32562	0.0951655	0.0310607
2.32852	0.106443	0.00263230
2.33140	0.0979206	0.00498005
2.33428	0.0810870	0.00697044
2.33716	0.0881522	0.00647876
2.34003	0.0805702	0.0101701
2.34290	0.112162	0.0183318
2.34577	0.0948418	0.0200466
2.34862	0.0850284	0.00706368
2.35148	0.0947827	0.0112691
2.35433	0.0693036	0.0116928
2.35717	0.104616	0.0318754
2.36001	0.0795492	0.00779283
2.36284	0.118179	0.0158722
2.36567	0.0966725	0.00543674
2.36850	0.105868	0.0171939
2.37132	0.104462	0.0209680
2.37414	0.103682	0.00783803
2.37695	0.0805177	0.00363586
2.37976	0.0940380	0.00395864
2.38257	0.0922111	0.0138704
2.38537	0.105131	0.00604953
2.38817	0.0810088	0.0235923
2.39096	0.0784993	0.0148881
2.39375	0.0986213	0.0149230
2.39654	0.0862611	0.00854008
2.39932	0.0924635	0.00675276
2.40210	0.107445	0.0255556
2.40488	0.0956863	0.0155752
2.40765	0.109943	0.00830278
2.41042	0.0978453	0.0250723
2.41319	0.100184	0.0225209
2.41595	0.102592	0.0177543
2.41871	0.0983174	0.0102750
2.42147	0.0969355	0.00609733
2.42423	0.106008	0.00708045
2.42699	0.125106	0.0329653
2.42974	0.104447	0.0102337
2.43249	0.112307	0.0134736
2.43524	0.0998793	0.0381788
2.43799	0.0875881	0.0225845
2.44074	0.0953300	0.0184951
2.44348	0.0800519	0.0133176
2.44623	0.0992084	0.0217952
2.44897	0.0802774	0.0168754
2.45171	0.143558	0.0176433
2.45446	0.101843	0.0104452
2.45720	0.0888764	0.0279935
2.45995	0.112349	0.00263498
2.46269	0.0977862	0.000652110
2.46544	0.113150	0.0298800
2.46818	0.0932852	0.0492933
2.47093	0.108544	0.0156832
2.47368	0.0828739	0.00527627
2.47643	0.0768196	0.00257242
2.47918	0.0668547	0.00924025
2.48193	0.136331	0.0171290
2.48469	0.104073	0.0532728
2.48745	0.119022	0.0142712
2.49021	0.0863349	0.0283332
2.49298	0.0581317	0.0394960
2.49575	0.122109	0.00439416
2.49853	0.0877290	0.0287939
2.50130	0.0819524	0.00569372
2.50409	0.0624527	0.0225660
2.50688	0.112471	0.0211646
2.50967	0.0612783	0.00889342
2.51248	0.147512	0.00429816
2.51528	0.0256447	0.0177191
2.51810	0.0429118	0.0726982
2.52092	0.0517734	0.109402
2.52375	0.0865217	0.00321243
2.52659	0.0252483	0.102925
2.52943	0.0868271	0.0192248
2.53229	0.0577585	0.0120038
2.53515	0.0412886	0.0732863
2.53803	0.0116822	0.0190091
