#  ----------------------------------------------------------------------------------
# SpeX prism spectrum of SDSS J024749.90-163112.6 (J02474978-1631132)
# Originally observed on 2005 Aug 14
# Average resolution = 120
# Originally published in Chiu et al. (2006) AJ 131, 2722
#
# PLEASE CITE THE ORIGINAL DATA REFERENCE WHEN PUBLISHING OR PRESENTING THESE DATA
#
# Near infrared spectral type: T2+/-1.5
# J magnitude = 17.186
# H magnitude = 16.17
# Ks magnitude = 15.616
#
#  Wavelength (micron)   F_lambda (normalized)  Noise (normalized as F_lambda)
#  ----------------------------------------------------------------------------------
0.800538	-0.0425422	0.103649
0.803329	0.0738384	0.0313190
0.806140	0.0142441	0.0496967
0.808971	-0.0421103	0.0284513
0.811821	0.0903671	0.0436704
0.814690	-0.00785645	0.0659452
0.817579	-0.0715197	0.149961
0.820488	-0.0189145	0.148245
0.823417	0.0538840	0.111811
0.826365	2.70119e-05	0.0623729
0.829333	0.0804306	0.0475919
0.832320	0.197010	0.0225853
0.835328	0.00739165	0.0231205
0.838355	0.0237029	0.0157564
0.841401	0.0576056	0.0125848
0.844468	0.125587	0.177204
0.847554	0.0558709	0.0719561
0.850659	0.0132187	0.0705713
0.853785	0.0476868	0.0240424
0.856929	0.0564996	0.0923181
0.860094	0.0577008	0.00498730
0.863277	0.108114	0.0874604
0.866480	0.0325216	0.0178286
0.869703	0.0808255	0.00808647
0.872944	0.0430135	0.0533404
0.876205	0.0463272	0.0278375
0.879484	-0.00291022	0.0387023
0.882783	0.163679	0.00485871
0.886101	0.248557	0.00166779
0.889437	0.0818792	0.0139785
0.892792	0.156341	0.0220153
0.896165	0.159408	0.0392061
0.899557	0.200798	0.0924193
0.902968	0.225158	0.0341163
0.906396	0.173993	0.0559695
0.909843	0.151106	0.0475013
0.913307	0.215474	0.0516624
0.916789	0.220416	0.0502054
0.920289	0.251314	0.0722533
0.923807	0.178481	0.0142058
0.927342	0.247886	0.0484958
0.930894	0.165971	0.118752
0.934463	0.316862	0.122404
0.938049	0.215393	0.122735
0.941652	0.198227	0.0216985
0.945272	0.341653	0.100958
0.948908	0.320927	0.0523877
0.952560	0.257170	0.163694
0.956229	0.315658	0.0571879
0.959913	0.327237	0.0169422
0.963613	0.307210	0.0250250
0.967329	0.337159	0.0614956
0.971060	0.382394	0.0302474
0.974807	0.341340	0.0508733
0.978568	0.377137	0.0203783
0.982345	0.385089	0.0277166
0.986136	0.433789	0.0217795
0.989941	0.411484	0.0165684
0.993761	0.377513	0.0570403
0.997595	0.285291	0.0169669
1.00144	0.419499	0.0687258
1.00530	0.398427	0.00934838
1.00918	0.387678	0.0332418
1.01307	0.437087	0.104545
1.01697	0.502665	0.0154498
1.02088	0.497370	0.0391773
1.02481	0.492360	0.0478472
1.02875	0.471534	0.000577233
1.03270	0.476731	0.0435711
1.03667	0.552326	0.00115193
1.04064	0.636000	0.0222236
1.04463	0.640489	0.0287679
1.04863	0.599255	0.0228127
1.05264	0.699244	0.0560845
1.05666	0.655384	0.0248695
1.06069	0.653685	0.00610498
1.06474	0.643121	0.00382365
1.06879	0.647678	0.0217178
1.07286	0.699646	0.0243496
1.07693	0.729564	0.0107012
1.08101	0.697890	0.0160247
1.08511	0.714419	0.0601478
1.08921	0.659605	0.0130531
1.09332	0.661604	0.0373648
1.09744	0.647517	0.0176702
1.10157	0.555984	0.0276467
1.10571	0.505290	0.00589159
1.10986	0.471537	0.0132750
1.11401	0.423511	0.0482294
1.11817	0.454069	0.0183135
1.12234	0.443638	0.0417184
1.12652	0.454943	0.0422201
1.13071	0.389458	0.0567972
1.13490	0.432298	0.0137092
1.13910	0.406470	0.0303884
1.14330	0.428901	0.0757406
1.14752	0.401751	0.0418964
1.15173	0.444936	0.0242100
1.15596	0.466648	0.0340646
1.16019	0.405295	0.0580700
1.16443	0.431122	0.0111489
1.16867	0.404636	0.00814320
1.17291	0.408582	0.0162395
1.17717	0.468024	0.00745175
1.18142	0.473682	0.0416898
1.18568	0.541882	0.00506723
1.18995	0.570234	0.0193323
1.19422	0.577691	0.00690405
1.19849	0.568369	0.0520378
1.20277	0.667629	0.0247345
1.20705	0.631489	0.0227914
1.21134	0.748846	0.0266345
1.21563	0.726629	0.0662397
1.21992	0.788821	0.0199313
1.22422	0.782778	0.0462491
1.22851	0.825195	0.00866921
1.23281	0.868636	0.0260524
1.23712	0.863352	0.0184967
1.24142	0.823473	0.0109769
1.24573	0.863948	0.0281668
1.25004	0.871647	0.0195080
1.25435	0.894765	0.0408722
1.25866	0.975901	0.0381798
1.26297	0.997884	0.0365596
1.26729	1.02824	0.00503162
1.27160	1.04803	0.0329517
1.27592	1.05815	0.0426026
1.28024	1.06307	0.00771908
1.28455	0.961163	0.0306608
1.28887	0.998544	0.0114565
1.29319	0.979202	0.0177903
1.29751	0.961907	0.000712837
1.30182	0.927904	0.0706847
1.30614	0.848977	0.0164747
1.31046	0.852541	0.0290210
1.31478	0.848677	0.0429895
1.31909	0.787201	0.0599681
1.32341	0.657013	0.0737993
1.32772	0.597977	0.0481482
1.33203	0.463032	0.0319137
1.33635	0.354339	0.00206602
1.34066	0.241742	0.0213570
1.34496	0.249816	0.0112002
1.34927	0.239345	0.0392141
1.35358	0.212473	0.00769770
1.35788	0.176647	0.00851411
1.36218	0.187975	0.0425445
1.36648	0.191536	0.100140
1.37077	0.266975	0.0234528
1.37507	0.302906	0.0841672
1.37936	0.347519	0.0683551
1.38365	0.215082	0.0648955
1.38793	0.221232	0.0558996
1.39222	0.319632	0.129212
1.39650	0.220193	0.00594243
1.40077	0.219890	0.0476287
1.40504	0.175552	0.0519786
1.40931	0.241636	0.0237719
1.41358	0.170216	0.0592723
1.41784	0.238167	0.0589892
1.42210	0.231357	0.0168371
1.42636	0.188560	0.00438848
1.43061	0.218498	0.0889506
1.43485	0.304768	0.0191449
1.43910	0.248710	0.0196676
1.44333	0.248206	0.0323892
1.44757	0.234296	0.00113576
1.45180	0.268260	0.0208294
1.45602	0.242138	0.0217976
1.46024	0.300999	0.0170486
1.46446	0.345153	0.00152692
1.46867	0.306800	0.000385850
1.47288	0.319028	0.0365462
1.47708	0.332267	0.0303303
1.48128	0.348604	0.0382181
1.48547	0.316341	0.0383354
1.48965	0.393970	0.0244161
1.49384	0.363572	0.000396790
1.49801	0.389081	0.0117676
1.50218	0.438649	0.0486912
1.50635	0.415941	0.0159030
1.51051	0.412826	0.0541915
1.51466	0.425471	0.00658160
1.51881	0.493287	0.0195943
1.52295	0.531710	0.00256674
1.52709	0.552562	0.0350169
1.53122	0.501032	0.00771338
1.53535	0.547501	0.00117803
1.53947	0.565000	0.00273078
1.54358	0.633726	0.0133555
1.54769	0.616986	0.0322047
1.55180	0.662770	0.0272444
1.55589	0.671133	0.0409430
1.55998	0.676197	0.0375133
1.56407	0.661618	0.0261076
1.56815	0.733183	0.0582906
1.57222	0.697210	0.0259187
1.57628	0.713376	0.00733675
1.58034	0.737932	0.00613886
1.58440	0.718537	0.0302731
1.58844	0.772357	0.000888850
1.59249	0.734526	0.0180182
1.59652	0.717601	0.0215527
1.60055	0.682509	0.0247942
1.60457	0.681314	0.0601941
1.60859	0.624750	0.0433742
1.61259	0.616520	0.0287539
1.61660	0.582192	0.0298025
1.62059	0.550411	0.0135345
1.62458	0.540497	0.0109413
1.62857	0.521110	0.00632619
1.63254	0.531017	0.00802506
1.63651	0.530378	0.0237139
1.64048	0.559256	0.0336545
1.64443	0.567565	0.0553730
1.64838	0.565857	0.00574997
1.65233	0.594857	0.00947384
1.65626	0.544709	0.0120801
1.66020	0.577944	0.0264799
1.66412	0.555511	0.0738044
1.66804	0.561655	0.0207082
1.67195	0.510953	0.0306323
1.67585	0.538324	0.0269286
1.67975	0.513904	0.0329349
1.68364	0.541537	0.0252797
1.68753	0.559743	0.0166345
1.69141	0.547689	0.00890596
1.69528	0.517461	0.0188799
1.69914	0.549813	0.00999491
1.70300	0.520127	0.0445633
1.70685	0.519136	0.0261995
1.71070	0.509227	0.0240187
1.71454	0.496745	0.00812439
1.71837	0.505667	0.00795417
1.72220	0.486503	0.0324299
1.72602	0.472240	0.0311438
1.72983	0.472802	0.0111611
1.73364	0.453309	0.0489601
1.73744	0.445571	0.0499104
1.74123	0.466701	0.00385271
1.74502	0.404829	0.0132677
1.74880	0.381646	0.0158949
1.75258	0.395395	0.000740621
1.75634	0.373006	0.00936405
1.76011	0.339641	0.0114438
1.76386	0.395996	0.00261080
1.76761	0.472340	0.0611289
1.77136	0.300620	0.0675238
1.77509	0.308827	0.00683366
1.77882	0.286417	0.0214393
1.78255	0.301716	0.0375076
1.78627	0.316614	0.0566752
1.78998	0.309350	0.0311810
1.79369	0.295455	0.0443330
1.79739	0.282882	0.0155048
1.80108	0.256591	0.0217507
1.80477	0.276901	0.0697637
1.80845	0.216079	0.0133655
1.81213	0.262395	0.00476342
1.81580	0.283748	0.0366131
1.81946	0.293602	0.0224757
1.82312	0.235639	0.0213311
1.82677	0.283847	0.00928843
1.83042	0.258658	0.0135976
1.83406	0.365590	0.00781781
1.83769	0.221363	0.0318042
1.84132	0.169684	0.0696638
1.84495	0.286585	0.00574720
1.84857	0.243119	0.0557391
1.85218	0.172489	0.0428274
1.85578	0.206194	0.0179321
1.85938	0.190953	0.0602243
1.86298	0.148904	0.0116871
1.86657	0.176670	0.0362241
1.87015	0.142556	0.0131260
1.87373	0.228778	0.0911748
1.87731	0.254195	0.0758465
1.88087	0.274756	0.0158747
1.88444	0.228282	0.00866160
1.88799	0.195973	0.0534021
1.89154	0.254180	0.00197055
1.89509	0.287458	0.0143667
1.89863	0.271586	0.0466968
1.90217	0.276674	0.0302570
1.90570	0.294136	0.0133845
1.90922	0.254720	0.0258493
1.91274	0.297631	0.0520636
1.91626	0.266102	0.0363909
1.91977	0.317156	0.0539397
1.92327	0.277603	0.0438445
1.92677	0.245900	0.114573
1.93026	0.252284	0.0405872
1.93375	0.249832	0.0171942
1.93724	0.158052	0.0384454
1.94071	0.186581	0.0264209
1.94419	0.222779	0.00745133
1.94766	0.215516	0.0246681
1.95112	0.233913	0.0283440
1.95458	0.199370	0.0287958
1.95804	0.239583	0.0362940
1.96148	0.216774	0.0158711
1.96493	0.238670	0.0533380
1.96837	0.256601	0.0758769
1.97180	0.253064	0.0115211
1.97523	0.295391	0.00965530
1.97866	0.222862	0.0107447
1.98208	0.263368	0.0120440
1.98549	0.253633	0.0214059
1.98891	0.266302	0.00590015
1.99231	0.253489	0.0151443
1.99571	0.281553	0.0127066
1.99911	0.268338	0.0251575
2.00250	0.277115	0.0969079
2.00589	0.321892	0.0527845
2.00927	0.223032	0.00953588
2.01265	0.289813	0.0161118
2.01603	0.273911	0.0562112
2.01939	0.294855	0.0435516
2.02276	0.300179	0.00852736
2.02612	0.296734	0.0103260
2.02947	0.306038	0.0246170
2.03282	0.316432	0.0195584
2.03617	0.274704	0.0321017
2.03951	0.325949	0.0351889
2.04285	0.401508	0.0264963
2.04618	0.337562	0.0497663
2.04951	0.359995	0.0146070
2.05283	0.380624	0.0117043
2.05615	0.355529	0.00682593
2.05947	0.371044	0.0104380
2.06278	0.389595	0.0341446
2.06608	0.401213	0.00431092
2.06938	0.395890	0.0149401
2.07268	0.388337	0.0350573
2.07597	0.417215	0.00149358
2.07926	0.386365	0.00983144
2.08254	0.390837	0.00923316
2.08582	0.394167	0.000680299
2.08909	0.378321	0.0205255
2.09236	0.372839	0.0348918
2.09563	0.399838	0.000868375
2.09889	0.380096	0.0356690
2.10214	0.352598	0.0343437
2.10539	0.378807	0.0117707
2.10864	0.386564	0.0159793
2.11188	0.356987	0.00817724
2.11512	0.369710	0.00676776
2.11835	0.408661	0.00515994
2.12158	0.381551	0.00350594
2.12480	0.385781	0.0131034
2.12802	0.366423	0.0327223
2.13124	0.379191	0.0337790
2.13445	0.402709	0.0160963
2.13765	0.383447	0.00283483
2.14085	0.375228	0.0186609
2.14405	0.358663	0.00736622
2.14724	0.374751	0.0118057
2.15043	0.342551	0.00679002
2.15361	0.366857	0.0172920
2.15679	0.335105	0.0211361
2.15996	0.349826	0.000215298
2.16313	0.337903	0.00686331
2.16629	0.372932	0.0234094
2.16945	0.342867	0.0225074
2.17260	0.332928	0.0131155
2.17575	0.336375	0.0268871
2.17889	0.321915	0.0271507
2.18203	0.313205	0.00955371
2.18517	0.313601	0.0352299
2.18830	0.327067	0.00704288
2.19142	0.303674	0.0128820
2.19454	0.318480	0.00659111
2.19766	0.277554	0.0212230
2.20077	0.266120	0.0157840
2.20387	0.294932	0.0359087
2.20697	0.271213	0.00612784
2.21007	0.284731	0.0173279
2.21316	0.296846	0.0150329
2.21624	0.283146	0.0226476
2.21932	0.274646	0.00438633
2.22240	0.278433	0.0105957
2.22547	0.240239	0.0241332
2.22853	0.255258	0.0103426
2.23159	0.299653	0.00997124
2.23465	0.301863	0.00282432
2.23770	0.254371	0.0168975
2.24074	0.236565	0.00359370
2.24378	0.288225	0.0230217
2.24681	0.276279	0.0254528
2.24984	0.251175	0.0112438
2.25287	0.232824	0.00765443
2.25589	0.257627	0.000596402
2.25890	0.226945	0.0167389
2.26191	0.272800	0.0316084
2.26491	0.245769	0.0185891
2.26791	0.259824	0.0135139
2.27091	0.253914	0.0151492
2.27389	0.278630	0.0196681
2.27688	0.228674	0.00283866
2.27985	0.219145	0.00967103
2.28283	0.214044	0.0295983
2.28579	0.237823	0.00153500
2.28876	0.248919	0.0496068
2.29171	0.220974	0.00275746
2.29466	0.235480	0.0263821
2.29761	0.212873	0.00538048
2.30055	0.157204	0.0544920
2.30349	0.179361	0.0225858
2.30642	0.167882	0.0320997
2.30935	0.156539	0.00968221
2.31227	0.216823	0.0200936
2.31518	0.156110	0.0259906
2.31809	0.200589	0.0127740
2.32100	0.158137	0.00944979
2.32390	0.139617	0.0216024
2.32679	0.148701	0.0129274
2.32968	0.170470	0.00394292
2.33257	0.156441	0.0188876
2.33545	0.157026	0.0257627
2.33833	0.148915	0.0338389
2.34120	0.168702	0.0110950
2.34406	0.163172	0.00640723
2.34692	0.197905	0.0285568
2.34978	0.127776	0.0248747
2.35263	0.217492	0.0401076
2.35548	0.152331	0.0512120
2.35832	0.215928	0.0146256
2.36116	0.157621	0.00198874
2.36399	0.183154	0.0146310
2.36682	0.205639	0.0168563
2.36964	0.157790	0.0215426
2.37246	0.200409	0.0308211
2.37528	0.116355	0.0556969
2.37809	0.154163	0.0257358
2.38090	0.158422	0.0392231
2.38370	0.187140	0.0114411
2.38650	0.213812	0.0954339
2.38930	0.176061	0.0381370
2.39209	0.162051	0.0137320
2.39488	0.197638	0.0215179
2.39766	0.211475	0.00724444
2.40044	0.194719	0.0613309
2.40322	0.256199	0.0500707
2.40600	0.172969	0.0262770
2.40877	0.137794	0.0266184
2.41154	0.153290	0.0356457
2.41431	0.218731	0.0188261
2.41707	0.145303	0.0285500
2.41983	0.217090	0.0233720
2.42259	0.141736	0.0507408
2.42535	0.242290	0.0117757
2.42810	0.201224	0.0190741
2.43085	0.217018	0.0314351
2.43360	0.168080	0.0154817
2.43635	0.199365	0.0697617
2.43910	0.163257	0.0258923
2.44185	0.203075	0.0918825
2.44459	0.159028	0.0291854
2.44734	0.179479	0.00660091
2.45008	0.256053	0.00796029
2.45283	0.242117	0.111252
2.45557	0.181237	0.0121583
2.45831	0.120897	0.00390193
2.46106	0.162777	0.0877875
2.46380	0.131545	0.124033
2.46655	0.179179	0.0338258
2.46929	0.140712	0.0456710
2.47204	0.166983	0.0267655
2.47479	0.107682	0.0382001
2.47754	0.0817376	0.0341732
2.48029	0.216787	0.00914184
2.48305	0.276946	0.0570420
2.48581	0.248849	0.0696933
2.48857	0.0974553	0.122412
2.49133	0.140762	0.192756
2.49410	0.137674	0.189826
2.49687	0.170008	0.0769223
2.49965	0.114880	0.0577016
2.50243	0.234681	0.0251184
2.50522	0.124708	0.181603
2.50801	0.128139	0.173582
2.51081	-0.155739	0.0328267
2.51361	0.135404	0.146349
2.51642	0.126210	0.00741232
2.51924	-0.0960644	0.248442
2.52206	0.171321	0.0467918
2.52490	0.0328414	0.240354
2.52774	0.271009	0.179659
2.53059	-0.0729271	0.139854
2.53345	-0.210606	0.206434
2.53631	-0.153843	0.186429
2.53919	-0.00441264	0.115358
2.54208	0.336913	0.354819
2.54498	0.747619	0.192597
2.54790	-0.348161	1.15759
2.55082	1.62149	0.380399
2.55376	0.970858	0.326930
2.55671	-0.0611508	0.475767
