#  ----------------------------------------------------------------------------------
# SpeX prism spectrum of 2MASS J09490860-1545485 (J09490860-1545485)
# Originally observed on 2004 Mar 12
# Average resolution = 120
# Originally published in Burgasser et al. (2006) ApJ, 637, 1067
#
# PLEASE CITE THE ORIGINAL DATA REFERENCE WHEN PUBLISHING OR PRESENTING THESE DATA
#
# Near infrared spectral type: T2
# J magnitude = 16.149
# H magnitude = 15.262
# Ks magnitude = 15.227
#
#  Wavelength (micron)   F_lambda (normalized)  Noise (normalized as F_lambda)
#  ----------------------------------------------------------------------------------
0.654779	-0.0718267	0.402926
0.656976	0.0284205	0.180225
0.659164	0.684471	0.0706304
0.661344	0.415484	0.230944
0.663517	0.233798	0.494324
0.665683	-0.193575	0.118080
0.667844	0.182637	0.327747
0.670001	0.0164880	0.376444
0.672154	0.122004	0.274845
0.674304	-0.0854997	0.118409
0.676452	0.409531	0.213680
0.678599	-0.168772	0.0605996
0.680746	-0.0193310	0.136705
0.682893	0.128918	0.157674
0.685041	-0.0762488	0.367389
0.687192	-0.181019	0.155010
0.689344	-0.672318	0.100049
0.691501	0.119696	0.128609
0.693661	-0.00346232	0.399098
0.695825	0.0535938	0.0862408
0.697995	-0.0736423	0.167948
0.700171	0.173996	0.173117
0.702353	-0.113123	0.171903
0.704543	0.372161	0.200642
0.706740	0.0673479	0.162990
0.708945	0.486140	0.192891
0.711159	0.0850936	0.222291
0.713382	0.294096	0.209269
0.715615	0.118377	0.250613
0.717858	-0.0739646	0.0971963
0.720112	0.0543425	0.219114
0.722377	0.0482212	0.333213
0.724654	-0.0442934	0.351676
0.726943	-0.0730357	0.125894
0.729244	-0.0892016	0.207627
0.731558	0.212571	0.104823
0.733886	-0.00791069	0.140636
0.736227	-0.0511098	0.0990422
0.738582	0.0686104	0.00350173
0.740952	0.162163	0.0750260
0.743336	-0.100359	0.142168
0.745735	0.0870240	0.122197
0.748150	0.0377242	0.160897
0.750580	-0.108959	0.0745385
0.753026	-0.0111180	0.0359360
0.755489	0.0441689	0.115892
0.757967	-0.172680	0.198483
0.760463	0.160424	0.0143778
0.762975	-0.0216219	0.0697456
0.765505	0.0180537	0.0436400
0.768052	-0.00758767	0.0502398
0.770617	-0.0627932	0.00973048
0.773199	-0.0147365	0.0164203
0.775800	0.0471782	0.0280406
0.778418	-0.0608959	0.0372503
0.781055	0.0419471	0.0461390
0.783711	0.00498848	0.0188419
0.786385	-0.0634391	0.0224712
0.789077	0.0243170	0.0651803
0.791789	-0.00232718	0.0274847
0.794520	-0.0581253	0.0354385
0.797269	0.0618980	0.0328841
0.800038	-0.00175555	0.0353311
0.802826	-0.0317663	0.0973685
0.805634	0.0778456	0.0943799
0.808461	-0.0761864	0.0487834
0.811308	-0.0105583	0.0707565
0.814174	0.0360728	0.129007
0.817059	0.106517	0.0949197
0.819965	0.0336487	0.0503174
0.822889	-0.0154336	0.0260799
0.825834	-0.00315921	0.0392770
0.828798	0.0311804	0.0412125
0.831782	0.0967000	0.0124832
0.834786	-0.0476352	0.0800945
0.837810	0.0275338	0.0175886
0.840853	0.0359370	0.0232080
0.843916	0.0696428	0.0448375
0.846998	0.0688980	0.0206386
0.850100	0.0282727	0.0228014
0.853222	0.0219791	0.00701391
0.856363	0.00318914	0.00291108
0.859524	0.0541829	0.0301312
0.862704	0.0300596	0.0303818
0.865904	0.0634473	0.0881642
0.869123	0.0349432	0.0297206
0.872361	0.137413	0.0237331
0.875618	0.0822500	0.00230066
0.878894	0.143454	0.0118578
0.882189	0.0769892	0.0355736
0.885504	0.109077	0.0230729
0.888837	0.106735	0.0307600
0.892188	0.105895	0.0525842
0.895558	0.0913666	0.0310614
0.898947	0.144889	0.0238765
0.902354	0.124286	0.0207791
0.905779	0.174941	0.0219131
0.909222	0.191760	0.0275338
0.912684	0.192050	0.0426913
0.916163	0.176842	0.0258747
0.919660	0.202633	0.0103790
0.923174	0.213967	0.0214829
0.926706	0.225511	0.00803322
0.930255	0.209674	0.0384466
0.933821	0.132534	0.0388625
0.937404	0.216588	0.0143604
0.941004	0.280519	0.00791441
0.944621	0.255374	0.00354256
0.948254	0.219705	0.00811281
0.951903	0.215053	0.0284916
0.955569	0.295455	0.0139627
0.959250	0.228540	0.0570815
0.962948	0.321941	0.0141454
0.966661	0.332008	0.0326223
0.970389	0.323718	0.0247079
0.974133	0.406590	0.0152357
0.977892	0.395684	0.0195470
0.981665	0.390661	0.00513139
0.985454	0.367133	0.00684679
0.989257	0.359034	0.0148035
0.993074	0.324256	0.0140578
0.996905	0.377814	0.0147095
1.00075	0.342307	0.0188519
1.00461	0.408077	0.0171585
1.00848	0.374951	0.0182939
1.01237	0.417391	0.0253398
1.01627	0.423940	0.0143378
1.02018	0.444396	0.0203871
1.02410	0.435075	0.00974454
1.02804	0.454508	0.00524479
1.03199	0.493454	0.0118069
1.03595	0.523538	0.0181801
1.03993	0.517283	0.0123665
1.04391	0.566878	0.0117767
1.04791	0.562420	0.0125402
1.05192	0.549414	0.0350693
1.05594	0.606766	0.0180113
1.05997	0.600041	0.00938924
1.06401	0.602946	0.0126005
1.06806	0.674463	0.00130663
1.07212	0.656224	0.00826839
1.07620	0.659592	0.0236752
1.08028	0.715038	0.0442524
1.08437	0.694826	0.0297621
1.08847	0.703460	0.0150739
1.09258	0.673617	0.00454874
1.09670	0.644507	0.0403546
1.10083	0.626903	0.00561049
1.10497	0.603659	0.0190101
1.10911	0.609679	0.0244060
1.11326	0.600942	0.0141439
1.11742	0.510990	0.0152641
1.12159	0.552510	0.00811899
1.12577	0.587388	0.0140482
1.12995	0.545092	0.0197756
1.13415	0.514648	0.0161540
1.13834	0.498688	0.0100620
1.14255	0.540775	0.00974757
1.14676	0.580720	0.00847070
1.15098	0.597782	0.0150072
1.15520	0.593507	0.0176832
1.15943	0.599252	0.00869370
1.16366	0.562405	0.00436248
1.16790	0.542629	0.0122627
1.17215	0.491794	0.00561196
1.17640	0.538080	0.0171469
1.18066	0.564358	0.00536718
1.18492	0.638491	0.0165137
1.18918	0.659277	0.00651450
1.19345	0.671171	0.00649388
1.19773	0.733686	0.00230808
1.20200	0.731019	0.0281133
1.20629	0.751559	0.0184704
1.21057	0.788704	0.0118440
1.21486	0.835567	0.00356083
1.21915	0.840354	0.0153141
1.22344	0.855458	0.0148139
1.22774	0.870215	0.00162568
1.23204	0.819864	0.0188238
1.23634	0.850854	0.0116911
1.24065	0.834476	0.0175266
1.24495	0.813898	0.00381709
1.24926	0.806217	0.00414919
1.25357	0.852317	0.00850778
1.25788	0.903746	0.0106733
1.26220	0.980868	0.00777876
1.26651	1.03630	0.00875449
1.27083	1.03408	0.0189435
1.27514	1.03114	0.0260704
1.27946	1.00437	0.0346050
1.28378	1.00117	0.0166780
1.28810	0.975249	0.00569209
1.29241	0.985617	0.00255788
1.29673	0.974397	0.00285007
1.30105	0.988228	0.00449813
1.30537	0.979474	0.0312624
1.30968	0.989987	0.00810335
1.31400	0.946674	0.0128573
1.31832	0.925289	0.0117480
1.32263	0.906982	0.00748368
1.32695	0.761649	0.00907612
1.33126	0.599834	0.0147186
1.33557	0.439434	0.0119681
1.33988	0.311620	0.0212511
1.34419	0.268169	0.0201937
1.34850	0.222254	0.0144480
1.35280	0.248669	0.0280966
1.35711	0.214961	0.0228634
1.36141	0.0905745	0.00598785
1.36571	0.224052	0.0596668
1.37000	0.223980	0.0638333
1.37430	0.325359	0.0316978
1.37859	0.341486	0.0294171
1.38288	0.205828	0.0797350
1.38716	0.270519	0.0427030
1.39145	0.151716	0.0611918
1.39573	0.0892811	0.00484443
1.40000	0.248800	0.0101713
1.40428	0.211725	0.0108340
1.40855	0.194319	0.0235024
1.41281	0.199722	0.0344397
1.41708	0.184628	0.0606446
1.42134	0.167107	0.00520373
1.42559	0.199512	0.0148902
1.42984	0.199139	0.0122025
1.43409	0.213840	0.0165821
1.43833	0.186547	0.00516469
1.44257	0.236012	0.00800730
1.44681	0.274860	0.00209731
1.45104	0.268229	0.0515392
1.45527	0.284799	0.0101170
1.45949	0.288094	0.0129866
1.46370	0.302932	0.0100934
1.46792	0.327186	0.00577068
1.47212	0.324640	0.00408794
1.47633	0.335446	0.0201533
1.48052	0.352147	0.00311304
1.48472	0.363481	0.0298466
1.48890	0.381841	0.0255889
1.49309	0.403818	0.0107092
1.49726	0.416049	0.0225974
1.50143	0.460856	0.0229711
1.50560	0.435060	0.0137227
1.50976	0.451174	0.00801002
1.51392	0.500070	0.00182326
1.51807	0.543202	0.0129868
1.52221	0.530548	0.00806312
1.52635	0.530182	0.0277891
1.53048	0.574782	0.0208053
1.53461	0.598860	0.0223016
1.53873	0.636063	0.0399535
1.54285	0.616161	0.00856593
1.54696	0.624704	0.00597318
1.55106	0.692682	0.0116193
1.55516	0.672993	0.00532278
1.55925	0.690986	0.00786024
1.56333	0.671202	0.0126497
1.56741	0.698925	0.00840379
1.57149	0.721761	0.00499334
1.57555	0.727739	0.00962472
1.57961	0.721219	0.0342375
1.58367	0.737956	0.0159411
1.58772	0.743487	0.00419262
1.59176	0.727727	0.0193617
1.59580	0.737420	0.0173316
1.59983	0.740699	0.00642621
1.60385	0.717397	0.0167762
1.60786	0.655348	0.00722795
1.61187	0.656395	0.0126271
1.61588	0.623164	0.00167926
1.61988	0.609796	0.0124466
1.62387	0.607252	0.0133339
1.62785	0.561904	0.0110682
1.63183	0.557714	0.00741437
1.63580	0.590740	0.0171997
1.63976	0.573192	0.0192910
1.64372	0.611162	0.00397561
1.64767	0.615120	0.00409136
1.65162	0.627061	0.0182950
1.65556	0.622189	0.00675743
1.65949	0.625441	0.00545228
1.66342	0.585393	0.00615120
1.66733	0.554851	0.0139047
1.67125	0.538566	0.0115660
1.67515	0.501055	0.00927768
1.67905	0.554274	0.00349479
1.68294	0.570424	0.00902308
1.68683	0.572164	0.00971780
1.69071	0.575064	0.0188685
1.69458	0.552397	0.00703334
1.69845	0.557320	0.0232151
1.70231	0.547365	0.00597523
1.70616	0.517391	0.00694687
1.71001	0.530250	0.0172544
1.71385	0.497357	0.00696838
1.71768	0.512442	0.00985528
1.72151	0.489859	0.0160820
1.72533	0.477369	0.00250215
1.72915	0.492202	0.00952659
1.73295	0.448051	0.00719459
1.73676	0.455293	0.00565035
1.74055	0.436108	0.00972575
1.74434	0.413128	0.0201725
1.74812	0.387350	0.00436409
1.75190	0.366215	0.0116716
1.75567	0.339608	0.00988694
1.75943	0.341312	0.00915596
1.76319	0.324649	0.0161459
1.76694	0.313708	0.0138077
1.77068	0.292020	0.0211421
1.77442	0.263470	0.00802048
1.77815	0.219066	0.0300895
1.78188	0.224131	0.00548523
1.78560	0.231777	0.0127603
1.78931	0.243314	0.0140606
1.79302	0.230457	0.00854732
1.79672	0.153818	0.0583312
1.80042	0.181184	0.00325776
1.80411	0.213868	0.0228224
1.80779	0.144316	0.0263095
1.81147	0.209803	0.00497410
1.81514	0.211496	0.0144130
1.81880	0.199228	0.0121566
1.82246	0.263531	0.0422305
1.82612	0.286357	0.0203335
1.82976	0.220798	0.00901053
1.83341	0.276255	0.0627299
1.83704	0.313016	0.0290017
1.84067	0.163150	0.0128094
1.84430	0.282144	0.0702785
1.84792	0.262409	0.0596211
1.85153	0.213119	0.0219400
1.85514	0.179228	0.0321007
1.85874	0.122001	0.0581584
1.86233	0.150273	0.0336698
1.86593	0.0910141	0.0339698
1.86951	0.127023	0.0314430
1.87309	0.271484	0.194811
1.87666	0.225907	0.0327572
1.88023	0.165047	0.0183610
1.88380	0.221379	0.0377811
1.88735	0.214901	0.0249291
1.89091	0.201924	0.0272781
1.89445	0.212280	0.0428004
1.89800	0.226554	0.0406994
1.90153	0.180693	0.0344992
1.90506	0.198760	0.0890251
1.90859	0.175340	0.0133788
1.91211	0.250714	0.0246627
1.91563	0.234449	0.0425511
1.91914	0.279457	0.0358719
1.92264	0.207357	0.0264349
1.92614	0.197417	0.0583694
1.92964	0.200295	0.0204787
1.93313	0.205881	0.0207772
1.93661	0.187159	0.00823635
1.94009	0.164117	0.00620200
1.94357	0.187544	0.00857621
1.94704	0.182065	0.0151381
1.95050	0.148045	0.0103995
1.95396	0.186447	0.0115756
1.95742	0.183158	0.00921354
1.96087	0.178985	0.00844333
1.96431	0.185712	0.00659396
1.96775	0.178113	0.0279025
1.97119	0.187301	0.000924728
1.97462	0.191188	0.0119947
1.97804	0.194672	0.0123861
1.98147	0.188822	0.00789972
1.98488	0.205898	0.00951600
1.98829	0.203083	0.00000
1.99170	0.198685	0.0157641
1.99510	0.199269	0.0128001
1.99850	0.162457	0.00469680
2.00189	0.217252	0.0285942
2.00528	0.239754	0.0282924
2.00867	0.194728	0.0144198
2.01205	0.220802	0.00450997
2.01542	0.220917	0.00478454
2.01879	0.245841	0.0134734
2.02215	0.273005	0.00234769
2.02552	0.243382	0.00708751
2.02887	0.238607	0.0173099
2.03222	0.268751	0.00221801
2.03557	0.281729	0.00592631
2.03891	0.258376	0.0119305
2.04225	0.289556	0.00500092
2.04558	0.292302	0.00338958
2.04891	0.288313	0.0150209
2.05224	0.284105	0.00913351
2.05556	0.318342	0.00784687
2.05887	0.323025	0.00693804
2.06218	0.291837	0.0164578
2.06549	0.325299	0.00351644
2.06879	0.327414	0.0175592
2.07209	0.336555	0.00992024
2.07538	0.324615	0.0298188
2.07867	0.339852	0.00270716
2.08195	0.336791	0.00650183
2.08523	0.339404	0.00549423
2.08850	0.318729	0.0182052
2.09177	0.357851	0.0102047
2.09504	0.345610	0.00341945
2.09830	0.347044	0.0115599
2.10156	0.338202	0.00161839
2.10481	0.324526	0.00430435
2.10806	0.336186	0.00587290
2.11130	0.346851	0.00000
2.11454	0.326882	0.00617593
2.11777	0.341151	0.00189626
2.12100	0.315211	0.0115595
2.12422	0.334743	0.0130424
2.12744	0.329141	0.00662089
2.13066	0.330428	0.00731069
2.13387	0.314965	0.00727405
2.13708	0.324526	0.0114467
2.14028	0.312869	0.0121292
2.14347	0.321408	0.00116428
2.14667	0.320690	0.00688948
2.14985	0.303474	0.00659062
2.15304	0.298623	0.00435378
2.15622	0.292735	0.00325793
2.15939	0.305437	0.00602754
2.16256	0.287493	0.00249289
2.16572	0.285489	0.00521519
2.16888	0.279882	0.00875039
2.17203	0.262246	0.00473553
2.17518	0.272585	0.00000
2.17833	0.268716	0.00255437
2.18147	0.251718	0.00575260
2.18460	0.247940	0.00438350
2.18773	0.243099	0.00242182
2.19086	0.235098	0.00861733
2.19398	0.227638	0.00133481
2.19710	0.207653	0.0105091
2.20021	0.190833	0.00973975
2.20331	0.149331	0.00391366
2.20641	0.162637	0.00260599
2.20951	0.162577	0.0139768
2.21260	0.158742	0.00557248
2.21569	0.166926	0.00716911
2.21877	0.181271	0.00466768
2.22184	0.155647	0.00311893
2.22492	0.155508	0.00100795
2.22798	0.170590	0.0156949
2.23104	0.157998	0.00791473
2.23410	0.146218	0.00651803
2.23715	0.153065	0.00452197
2.24019	0.145130	0.00472053
2.24323	0.147198	0.00416642
2.24627	0.133868	0.00467356
2.24930	0.124975	0.00262601
2.25233	0.132329	0.00996022
2.25535	0.136431	0.0247745
2.25836	0.138696	0.00534181
2.26137	0.126950	0.00527494
2.26437	0.123502	0.00304749
2.26737	0.110082	0.00910973
2.27037	0.109381	0.00601059
2.27336	0.124547	0.00436077
2.27634	0.121752	0.00628470
2.27932	0.113966	0.0156874
2.28229	0.110953	0.00621886
2.28526	0.121540	0.00317758
2.28822	0.111909	0.00903154
2.29118	0.108364	0.00902485
2.29414	0.104931	0.0110008
2.29708	0.0910753	0.00202078
2.30002	-0.0112286	0.0683481
2.30296	0.0621229	0.0118658
2.30589	0.0694031	0.00587292
2.30882	0.0569745	0.00321883
2.31174	0.0896248	0.00780007
2.31466	0.121725	0.000908337
2.31757	0.0784289	0.00892351
2.32048	0.0767848	0.0233194
2.32338	0.0570000	0.0152141
2.32627	0.0819568	0.00254076
2.32917	0.0559341	0.00394151
2.33205	0.0752587	0.00787872
2.33493	0.0710851	0.00158602
2.33781	0.0714029	0.00683954
2.34068	0.0594470	0.0126184
2.34355	0.0824045	0.00581586
2.34641	0.0887829	0.0125271
2.34927	0.0580933	0.00571812
2.35212	0.0652182	0.00582625
2.35497	0.0942474	0.0169565
2.35781	0.0757865	0.0197116
2.36065	0.0801639	0.00386704
2.36348	0.0792002	0.00581618
2.36631	0.0873551	0.0177804
2.36914	0.0456487	0.0107282
2.37196	0.0817644	0.0254044
2.37477	0.0495292	0.00543272
2.37759	0.0578771	0.0104868
2.38039	0.0502387	0.0141564
2.38320	0.0746520	0.0122130
2.38600	0.0835063	0.00395661
2.38880	0.0673107	0.00396690
2.39159	0.0867497	0.0101056
2.39438	0.0843646	0.0122631
2.39716	0.0609472	0.0103045
2.39995	0.0978774	0.0105120
2.40272	0.0617190	0.00548294
2.40550	0.0999705	0.00643441
2.40827	0.0884221	0.0184186
2.41104	0.0703491	0.0366425
2.41381	0.121208	0.0145636
2.41657	0.112392	0.0133832
2.41933	0.0919550	0.0241733
2.42209	0.101383	0.00865655
2.42485	0.105870	0.00279747
2.42761	0.0852973	0.0112753
2.43036	0.118402	0.0182553
2.43311	0.0948459	0.00150829
2.43586	0.107350	0.0103413
2.43861	0.0979140	0.0236773
2.44135	0.101466	0.00824361
2.44410	0.143162	0.0267547
2.44684	0.0708669	0.00805132
2.44959	0.126282	0.0391775
2.45233	0.108436	0.0211843
2.45508	0.152829	0.00600106
2.45782	0.0865611	0.0113737
2.46056	0.135997	0.0135178
2.46331	0.0877423	0.00637955
2.46605	0.0668989	0.0169576
2.46880	0.149930	0.0201718
2.47155	0.155625	0.0160770
2.47430	0.116493	0.0221377
2.47705	0.0881535	0.0204843
2.47980	0.0735049	0.0163859
2.48255	0.0304733	0.0514763
2.48531	0.149639	0.0180334
2.48807	0.0828580	0.0316074
2.49084	0.0889929	0.0693552
2.49360	0.0604900	0.0227219
2.49637	0.101710	0.0183007
2.49915	-0.00504231	0.0201250
2.50193	0.0866425	0.00685562
2.50472	0.159649	0.0524983
2.50751	0.142308	0.0659396
2.51030	-0.0119634	0.0176141
2.51311	0.184299	0.0611027
2.51592	0.112970	0.0872813
2.51873	-0.0633754	0.138766
2.52156	-0.0154723	0.213086
2.52439	0.285875	0.0780417
2.52723	0.383608	0.252513
2.53007	0.697027	0.0715146
2.53293	-0.155754	0.229204
2.53580	-0.517164	0.471622
2.53868	0.116040	0.161001
2.54156	0.710882	0.732614
2.54446	0.516405	0.525126
2.54737	0.856486	0.450087
2.55030	3.59036	2.03097
2.55323	-0.130116	1.51019
2.55618	-0.702943	0.969195
2.55914	0.238775	0.812618
2.56212	-0.578509	0.449874
2.56511	-1.68151	0.627106
