#  ----------------------------------------------------------------------------------
# SpeX prism spectrum of 2MASS J12095613-1004008 (J12095613-1004008)
# Originally observed on 2003 May 23
# Average resolution = 120
# Originally published in Burgasser et al. (2004) AJ, 127, 2856
#
# PLEASE CITE THE ORIGINAL DATA REFERENCE WHEN PUBLISHING OR PRESENTING THESE DATA
#
# Near infrared spectral type: T3
# J magnitude = 15.914
# H magnitude = 15.329
# Ks magnitude = 15.062
#
#  Wavelength (micron)   F_lambda (normalized)  Noise (normalized as F_lambda)
#  ----------------------------------------------------------------------------------
0.658098	0.0928140	0.183737
0.660282	0.207671	0.299244
0.662458	-0.164273	0.00000
0.664627	0.191399	0.174732
0.666791	-0.181069	0.00000
0.668950	-0.00317067	0.00000
0.671104	0.00536354	0.0579661
0.673256	0.0385326	0.0919123
0.675405	0.0240448	0.121596
0.677552	-0.0440838	0.00000
0.679699	0.0331209	0.0553018
0.681846	-0.0288618	0.00000
0.683994	-0.0729090	0.00000
0.686143	0.0713172	0.140174
0.688294	-0.0288030	0.00000
0.690449	0.0619441	0.143585
0.692607	-0.195803	0.00000
0.694769	0.0768645	0.176803
0.696937	-0.141123	0.00000
0.699109	-0.0870669	0.00000
0.701289	-0.109911	0.00000
0.703474	-0.00254418	0.00000
0.705668	-0.111665	0.00000
0.707869	0.0406801	0.0912792
0.710078	-0.0390208	0.00000
0.712297	0.0520372	0.0674080
0.714525	0.0176058	0.0556653
0.716763	0.0821630	0.118068
0.719012	-0.0670480	0.00000
0.721272	-0.146408	0.00000
0.723543	0.00312190	0.104905
0.725825	0.000343350	0.0926652
0.728121	-0.0583461	0.00000
0.730428	0.0171655	0.0344536
0.732749	-0.0560867	0.00000
0.735084	0.0594366	0.0607901
0.737432	0.00544753	0.0221089
0.739795	-0.00736097	0.00000
0.742172	-0.0570786	0.00000
0.744563	0.0275227	0.0443859
0.746971	0.0453281	0.0553715
0.749393	0.0152102	0.0482018
0.751832	0.0367726	0.0236226
0.754286	-0.00735133	0.00000
0.756757	-0.00578864	0.00000
0.759244	0.00788336	0.0297003
0.761748	-0.00174250	0.00000
0.764270	-0.0618127	0.00000
0.766808	-0.0768163	0.00000
0.769364	-0.0738881	0.00000
0.771938	-0.00970737	0.00000
0.774530	0.00471695	0.0266205
0.777139	-0.00842852	0.00000
0.779767	0.00763157	0.0363066
0.782414	0.00821925	0.0505691
0.785079	0.00898593	0.0466348
0.787762	0.0522572	0.0342320
0.790465	0.0126148	0.0438434
0.793186	0.00654244	0.00491854
0.795926	0.0277767	0.0332072
0.798686	-0.00244730	0.00000
0.801465	0.0535720	0.0184458
0.804263	0.0707446	0.0673508
0.807080	0.0336565	0.0230726
0.809917	0.0977810	0.0277553
0.812774	0.0770539	0.0497963
0.815650	-0.0630568	0.00000
0.818546	0.0106734	0.0365943
0.821461	0.0426327	0.0292233
0.824396	0.0340456	0.0247018
0.827351	0.0356537	0.0103330
0.830325	0.0699239	0.0341024
0.833319	0.0193530	0.0113143
0.836333	0.00578792	0.00794542
0.839367	0.0429879	0.0188058
0.842420	0.0728926	0.0200701
0.845493	0.0258065	0.0261956
0.848585	0.0402843	0.0261935
0.851698	0.0343780	0.00611435
0.854829	0.0761607	0.0243113
0.857981	0.0853297	0.000771942
0.861151	0.0698742	0.0126949
0.864341	0.0694956	0.00716754
0.867551	0.0591427	0.0115880
0.870780	0.0952965	0.0254614
0.874027	0.0593725	0.0322806
0.877294	0.121008	0.0105549
0.880580	0.0818050	0.0132173
0.883885	0.115330	0.0165695
0.887209	0.131342	0.0146116
0.890552	0.146893	0.0169722
0.893913	0.109509	0.0259867
0.897292	0.106416	0.00925603
0.900691	0.138307	0.00417534
0.904107	0.162544	0.0189916
0.907541	0.197618	0.00864288
0.910994	0.171707	0.0146783
0.914464	0.189312	0.0231260
0.917953	0.252622	0.0121604
0.921458	0.216723	0.0188460
0.924982	0.214507	0.0258668
0.928522	0.173906	0.0121123
0.932080	0.175633	0.0174294
0.935655	0.184248	0.0420860
0.939247	0.246446	0.0180910
0.942855	0.260579	0.0226382
0.946481	0.276104	0.0133899
0.950122	0.279670	0.0178303
0.953780	0.304358	0.0133040
0.957453	0.318275	0.0290003
0.961143	0.312251	0.0150463
0.964849	0.303629	0.0145606
0.968569	0.328843	0.00740746
0.972306	0.362285	0.0145582
0.976057	0.371839	0.0207917
0.979824	0.390391	0.00910630
0.983605	0.394003	0.0102203
0.987401	0.400276	0.0191495
0.991211	0.401072	0.0171630
0.995036	0.381846	0.0109002
0.998874	0.399635	0.0126252
1.00273	0.398232	0.0148045
1.00659	0.441854	0.0115353
1.01047	0.485927	0.0146140
1.01437	0.513649	0.0144221
1.01827	0.480597	0.0181624
1.02219	0.529299	0.00353061
1.02612	0.537254	0.0229246
1.03007	0.570561	0.0100839
1.03402	0.605561	0.0100889
1.03799	0.638325	0.0198081
1.04197	0.624631	0.0334921
1.04596	0.644332	0.0272582
1.04996	0.688293	0.0274819
1.05398	0.712701	0.0122892
1.05800	0.690869	0.00908579
1.06204	0.733295	0.0121782
1.06609	0.738996	0.00965911
1.07014	0.770202	0.00495389
1.07421	0.797072	0.0158439
1.07829	0.776450	0.00611387
1.08237	0.796499	0.0122442
1.08647	0.781110	0.0180409
1.09058	0.710522	0.00360517
1.09469	0.655331	0.0113894
1.09882	0.590495	0.0195491
1.10295	0.559145	0.0114834
1.10709	0.507512	0.00563146
1.11124	0.453890	0.0149953
1.11540	0.427116	0.00573072
1.11956	0.415383	0.00275236
1.12373	0.437158	0.00770509
1.12791	0.443541	0.00842589
1.13210	0.449786	0.0105453
1.13630	0.388368	0.0127240
1.14050	0.391699	0.0280488
1.14470	0.412915	0.0140647
1.14892	0.433681	0.0148162
1.15314	0.434058	0.0118547
1.15737	0.443831	0.00375571
1.16160	0.430593	0.0116380
1.16584	0.394634	0.0172450
1.17008	0.385305	0.00635537
1.17433	0.406710	0.00660338
1.17858	0.445529	0.00885452
1.18284	0.485187	0.00301127
1.18710	0.547922	0.00306849
1.19137	0.587924	0.0116142
1.19564	0.605816	0.0129024
1.19992	0.632118	0.00973382
1.20420	0.675999	0.0140665
1.20848	0.702267	0.00950370
1.21277	0.755357	0.00806966
1.21706	0.777505	0.00490360
1.22135	0.821216	0.0202039
1.22565	0.851785	0.00827081
1.22994	0.878898	0.00755612
1.23425	0.888624	0.00659799
1.23855	0.892577	0.00493229
1.24285	0.878712	0.0171626
1.24716	0.895081	0.0160927
1.25147	0.919832	0.00942163
1.25578	0.953007	0.0157649
1.26009	0.988957	0.00701259
1.26441	1.02476	0.0293568
1.26872	1.03501	0.0176675
1.27304	1.05221	0.0141414
1.27736	1.06315	0.0162695
1.28167	0.997904	0.0135936
1.28599	1.00963	0.0267556
1.29031	0.983438	0.0124980
1.29463	0.948711	0.00891613
1.29894	0.943237	0.0108475
1.30326	0.906125	0.0138859
1.30758	0.909130	0.0137089
1.31190	0.861053	0.00472916
1.31621	0.808561	0.0160745
1.32053	0.781946	0.0143616
1.32484	0.706496	0.0152180
1.32916	0.599355	0.0118710
1.33347	0.424406	0.00781049
1.33778	0.276201	0.00566866
1.34209	0.183025	0.00482040
1.34640	0.143679	0.00365144
1.35070	0.122757	0.0113033
1.35501	0.124048	0.00707923
1.35931	0.114565	0.00508708
1.36361	0.145229	0.0130194
1.36791	0.120756	0.0346940
1.37220	0.118123	0.0188726
1.37650	0.150295	0.00759172
1.38079	0.144415	0.0131722
1.38508	0.129959	0.00739231
1.38936	0.112826	0.0108509
1.39364	0.117153	0.0152168
1.39792	0.136314	0.00877388
1.40219	0.124972	0.0116848
1.40647	0.125811	0.00351486
1.41073	0.110082	0.0104605
1.41500	0.0921251	0.00932755
1.41926	0.0858152	0.0235121
1.42352	0.119474	0.00878739
1.42777	0.126874	0.0148457
1.43202	0.127151	0.0131082
1.43627	0.120021	0.0132853
1.44051	0.139980	0.00479073
1.44474	0.171000	0.0141160
1.44898	0.154085	0.0104950
1.45321	0.183450	0.0358583
1.45743	0.175810	0.0111480
1.46165	0.230706	0.0130842
1.46586	0.208725	0.00917273
1.47007	0.206787	0.00927393
1.47428	0.198615	0.00541718
1.47848	0.238439	0.00820769
1.48267	0.254777	0.0102058
1.48686	0.215995	0.0134727
1.49105	0.276052	0.0130157
1.49523	0.283516	0.00554586
1.49940	0.298321	0.00446622
1.50357	0.287273	0.0140191
1.50773	0.330005	0.0133597
1.51189	0.336303	0.0342263
1.51604	0.376274	0.00205684
1.52019	0.393092	0.0169236
1.52433	0.402795	0.0153253
1.52847	0.440817	0.0277620
1.53260	0.476489	0.0157047
1.53672	0.502455	0.0134785
1.54084	0.499655	0.0134749
1.54495	0.539022	0.0113201
1.54906	0.537793	0.00819064
1.55316	0.605972	0.0208356
1.55725	0.596472	0.00505497
1.56134	0.592254	0.00449764
1.56543	0.599282	0.00626952
1.56950	0.662163	0.0136568
1.57357	0.648223	0.0129499
1.57764	0.662896	0.00781143
1.58169	0.675576	0.0329461
1.58574	0.705265	0.00961165
1.58979	0.681163	0.0185390
1.59383	0.682407	0.00815867
1.59786	0.690778	0.00813706
1.60189	0.645540	0.00921915
1.60591	0.630826	0.0198780
1.60992	0.591027	0.0194044
1.61393	0.544842	0.00965870
1.61793	0.559613	0.0117513
1.62192	0.510847	0.0245320
1.62591	0.494729	0.0115315
1.62989	0.481904	0.00625761
1.63386	0.471142	0.00577211
1.63783	0.461361	0.00827942
1.64179	0.461645	0.00877383
1.64575	0.461164	0.0142731
1.64970	0.483794	0.00977933
1.65364	0.505897	0.00803879
1.65757	0.513761	0.00560065
1.66150	0.500521	0.00527538
1.66542	0.469725	0.0150230
1.66934	0.459365	0.00558096
1.67325	0.421835	0.0181777
1.67715	0.392168	0.0266598
1.68105	0.440477	0.00702587
1.68494	0.462547	0.00464827
1.68882	0.461382	0.00521017
1.69270	0.455620	0.0158721
1.69657	0.421305	0.0183322
1.70043	0.429347	0.0180285
1.70428	0.427826	0.0198648
1.70813	0.393933	0.00619599
1.71198	0.399722	0.00668495
1.71582	0.387757	0.00602885
1.71965	0.387559	0.00576555
1.72347	0.387520	0.0112122
1.72729	0.364162	0.00807488
1.73110	0.362718	0.0130335
1.73490	0.353930	0.0101913
1.73870	0.312872	0.00565261
1.74249	0.310752	0.0101314
1.74628	0.298248	0.00527473
1.75006	0.283798	0.00856388
1.75383	0.273590	0.00175858
1.75760	0.272129	0.00919782
1.76136	0.266767	0.0138092
1.76511	0.258018	0.0110899
1.76886	0.230605	0.00939335
1.77260	0.180739	0.0212482
1.77634	0.179480	0.0111407
1.78006	0.197341	0.00584517
1.78379	0.174555	0.00489823
1.78750	0.176783	0.00790637
1.79121	0.177006	0.00605163
1.79492	0.148244	0.0147671
1.79862	0.154709	0.0133594
1.80231	0.150897	0.00997637
1.80599	0.111331	0.00689806
1.80967	0.135842	0.0200353
1.81335	0.146705	0.0114944
1.81702	0.147765	0.00881545
1.82068	0.139731	0.0137568
1.82434	0.137135	0.0119883
1.82799	0.148811	0.0160664
1.83163	0.147033	0.0140488
1.83527	0.140416	0.0160228
1.83890	0.150730	0.0142933
1.84253	0.125048	0.0120540
1.84615	0.100486	0.0266490
1.84977	0.103055	0.00528188
1.85338	0.131577	0.0261832
1.85698	0.128510	0.0202170
1.86058	0.123711	0.0184875
1.86418	0.0806831	0.0123319
1.86776	0.111222	0.0113024
1.87135	0.154722	0.0271954
1.87492	0.156243	0.0267741
1.87849	0.138605	0.0369336
1.88206	0.140191	0.00595824
1.88562	0.138785	0.00638481
1.88918	0.109112	0.00666026
1.89272	0.149942	0.00851749
1.89627	0.130458	0.0158111
1.89981	0.152390	0.0162102
1.90334	0.145595	0.0243671
1.90687	0.138558	0.0211977
1.91039	0.185335	0.00812225
1.91391	0.172786	0.00454247
1.91742	0.164858	0.0204682
1.92093	0.167550	0.0223118
1.92444	0.183741	0.00706204
1.92793	0.158894	0.0108206
1.93142	0.147209	0.00825146
1.93491	0.128352	0.00916038
1.93839	0.132421	0.0129583
1.94187	0.102225	0.00431148
1.94534	0.114060	0.00426068
1.94881	0.113162	0.00935103
1.95227	0.125671	0.0115774
1.95573	0.114577	0.0135879
1.95918	0.130667	0.00330460
1.96263	0.126562	0.0139134
1.96607	0.109088	0.00773342
1.96951	0.111295	0.00740124
1.97295	0.124366	0.0111295
1.97637	0.134180	0.0100854
1.97980	0.138533	0.0127551
1.98322	0.121968	0.00950591
1.98663	0.146954	0.00288087
1.99004	0.150654	0.0100415
1.99345	0.140734	0.00547695
1.99685	0.163340	0.0149499
2.00024	0.165074	0.0144859
2.00363	0.146882	0.0125088
2.00702	0.185549	0.0177027
2.01040	0.176797	0.0141168
2.01378	0.185631	0.0143982
2.01715	0.190964	0.0142874
2.02051	0.194359	0.0177283
2.02388	0.178333	0.0108559
2.02724	0.210161	0.0206798
2.03059	0.190730	0.00960941
2.03394	0.201029	0.00419243
2.03728	0.223014	0.0122748
2.04062	0.225296	0.0144265
2.04396	0.233135	0.00804494
2.04729	0.245536	0.00484594
2.05062	0.245516	0.00678314
2.05394	0.239174	0.0127732
2.05726	0.278802	0.0108053
2.06057	0.241924	0.00315585
2.06388	0.244593	0.0100271
2.06718	0.255758	0.00939979
2.07048	0.274008	0.00404450
2.07377	0.268440	0.0131418
2.07706	0.285161	0.0138162
2.08035	0.267852	0.00822039
2.08363	0.262761	0.00140120
2.08691	0.262636	0.00433763
2.09018	0.269885	0.00720300
2.09345	0.274277	0.00442667
2.09671	0.274772	0.00375114
2.09997	0.261837	0.00953348
2.10322	0.252815	0.00682860
2.10647	0.258483	0.00669154
2.10972	0.259472	0.00402259
2.11296	0.257856	0.00487782
2.11620	0.269145	0.0159433
2.11943	0.256032	0.00788952
2.12265	0.269239	0.00834913
2.12588	0.254438	0.0106341
2.12909	0.261618	0.00557798
2.13231	0.250790	0.0150223
2.13551	0.244495	0.00903907
2.13872	0.245886	0.000800685
2.14192	0.255492	0.00270152
2.14511	0.237765	0.0105863
2.14830	0.242632	0.0125849
2.15149	0.221089	0.00594889
2.15467	0.238554	0.0141991
2.15784	0.232162	0.0106243
2.16101	0.218602	0.00579233
2.16418	0.221822	0.00375710
2.16734	0.230669	0.00411165
2.17050	0.218716	0.00545573
2.17365	0.224627	0.0142656
2.17680	0.203748	0.00323563
2.17994	0.207344	0.00669276
2.18308	0.206284	0.00673857
2.18621	0.191043	0.00973319
2.18934	0.182603	0.00442938
2.19246	0.201091	0.00710762
2.19558	0.187508	0.00575514
2.19869	0.158475	1.58475e-06
2.20180	0.158716	0.00720994
2.20490	0.151661	0.00914204
2.20800	0.138322	0.00265943
2.21109	0.132448	0.00953534
2.21418	0.141494	0.00494972
2.21727	0.152332	0.00449472
2.22035	0.151422	0.00350056
2.22342	0.125713	0.0214745
2.22649	0.134359	0.0160006
2.22955	0.116374	0.0110998
2.23261	0.123336	0.00879668
2.23566	0.145512	0.00710680
2.23871	0.138532	0.00808187
2.24175	0.130400	0.00252679
2.24479	0.123581	0.00443069
2.24782	0.118394	0.0101243
2.25085	0.111157	0.0144667
2.25387	0.127931	0.00381033
2.25689	0.111140	0.0133115
2.25990	0.116646	0.00806922
2.26291	0.119451	0.00587219
2.26591	0.129517	0.00442886
2.26891	0.112775	0.00594572
2.27190	0.109244	0.00454549
2.27489	0.104965	0.00228754
2.27787	0.108231	0.00274304
2.28084	0.123900	0.00706068
2.28382	0.0883806	0.00643512
2.28678	0.0975120	0.0131437
2.28974	0.114010	0.00424934
2.29270	0.0969940	0.00229247
2.29565	0.0922943	0.00950945
2.29859	0.0803810	0.00691943
2.30153	0.0862592	0.0125755
2.30446	0.0815963	0.0125718
2.30739	0.0878944	0.00920501
2.31032	0.0980040	0.0103125
2.31324	0.0915665	0.00653025
2.31615	0.0939530	0.0148705
2.31906	0.0800866	0.00462990
2.32196	0.0794410	0.0113596
2.32486	0.0622467	0.00449698
2.32776	0.0780356	0.0100884
2.33064	0.0614658	0.0145593
2.33353	0.0772443	0.00784399
2.33641	0.0916891	0.0136717
2.33928	0.0811124	0.00385565
2.34215	0.0669634	0.00500007
2.34501	0.0669632	0.00607724
2.34787	0.0758741	0.00800426
2.35073	0.0768870	0.0101531
2.35358	0.0765918	0.00874203
2.35642	0.0760376	0.00771080
2.35926	0.0952577	0.00571888
2.36210	0.0811950	0.00561732
2.36493	0.101053	0.00789775
2.36776	0.0881938	0.0110642
2.37058	0.100514	0.00801921
2.37340	0.0406303	0.0115948
2.37622	0.0640153	0.00513808
2.37903	0.0512521	0.00608488
2.38183	0.0590851	0.0102269
2.38463	0.0826394	0.00512019
2.38743	0.0805854	0.00383583
2.39023	0.0862344	0.00885156
2.39302	0.0743753	0.00908934
2.39581	0.0691508	0.00971801
2.39859	0.0921349	0.00402674
2.40137	0.0918218	0.00642879
2.40415	0.110519	0.00327782
2.40692	0.0856623	0.0116200
2.40969	0.0878896	0.00902312
2.41246	0.0679264	0.00601050
2.41523	0.0912098	0.00683127
2.41799	0.0962706	0.0123758
2.42075	0.128086	0.0125342
2.42351	0.0753680	0.00989986
2.42626	0.0991368	0.00534843
2.42902	0.0775589	0.00828464
2.43177	0.0676100	0.0133232
2.43452	0.0926243	0.0110940
2.43727	0.0783464	0.00850396
2.44001	0.105577	0.0178652
2.44276	0.0852821	0.00477568
2.44551	0.0958515	0.0289587
2.44825	0.0882755	0.0116305
2.45099	0.101153	0.0134521
2.45374	0.0920601	0.0206064
2.45648	0.0593936	0.00969078
2.45923	0.114003	0.0148903
2.46197	0.0861493	0.00925398
2.46471	0.0634798	0.0198647
2.46746	0.0720072	0.00567196
2.47021	0.0424505	0.0198840
2.47295	0.0345023	0.00839078
2.47570	0.0674313	0.0110806
2.47846	0.0710487	0.0135125
2.48121	0.0978683	0.0352550
2.48397	0.109857	0.0355514
2.48673	0.0862003	0.0204043
2.48949	0.0706019	0.0173568
2.49225	0.0756540	0.00845244
2.49502	0.0993169	0.0261596
2.49780	0.0647708	0.0149918
2.50057	0.0593294	0.0186695
2.50336	0.0948958	0.00284444
2.50615	0.0361248	0.0339780
2.50894	0.0553453	0.0304173
2.51174	0.0828094	0.0287039
2.51455	0.0903166	0.0375674
2.51736	0.0672821	0.0312634
2.52018	0.0714027	0.0208027
2.52301	0.0460873	0.0545689
2.52584	0.0186467	0.0429078
2.52868	0.0585352	0.101323
2.53154	0.0727147	0.0599087
2.53440	0.114447	0.120041
2.53727	0.0914000	0.0799916
2.54015	-0.00846019	0.00000
2.54305	0.0398518	0.0248439
2.54595	-0.0409966	0.00000
2.54887	0.286087	0.109835
2.55180	0.0664411	0.0865359
2.55474	0.173059	0.145196
2.55770	-0.0791844	0.00000
2.56067	-0.00336695	0.00000
