#  ----------------------------------------------------------------------------------
# SpeX prism spectrum of SDSS J151643.01+305344.4 (J15164306+3053443)
# Originally observed on 2008 Jul 12
# Average resolution = 120
# Originally published in Burgasser et al. (2010) ApJ, 710, 1142-1169
#
# PLEASE CITE THE ORIGINAL DATA REFERENCE WHEN PUBLISHING OR PRESENTING THESE DATA
#
# Near infrared spectral type: T0.5+/-1 (pec)
# J magnitude = 16.848
# H magnitude = 15.868
# Ks magnitude = 15.081
#
#  Wavelength (micron)   F_lambda (normalized)  Noise (normalized as F_lambda)
#  ----------------------------------------------------------------------------------
0.646799	-1.35909	0.737226
0.649037	0.525768	0.693807
0.651262	-0.0667964	0.677459
0.653476	0.0347597	0.586971
0.655679	-0.501731	0.529758
0.657872	-0.898087	0.469148
0.660057	0.633034	0.465133
0.662234	0.358656	0.437854
0.664404	0.0766560	0.463808
0.666568	-0.124268	0.427040
0.668727	-0.873967	0.433476
0.670882	-0.632130	0.408124
0.673033	-0.629664	0.395547
0.675183	-1.26213	0.365637
0.677330	-1.27314	0.361985
0.679477	-0.972195	0.344198
0.681624	-0.795387	0.346825
0.683772	-0.0427256	0.309742
0.685921	-0.419417	0.316285
0.688072	0.163278	0.299703
0.690226	0.0315029	0.290336
0.692384	-0.166050	0.277531
0.694546	0.372729	0.266171
0.696712	0.0220934	0.242405
0.698885	-0.0476287	0.247722
0.701063	-0.0678293	0.216699
0.703248	0.432741	0.209680
0.705441	0.0237245	0.196333
0.707641	-0.0350500	0.202419
0.709850	0.281946	0.177412
0.712067	-0.0402477	0.176913
0.714294	0.0853512	0.162722
0.716532	-0.114774	0.169447
0.718779	-0.349840	0.147078
0.721037	-0.316393	0.146226
0.723307	0.0717199	0.139538
0.725589	-0.169905	0.137036
0.727883	-0.0887008	0.133481
0.730189	-0.289104	0.135615
0.732509	-0.165214	0.125105
0.734842	-0.203586	0.123409
0.737189	-0.117130	0.117924
0.739550	-0.00833154	0.116162
0.741925	-0.182688	0.109430
0.744316	-0.00557946	0.110983
0.746721	-0.212061	0.0982987
0.749142	-0.133431	0.106729
0.751579	-0.0532951	0.0966731
0.754032	0.0581036	0.100428
0.756501	-0.226114	0.0980500
0.758986	-0.167142	0.113971
0.761489	-0.106248	0.133209
0.764008	-0.0628165	0.130989
0.766545	-0.137092	0.111891
0.769099	-0.0804077	0.100924
0.771671	-0.0863276	0.0834735
0.774261	-0.0237789	0.0834897
0.776869	-0.0563752	0.0813353
0.779495	0.0442395	0.0789547
0.782139	-0.0632293	0.0823133
0.784802	-0.0389279	0.0742837
0.787484	0.0187381	0.0718861
0.790184	0.00943547	0.0726442
0.792904	0.0976293	0.0701465
0.795642	-0.0165614	0.0735227
0.798400	0.000685353	0.0747906
0.801177	0.0131237	0.0729502
0.803973	-0.0698394	0.0707656
0.806788	-0.0922056	0.0728455
0.809623	-0.0934170	0.0681037
0.812478	-0.0127443	0.0690798
0.815352	0.0673692	0.0656554
0.818245	0.0263746	0.0616794
0.821159	0.0271959	0.0597564
0.824092	0.0585177	0.0630930
0.827044	-0.0219359	0.0610835
0.830017	-0.0185175	0.0608515
0.833009	0.0231752	0.0565856
0.836021	0.0592091	0.0610004
0.839052	0.0207683	0.0604488
0.842104	-0.0754471	0.0606222
0.845174	0.0366220	0.0578245
0.848265	0.127595	0.0579717
0.851375	0.0545318	0.0501332
0.854505	0.106547	0.0491128
0.857654	0.0962131	0.0475700
0.860823	0.190341	0.0485616
0.864011	0.0450355	0.0470055
0.867218	0.133029	0.0477991
0.870445	0.0978769	0.0464690
0.873691	0.191604	0.0471423
0.876956	0.153968	0.0462093
0.880240	0.0467398	0.0482787
0.883543	0.126968	0.0452513
0.886865	0.174713	0.0459901
0.890205	0.106413	0.0444384
0.893565	0.0208774	0.0450341
0.896942	0.125044	0.0423008
0.900339	0.159074	0.0417391
0.903753	0.121477	0.0395837
0.907186	0.150816	0.0438452
0.910636	0.141842	0.0418994
0.914105	0.166576	0.0427879
0.917591	0.270648	0.0407317
0.921095	0.151380	0.0414081
0.924617	0.135762	0.0389595
0.928156	0.210835	0.0399094
0.931712	0.148044	0.0408430
0.935285	0.249050	0.0426838
0.938875	0.218515	0.0414246
0.942482	0.215550	0.0411400
0.946105	0.223572	0.0398145
0.949745	0.189769	0.0395115
0.953401	0.233688	0.0362246
0.957073	0.273303	0.0346757
0.960761	0.251944	0.0368232
0.964465	0.300109	0.0370741
0.968184	0.328620	0.0346732
0.971919	0.334456	0.0353164
0.975669	0.316090	0.0317234
0.979434	0.281310	0.0320481
0.983213	0.432696	0.0304826
0.987008	0.376094	0.0315789
0.990817	0.483158	0.0318277
0.994640	0.371871	0.0325327
0.998477	0.495380	0.0326226
1.00233	0.489292	0.0310687
1.00619	0.449792	0.0293886
1.01007	0.479660	0.0300365
1.01396	0.483746	0.0301754
1.01787	0.546321	0.0304131
1.02178	0.483418	0.0303009
1.02571	0.505582	0.0313001
1.02966	0.563569	0.0296395
1.03361	0.555421	0.0301447
1.03758	0.607340	0.0291812
1.04156	0.648869	0.0291960
1.04555	0.626130	0.0281388
1.04955	0.657938	0.0262802
1.05356	0.620745	0.0240757
1.05759	0.660118	0.0227797
1.06162	0.669974	0.0223153
1.06567	0.643547	0.0234813
1.06972	0.694236	0.0240796
1.07379	0.733564	0.0252274
1.07787	0.736176	0.0267997
1.08195	0.686267	0.0270432
1.08605	0.742999	0.0266460
1.09015	0.621342	0.0269867
1.09427	0.652247	0.0254561
1.09839	0.518712	0.0256875
1.10252	0.515891	0.0243908
1.10666	0.476415	0.0223941
1.11081	0.421141	0.0212443
1.11497	0.446600	0.0203455
1.11913	0.453817	0.0197869
1.12330	0.444797	0.0211971
1.12748	0.434023	0.0226069
1.13167	0.421681	0.0237711
1.13586	0.463948	0.0244950
1.14006	0.392100	0.0255088
1.14427	0.457457	0.0242102
1.14848	0.515239	0.0252925
1.15270	0.505407	0.0248511
1.15693	0.487430	0.0236243
1.16116	0.460712	0.0231862
1.16540	0.478389	0.0213736
1.16964	0.450795	0.0192930
1.17389	0.497878	0.0178449
1.17814	0.492353	0.0171829
1.18240	0.542082	0.0163011
1.18666	0.583779	0.0161207
1.19093	0.611980	0.0169653
1.19520	0.679748	0.0188639
1.19948	0.706943	0.0202987
1.20376	0.741787	0.0209661
1.20804	0.779786	0.0224309
1.21232	0.763957	0.0212807
1.21661	0.820565	0.0218423
1.22091	0.822480	0.0219742
1.22520	0.836664	0.0212359
1.22950	0.918124	0.0232566
1.23380	0.903727	0.0206307
1.23810	0.880182	0.0188932
1.24241	0.922470	0.0181020
1.24672	0.941231	0.0175130
1.25103	0.953944	0.0171140
1.25534	0.992003	0.0183877
1.25965	0.962956	0.0209851
1.26396	1.03597	0.0270811
1.26828	1.01095	0.0292543
1.27259	1.00808	0.0319030
1.27691	1.03277	0.0301660
1.28123	0.933131	0.0268854
1.28554	0.948399	0.0251961
1.28986	0.949854	0.0228332
1.29418	0.958292	0.0236178
1.29850	0.987752	0.0216927
1.30282	0.959830	0.0208557
1.30713	0.955720	0.0211869
1.31145	0.948392	0.0206635
1.31577	0.899295	0.0198837
1.32008	0.862275	0.0183796
1.32440	0.774935	0.0176098
1.32871	0.650408	0.0162681
1.33302	0.522059	0.0148795
1.33734	0.344187	0.0140681
1.34165	0.294761	0.0137673
1.34595	0.235786	0.0148446
1.35026	0.247205	0.0161282
1.35456	0.232974	0.0186959
1.35887	0.214268	0.0227984
1.36317	0.197349	0.0257070
1.36747	0.255743	0.0279712
1.37176	0.206573	0.0266978
1.37605	0.263586	0.0264300
1.38034	0.237534	0.0263181
1.38463	0.338876	0.0262847
1.38892	0.225568	0.0260375
1.39320	0.277507	0.0242245
1.39748	0.144394	0.0259894
1.40175	0.251152	0.0267851
1.40603	0.240298	0.0273927
1.41029	0.243995	0.0267216
1.41456	0.247602	0.0263707
1.41882	0.216537	0.0243397
1.42308	0.204350	0.0219891
1.42733	0.249759	0.0195181
1.43158	0.242800	0.0201143
1.43583	0.243097	0.0201578
1.44007	0.245645	0.0196348
1.44431	0.279667	0.0190786
1.44854	0.335273	0.0207215
1.45277	0.327343	0.0223376
1.45699	0.298719	0.0242273
1.46121	0.340942	0.0226202
1.46543	0.377311	0.0223647
1.46964	0.322753	0.0207119
1.47384	0.324389	0.0204940
1.47804	0.340918	0.0208651
1.48224	0.391482	0.0215807
1.48643	0.380259	0.0223537
1.49061	0.418075	0.0204680
1.49479	0.388833	0.0186835
1.49897	0.432167	0.0201930
1.50314	0.481414	0.0255203
1.50730	0.451467	0.0265242
1.51146	0.459476	0.0258545
1.51562	0.513285	0.0211731
1.51976	0.552377	0.0216202
1.52390	0.571165	0.0230629
1.52804	0.584038	0.0255147
1.53217	0.594720	0.0247849
1.53630	0.659398	0.0240879
1.54042	0.692913	0.0232237
1.54453	0.742163	0.0208280
1.54864	0.720612	0.0208691
1.55274	0.785879	0.0198109
1.55683	0.767523	0.0204751
1.56092	0.810747	0.0221107
1.56500	0.763680	0.0213186
1.56908	0.815533	0.0203196
1.57315	0.856449	0.0183227
1.57722	0.870038	0.0213342
1.58127	0.880667	0.0261100
1.58533	0.920584	0.0268829
1.58937	0.872955	0.0249418
1.59341	1.00058	0.0199088
1.59744	1.01386	0.0194545
1.60147	1.00882	0.0227532
1.60549	0.990852	0.0241331
1.60951	0.961763	0.0262446
1.61351	0.944765	0.0242048
1.61751	0.998038	0.0253599
1.62151	0.967721	0.0231027
1.62550	0.994442	0.0211066
1.62948	0.970793	0.0206489
1.63345	0.992216	0.0194624
1.63742	0.990428	0.0193564
1.64138	1.02371	0.0206799
1.64534	1.01104	0.0211628
1.64929	1.03259	0.0214851
1.65323	0.985334	0.0197342
1.65717	0.994651	0.0173564
1.66110	1.03708	0.0156522
1.66502	0.949378	0.0213787
1.66894	0.934327	0.0257890
1.67285	1.03261	0.0251423
1.67675	0.975868	0.0223106
1.68065	1.00445	0.0167152
1.68454	0.989890	0.0174439
1.68842	1.03440	0.0209718
1.69230	0.977239	0.0219749
1.69617	0.948473	0.0238716
1.70003	0.976833	0.0222631
1.70389	0.942928	0.0216601
1.70774	0.919654	0.0218503
1.71158	0.900637	0.0200084
1.71542	0.842075	0.0191644
1.71925	0.833708	0.0187908
1.72307	0.808317	0.0175728
1.72689	0.753516	0.0178996
1.73070	0.727235	0.0179752
1.73451	0.752643	0.0182387
1.73831	0.790611	0.0191044
1.74210	0.681306	0.0198909
1.74589	0.650110	0.0187021
1.74967	0.616811	0.0171451
1.75344	0.620785	0.0145419
1.75721	0.619457	0.0139580
1.76097	0.585678	0.0193476
1.76472	0.536745	0.0231003
1.76847	0.538595	0.0234577
1.77221	0.500065	0.0212744
1.77595	0.496354	0.0155608
1.77968	0.505259	0.0149400
1.78340	0.452203	0.0182134
1.78712	0.441273	0.0200974
1.79083	0.455776	0.0196265
1.79454	0.413372	0.0212024
1.79823	0.466077	0.0212256
1.80193	0.391568	0.0225869
1.80561	0.383424	0.0236472
1.80929	0.378615	0.0225800
1.81297	0.385595	0.0222078
1.81664	0.407359	0.0222068
1.82030	0.447568	0.0211745
1.82396	0.453844	0.0222799
1.82761	0.432199	0.0235225
1.83126	0.407638	0.0238721
1.83489	0.391448	0.0236670
1.83853	0.406032	0.0251724
1.84216	0.420030	0.0285167
1.84578	0.414764	0.0298413
1.84940	0.439727	0.0314390
1.85301	0.362510	0.0306142
1.85661	0.341568	0.0280238
1.86021	0.302882	0.0238769
1.86380	0.313665	0.0222850
1.86739	0.364147	0.0260140
1.87098	0.384016	0.0394704
1.87455	0.405862	0.0418956
1.87813	0.401185	0.0337766
1.88169	0.382245	0.0241457
1.88525	0.394765	0.0191931
1.88881	0.395142	0.0191289
1.89236	0.444545	0.0187608
1.89590	0.435089	0.0197528
1.89944	0.379096	0.0214677
1.90298	0.392460	0.0245271
1.90651	0.425520	0.0249063
1.91003	0.445903	0.0233059
1.91355	0.449460	0.0211487
1.91706	0.470931	0.0220974
1.92057	0.457132	0.0244888
1.92407	0.457012	0.0249004
1.92757	0.401641	0.0232325
1.93106	0.399999	0.0208230
1.93455	0.381444	0.0180841
1.93804	0.379638	0.0178693
1.94151	0.353743	0.0170443
1.94499	0.385943	0.0158992
1.94845	0.387880	0.0167694
1.95192	0.384282	0.0195996
1.95537	0.350051	0.0219129
1.95883	0.348695	0.0226340
1.96228	0.394090	0.0215604
1.96572	0.397053	0.0210133
1.96916	0.399524	0.0213363
1.97259	0.371307	0.0201092
1.97602	0.385562	0.0182951
1.97944	0.405976	0.0167311
1.98286	0.406011	0.0146581
1.98628	0.399605	0.0127536
1.98969	0.411490	0.0126213
1.99309	0.440807	0.0137430
1.99649	0.473583	0.0212304
1.99989	0.468916	0.0317656
2.00328	0.454525	0.0405187
2.00667	0.458200	0.0391031
2.01005	0.441639	0.0290841
2.01343	0.459022	0.0256172
2.01680	0.513485	0.0235483
2.02017	0.518199	0.0203204
2.02353	0.533175	0.0206316
2.02689	0.511876	0.0196858
2.03024	0.506813	0.0195079
2.03359	0.556409	0.0180188
2.03694	0.525247	0.0184818
2.04028	0.587821	0.0191563
2.04361	0.581920	0.0189597
2.04695	0.593492	0.0188321
2.05027	0.558104	0.0184367
2.05360	0.604290	0.0231170
2.05691	0.603496	0.0223767
2.06023	0.606826	0.0208098
2.06354	0.611510	0.0172736
2.06684	0.636609	0.0159702
2.07014	0.660719	0.0179730
2.07343	0.662055	0.0173300
2.07673	0.669632	0.0162730
2.08001	0.651702	0.0142242
2.08329	0.661709	0.0138556
2.08657	0.661649	0.0147662
2.08984	0.682833	0.0149013
2.09311	0.676219	0.0139045
2.09637	0.678954	0.0131146
2.09963	0.684264	0.0125170
2.10289	0.667525	0.0135139
2.10614	0.693140	0.0147595
2.10938	0.692261	0.0153377
2.11262	0.664156	0.0157168
2.11586	0.705985	0.0157709
2.11909	0.691820	0.0153115
2.12232	0.682945	0.0159198
2.12554	0.700579	0.0151917
2.12876	0.682857	0.0151384
2.13197	0.687786	0.0143327
2.13518	0.702288	0.0136074
2.13839	0.697352	0.0130216
2.14159	0.655593	0.0126044
2.14478	0.703448	0.0130760
2.14797	0.670783	0.0165104
2.15116	0.667682	0.0186876
2.15434	0.660622	0.0191872
2.15751	0.675187	0.0176620
2.16069	0.654117	0.0147635
2.16385	0.678218	0.0136567
2.16701	0.674085	0.0137207
2.17017	0.648446	0.0139696
2.17332	0.671984	0.0140892
2.17647	0.701252	0.0180641
2.17961	0.662153	0.0167039
2.18275	0.637073	0.0171082
2.18589	0.657434	0.0169250
2.18901	0.658583	0.0152763
2.19214	0.654269	0.0165062
2.19526	0.632250	0.0177570
2.19837	0.606966	0.0181388
2.20148	0.561916	0.0180073
2.20458	0.577422	0.0165342
2.20768	0.561633	0.0192107
2.21078	0.601289	0.0175721
2.21386	0.608038	0.0173752
2.21695	0.571789	0.0177329
2.22003	0.599771	0.0158617
2.22310	0.618374	0.0155696
2.22617	0.610247	0.0160664
2.22923	0.595176	0.0173780
2.23229	0.565940	0.0177267
2.23535	0.582812	0.0174743
2.23840	0.538003	0.0165670
2.24144	0.574942	0.0157474
2.24448	0.554932	0.0161628
2.24751	0.511136	0.0198120
2.25054	0.535068	0.0170078
2.25356	0.501870	0.0169682
2.25658	0.529561	0.0171713
2.25959	0.534158	0.0167791
2.26260	0.548743	0.0168747
2.26560	0.556422	0.0170539
2.26860	0.535712	0.0174127
2.27159	0.555628	0.0192027
2.27458	0.485369	0.0179075
2.27756	0.518322	0.0177656
2.28054	0.499323	0.0175837
2.28351	0.518718	0.0174390
2.28647	0.537279	0.0176670
2.28944	0.510706	0.0177435
2.29239	0.449200	0.0180505
2.29534	0.461211	0.0185133
2.29829	0.403628	0.0189979
2.30123	0.394301	0.0191774
2.30416	0.409415	0.0190326
2.30709	0.429516	0.0184912
2.31002	0.421681	0.0181673
2.31294	0.398184	0.0183321
2.31585	0.437454	0.0204351
2.31876	0.422502	0.0204752
2.32166	0.375052	0.0204370
2.32456	0.403628	0.0197054
2.32746	0.431684	0.0193641
2.33035	0.383045	0.0194325
2.33323	0.420175	0.0195698
2.33611	0.405936	0.0200420
2.33898	0.377222	0.0207651
2.34185	0.456125	0.0213311
2.34472	0.394815	0.0218480
2.34758	0.368655	0.0225305
2.35043	0.420104	0.0231398
2.35328	0.412070	0.0234391
2.35613	0.397389	0.0231935
2.35897	0.394539	0.0225237
2.36181	0.400500	0.0219132
2.36464	0.427497	0.0220096
2.36747	0.367867	0.0240632
2.37029	0.414049	0.0260091
2.37311	0.413298	0.0267307
2.37592	0.375582	0.0265008
2.37874	0.382746	0.0267676
2.38154	0.397112	0.0291207
2.38434	0.419114	0.0267071
2.38714	0.388962	0.0251290
2.38994	0.373311	0.0247974
2.39273	0.428226	0.0246058
2.39552	0.418791	0.0246592
2.39830	0.424398	0.0242237
2.40108	0.420444	0.0244955
2.40386	0.434607	0.0247651
2.40663	0.421736	0.0251871
2.40941	0.395681	0.0253898
2.41217	0.411456	0.0260519
2.41494	0.400375	0.0276267
2.41770	0.459214	0.0288302
2.42046	0.435104	0.0281435
2.42322	0.371728	0.0271043
2.42598	0.370960	0.0258264
2.42873	0.420130	0.0260049
2.43148	0.369517	0.0283715
2.43423	0.340575	0.0324963
2.43698	0.460507	0.0309802
2.43973	0.404877	0.0294370
2.44248	0.383769	0.0288150
2.44522	0.407198	0.0316078
2.44797	0.320995	0.0345056
2.45071	0.292207	0.0373200
2.45345	0.317199	0.0334528
2.45620	0.411098	0.0345507
2.45894	0.342258	0.0336208
2.46169	0.309307	0.0335416
2.46443	0.310900	0.0318404
2.46718	0.318548	0.0335210
2.46992	0.305946	0.0368092
2.47267	0.300094	0.0378149
2.47542	0.293742	0.0376087
2.47817	0.263868	0.0367129
2.48093	0.259980	0.0401583
2.48368	0.371151	0.0450830
2.48644	0.231937	0.0476876
2.48920	0.354688	0.0482151
2.49197	0.317185	0.0498356
2.49474	0.283912	0.0482061
2.49751	0.264649	0.0454506
2.50029	0.266667	0.0445625
2.50307	0.309892	0.0482624
2.50586	0.362169	0.0528821
2.50865	0.334461	0.0562906
2.51145	0.303479	0.0606154
2.51426	0.335923	0.0716341
2.51707	0.274440	0.0789031
2.51989	0.168909	0.0758142
2.52271	0.278358	0.0733674
2.52555	0.283338	0.0775703
2.52839	0.177979	0.0950995
2.53124	0.305880	0.118609
2.53410	0.126153	0.137386
2.53697	0.370694	0.140598
2.53986	0.622312	0.126686
2.54275	0.354968	0.139907
2.54565	0.104845	0.174370
2.54857	0.454208	0.220475
2.55150	0.544972	0.232937
2.55444	0.0725702	0.214745
