#  ----------------------------------------------------------------------------------
# SpeX prism spectrum of 2MASS J1754544+164920 (J17545447+1649196)
# Originally observed on 2006 Jun 01
# Average resolution = 120
# Originally published in Burgasser et al. (2008) ApJ, 681, 579
#
# PLEASE CITE THE ORIGINAL DATA REFERENCE WHEN PUBLISHING OR PRESENTING THESE DATA
#
# Near infrared spectral type: T5
# J magnitude = 15.762
# H magnitude = 15.531
# Ks magnitude = 14.788
#
#  Wavelength (micron)   F_lambda (normalized)  Noise (normalized as F_lambda)
#  ----------------------------------------------------------------------------------
0.652422	-0.241798	0.135238
0.654630	-0.0349543	0.100730
0.656828	-0.0760717	0.0995780
0.659017	-0.131710	0.0863469
0.661197	-0.140740	0.0817408
0.663370	-0.0271607	0.0794530
0.665537	-0.0306129	0.0841614
0.667698	-0.182459	0.0771748
0.669855	-0.299561	0.0777579
0.672008	0.132794	0.0729158
0.674159	-0.118751	0.0742809
0.676307	-0.0301426	0.0680848
0.678454	-0.0749516	0.0683381
0.680601	-0.212223	0.0643667
0.682748	-0.111328	0.0646922
0.684896	0.0717881	0.0622654
0.687046	-0.0541190	0.0627514
0.689199	0.131795	0.0574649
0.691355	-0.0698190	0.0589950
0.693515	0.0211497	0.0537090
0.695679	-0.115234	0.0538933
0.697849	0.0188046	0.0480437
0.700024	-0.0678959	0.0477235
0.702206	-0.0237483	0.0436489
0.704395	-0.162681	0.0443788
0.706591	-0.100212	0.0415500
0.708796	-0.0232152	0.0392723
0.711009	0.0259932	0.0361652
0.713232	-0.0416097	0.0378904
0.715464	0.0806026	0.0340375
0.717706	0.105646	0.0350823
0.719960	-0.0104239	0.0335246
0.722224	-0.0361581	0.0346858
0.724500	-0.0275460	0.0319652
0.726788	0.0549668	0.0327914
0.729088	0.00134344	0.0299255
0.731402	-0.0295825	0.0299244
0.733728	0.0195263	0.0282904
0.736068	-0.0193274	0.0276318
0.738423	0.0161380	0.0259835
0.740791	0.0175898	0.0258878
0.743174	-0.0416722	0.0240526
0.745573	-0.0432522	0.0246186
0.747986	-0.00190545	0.0222882
0.750415	-0.0541647	0.0227896
0.752860	-0.0231588	0.0197117
0.755322	-0.0171820	0.0208428
0.757799	-0.0308921	0.0226818
0.760294	-0.0408223	0.0254323
0.762805	0.0311956	0.0255956
0.765334	0.00709958	0.0269782
0.767880	0.00667841	0.0221373
0.770443	-0.0585096	0.0194895
0.773024	-0.0545646	0.0176967
0.775624	-0.0594434	0.0177916
0.778241	-0.00151529	0.0167287
0.780877	-0.0639213	0.0173208
0.783531	-0.0299350	0.0160788
0.786204	-0.0384327	0.0163214
0.788895	-0.0338300	0.0155835
0.791605	-0.00228632	0.0156222
0.794335	0.00942188	0.0160691
0.797083	-0.0272974	0.0162868
0.799851	-0.0151425	0.0150181
0.802638	-0.0470617	0.0158569
0.805444	-0.0138933	0.0149949
0.808270	-0.0100346	0.0149479
0.811115	-0.000607837	0.0139362
0.813980	-0.0208381	0.0140921
0.816864	-0.00631989	0.0123958
0.819768	-0.0307791	0.0134737
0.822691	-0.0214599	0.0130708
0.825635	-0.00909519	0.0132917
0.828598	-0.00697563	0.0129269
0.831580	0.0289005	0.0127669
0.834583	-0.0268814	0.0131859
0.837605	0.0294713	0.0127795
0.840647	0.00237868	0.0132665
0.843708	0.00689420	0.0127559
0.846790	0.00822138	0.0119585
0.849890	-0.00174678	0.0114306
0.853011	0.0460259	0.0104928
0.856151	0.0403710	0.0100338
0.859310	0.0481411	0.0102456
0.862489	0.0148754	0.0103470
0.865687	0.0436432	0.0102185
0.868905	0.0240939	0.0102717
0.872141	0.0318988	0.0100063
0.875397	0.0152692	0.00993757
0.878672	0.0536319	0.0102738
0.881966	0.0364251	0.0104581
0.885279	0.0348924	0.0102196
0.888611	0.0660020	0.0103744
0.891961	0.0736075	0.00993701
0.895330	0.0641206	0.0102626
0.898718	0.0744844	0.00945214
0.902123	0.0742064	0.00931255
0.905547	0.0766694	0.00927554
0.908989	0.0825638	0.00917555
0.912449	0.106521	0.00845176
0.915927	0.115648	0.00848661
0.919423	0.101526	0.00823474
0.922936	0.111990	0.00804810
0.926467	0.0923975	0.00823948
0.930015	0.115696	0.00907779
0.933580	0.100902	0.00999414
0.937162	0.128335	0.0105558
0.940761	0.133955	0.0103134
0.944376	0.131259	0.0102780
0.948008	0.124337	0.00978779
0.951656	0.122008	0.00951559
0.955321	0.146534	0.00856330
0.959001	0.133536	0.00856746
0.962698	0.149007	0.00793330
0.966410	0.191294	0.00786032
0.970137	0.195287	0.00747868
0.973880	0.223182	0.00728481
0.977637	0.228058	0.00709667
0.981410	0.246967	0.00724662
0.985198	0.267297	0.00702578
0.988999	0.289288	0.00730014
0.992816	0.278924	0.00774360
0.996646	0.296795	0.00783285
1.00049	0.327512	0.00835928
1.00435	0.321729	0.00808420
1.00822	0.367172	0.00790904
1.01211	0.397039	0.00752333
1.01600	0.408849	0.00771538
1.01992	0.424376	0.00813395
1.02384	0.457049	0.00778240
1.02778	0.478764	0.00767316
1.03173	0.521081	0.00739631
1.03569	0.536360	0.00752949
1.03966	0.568937	0.00721144
1.04364	0.609270	0.00729006
1.04764	0.651185	0.00693324
1.05165	0.658384	0.00652017
1.05567	0.686471	0.00605577
1.05970	0.699534	0.00565514
1.06374	0.722713	0.00563621
1.06779	0.735829	0.00626642
1.07185	0.747951	0.00661379
1.07592	0.757539	0.00685206
1.08000	0.788845	0.00718111
1.08409	0.774641	0.00707719
1.08819	0.710238	0.00707503
1.09230	0.626189	0.00678218
1.09642	0.527977	0.00651665
1.10055	0.435894	0.00650835
1.10469	0.359205	0.00608867
1.10883	0.308018	0.00543741
1.11298	0.265332	0.00501541
1.11714	0.224910	0.00480978
1.12131	0.235167	0.00477857
1.12549	0.238425	0.00547447
1.12967	0.233545	0.00629926
1.13386	0.226589	0.00638085
1.13806	0.207679	0.00673557
1.14226	0.193502	0.00672144
1.14647	0.205196	0.00645376
1.15069	0.207778	0.00672707
1.15491	0.194715	0.00636132
1.15914	0.213272	0.00619672
1.16338	0.192129	0.00582755
1.16762	0.177859	0.00519676
1.17186	0.195701	0.00464297
1.17611	0.201787	0.00418600
1.18037	0.244027	0.00389366
1.18463	0.275945	0.00372295
1.18890	0.326778	0.00368030
1.19316	0.370777	0.00432770
1.19744	0.406817	0.00512406
1.20172	0.450562	0.00538975
1.20600	0.504768	0.00583998
1.21028	0.576302	0.00597580
1.21457	0.614240	0.00574467
1.21886	0.643382	0.00604353
1.22315	0.713767	0.00590053
1.22745	0.758537	0.00601055
1.23175	0.795225	0.00599764
1.23605	0.816446	0.00564649
1.24036	0.838817	0.00519598
1.24466	0.866397	0.00492153
1.24897	0.868836	0.00472035
1.25328	0.934171	0.00471076
1.25759	0.990568	0.00522674
1.26191	1.05124	0.00610457
1.26622	1.07193	0.00729089
1.27054	1.07489	0.00804396
1.27485	1.06190	0.00855901
1.27917	1.02128	0.00775920
1.28349	0.995364	0.00714288
1.28780	0.957015	0.00668084
1.29212	0.937755	0.00611425
1.29644	0.903883	0.00609670
1.30076	0.852083	0.00591649
1.30508	0.818847	0.00587193
1.30939	0.764730	0.00594752
1.31371	0.728568	0.00556476
1.31803	0.656885	0.00529067
1.32234	0.587177	0.00480960
1.32666	0.460472	0.00432365
1.33097	0.307317	0.00386010
1.33528	0.172854	0.00335329
1.33959	0.0862776	0.00310421
1.34390	0.0531044	0.00300010
1.34821	0.0358867	0.00325179
1.35251	0.0310673	0.00367327
1.35682	0.0205487	0.00492898
1.36112	0.0228496	0.00729146
1.36542	0.0545719	0.0101343
1.36971	0.0240482	0.0106404
1.37401	0.00240121	0.00883056
1.37830	0.0431323	0.00826438
1.38259	0.0244358	0.00848671
1.38688	0.0311148	0.00890206
1.39116	0.0212938	0.00859835
1.39544	0.0176359	0.00831061
1.39972	0.0296710	0.00932928
1.40399	0.0243937	0.00971955
1.40826	0.0524692	0.0103728
1.41253	0.0371972	0.00896907
1.41679	0.0335303	0.00812613
1.42105	0.0338040	0.00672434
1.42531	0.0383149	0.00575657
1.42956	0.0363303	0.00497645
1.43380	0.0320271	0.00515856
1.43805	0.0407063	0.00497446
1.44229	0.0507692	0.00461656
1.44652	0.0561869	0.00471051
1.45075	0.0633600	0.00535665
1.45498	0.0797596	0.00569313
1.45920	0.0792339	0.00570526
1.46342	0.0706853	0.00528193
1.46763	0.0897946	0.00531334
1.47184	0.109493	0.00511733
1.47604	0.0985865	0.00550790
1.48024	0.106378	0.00570247
1.48443	0.111078	0.00592232
1.48862	0.117995	0.00575897
1.49280	0.129974	0.00493636
1.49698	0.140391	0.00432269
1.50115	0.151386	0.00527136
1.50532	0.145894	0.00609736
1.50948	0.164582	0.00605349
1.51364	0.182942	0.00563903
1.51779	0.194732	0.00446878
1.52193	0.215684	0.00499067
1.52607	0.240659	0.00547699
1.53020	0.242355	0.00649798
1.53433	0.282778	0.00582732
1.53845	0.316385	0.00580981
1.54257	0.333646	0.00549299
1.54668	0.348213	0.00509471
1.55078	0.378087	0.00521975
1.55488	0.389346	0.00511208
1.55897	0.403258	0.00544920
1.56306	0.407401	0.00567809
1.56714	0.446455	0.00537207
1.57121	0.455959	0.00492623
1.57528	0.489515	0.00439639
1.57934	0.503358	0.00569900
1.58340	0.511076	0.00653926
1.58744	0.492914	0.00650631
1.59149	0.509147	0.00589200
1.59552	0.490099	0.00453392
1.59955	0.457971	0.00493671
1.60358	0.409483	0.00593406
1.60759	0.359446	0.00602943
1.61160	0.317754	0.00624485
1.61561	0.279681	0.00574298
1.61961	0.244484	0.00590089
1.62360	0.213640	0.00534454
1.62758	0.197858	0.00507631
1.63156	0.191535	0.00499829
1.63553	0.186978	0.00471083
1.63950	0.186241	0.00491486
1.64346	0.195774	0.00556910
1.64741	0.207247	0.00535345
1.65135	0.225110	0.00524146
1.65529	0.222144	0.00459371
1.65922	0.225895	0.00376721
1.66315	0.211151	0.00379185
1.66707	0.176020	0.00579864
1.67098	0.128874	0.00624559
1.67489	0.128022	0.00622800
1.67879	0.148216	0.00475826
1.68268	0.174119	0.00354017
1.68657	0.190542	0.00443939
1.69045	0.197844	0.00515552
1.69432	0.176028	0.00541095
1.69819	0.166689	0.00588556
1.70205	0.163655	0.00532445
1.70590	0.153364	0.00531345
1.70975	0.148760	0.00527970
1.71359	0.158236	0.00479856
1.71742	0.161043	0.00469461
1.72125	0.175987	0.00458391
1.72507	0.176399	0.00432573
1.72889	0.159177	0.00448758
1.73270	0.155155	0.00455135
1.73650	0.149060	0.00466523
1.74029	0.130597	0.00503196
1.74408	0.128891	0.00501603
1.74787	0.116071	0.00456019
1.75164	0.115477	0.00397864
1.75541	0.119442	0.00317459
1.75918	0.116201	0.00345080
1.76293	0.115671	0.00520379
1.76669	0.107688	0.00587444
1.77043	0.0967002	0.00588278
1.77417	0.0829220	0.00465922
1.77790	0.0886760	0.00328985
1.78163	0.0823104	0.00347351
1.78535	0.0792123	0.00471010
1.78906	0.0718995	0.00488053
1.79277	0.0714170	0.00486201
1.79647	0.0701115	0.00540830
1.80017	0.0706431	0.00557416
1.80386	0.0727369	0.00639324
1.80754	0.0649943	0.00664942
1.81122	0.0735624	0.00638133
1.81489	0.0623593	0.00623593
1.81856	0.0652048	0.00636465
1.82222	0.0741623	0.00592575
1.82587	0.0626996	0.00659355
1.82952	0.0887216	0.00696697
1.83316	0.0701937	0.00741320
1.83680	0.0795237	0.00836763
1.84043	0.0706143	0.0106716
1.84405	0.0914736	0.0127434
1.84767	0.0849129	0.0115110
1.85129	0.0539617	0.0114238
1.85489	0.0656926	0.0118948
1.85850	0.0527335	0.0102737
1.86209	0.0787045	0.00818476
1.86568	0.0319618	0.00711950
1.86927	0.0409122	0.00878828
1.87285	0.0608163	0.0158438
1.87642	0.0770881	0.0179885
1.87999	0.0735461	0.0110095
1.88356	0.0852631	0.00663982
1.88711	0.0787695	0.00550480
1.89067	0.0837899	0.00537801
1.89421	0.0709451	0.00522348
1.89776	0.0956501	0.00586450
1.90129	0.0825388	0.00674693
1.90482	0.0859852	0.00873596
1.90835	0.119832	0.00837834
1.91187	0.110031	0.00764156
1.91539	0.107987	0.00702118
1.91890	0.117263	0.00771016
1.92240	0.0960038	0.00837824
1.92590	0.101164	0.00789463
1.92940	0.0919475	0.00737536
1.93289	0.0762039	0.00627053
1.93638	0.0606891	0.00514596
1.93986	0.0592205	0.00452376
1.94333	0.0499955	0.00379761
1.94680	0.0685248	0.00357533
1.95027	0.0619412	0.00406673
1.95373	0.0726614	0.00512846
1.95718	0.0555180	0.00540002
1.96063	0.0664609	0.00624608
1.96408	0.0702355	0.00606122
1.96752	0.0727786	0.00557111
1.97096	0.0739412	0.00515334
1.97439	0.0739273	0.00502081
1.97781	0.0742371	0.00444691
1.98123	0.0691048	0.00400066
1.98465	0.0764764	0.00319663
1.98806	0.0843817	0.00281596
1.99147	0.0838171	0.00264335
1.99487	0.0840597	0.00307532
1.99827	0.0813866	0.00488932
2.00167	0.0817006	0.00672711
2.00505	0.109554	0.00836686
2.00844	0.121780	0.00714992
2.01182	0.113425	0.00495565
2.01519	0.102197	0.00462101
2.01856	0.111332	0.00445625
2.02193	0.121211	0.00437590
2.02529	0.126179	0.00483072
2.02865	0.132296	0.00457604
2.03200	0.127016	0.00456059
2.03534	0.144151	0.00404221
2.03869	0.138967	0.00451187
2.04203	0.143465	0.00437365
2.04536	0.143899	0.00432659
2.04869	0.157685	0.00386924
2.05201	0.147711	0.00413781
2.05533	0.164351	0.00513394
2.05865	0.165241	0.00497138
2.06196	0.166676	0.00439261
2.06527	0.172711	0.00305942
2.06857	0.173111	0.00333842
2.07186	0.174525	0.00391630
2.07516	0.178145	0.00374694
2.07845	0.177386	0.00343528
2.08173	0.180720	0.00286472
2.08501	0.184635	0.00300505
2.08828	0.182279	0.00335502
2.09155	0.175360	0.00325005
2.09482	0.179377	0.00290037
2.09808	0.180160	0.00260238
2.10134	0.179010	0.00251625
2.10459	0.178258	0.00290746
2.10784	0.177209	0.00334300
2.11108	0.172435	0.00346431
2.11432	0.170217	0.00350986
2.11755	0.170160	0.00340164
2.12078	0.163479	0.00339971
2.12401	0.157780	0.00345699
2.12723	0.157747	0.00324813
2.13044	0.155851	0.00320599
2.13365	0.156120	0.00281530
2.13686	0.150656	0.00265643
2.14006	0.147781	0.00241463
2.14326	0.144252	0.00229000
2.14645	0.145170	0.00272360
2.14964	0.140396	0.00375766
2.15282	0.138477	0.00426582
2.15600	0.125214	0.00430857
2.15917	0.129487	0.00354006
2.16234	0.122901	0.00278841
2.16551	0.114130	0.00251931
2.16867	0.118608	0.00264247
2.17182	0.106101	0.00270322
2.17497	0.110514	0.00275557
2.17812	0.106825	0.00333199
2.18126	0.103936	0.00345906
2.18439	0.0971036	0.00362150
2.18752	0.0894649	0.00335603
2.19065	0.0824090	0.00325589
2.19377	0.0684900	0.00358750
2.19689	0.0593237	0.00364440
2.20000	0.0433823	0.00366246
2.20310	0.0287608	0.00345754
2.20620	0.0219444	0.00307109
2.20930	0.0284155	0.00330243
2.21239	0.0343197	0.00361789
2.21548	0.0414547	0.00341914
2.21856	0.0463553	0.00320478
2.22164	0.0440200	0.00267775
2.22471	0.0403331	0.00269572
2.22777	0.0405679	0.00295174
2.23084	0.0365858	0.00339362
2.23389	0.0445219	0.00335743
2.23694	0.0393929	0.00321233
2.23999	0.0339165	0.00273783
2.24303	0.0324227	0.00255763
2.24607	0.0256056	0.00266182
2.24910	0.0307627	0.00284755
2.25212	0.0213010	0.00301919
2.25514	0.0261921	0.00292139
2.25816	0.0215930	0.00283526
2.26117	0.0275063	0.00265213
2.26417	0.0225956	0.00272238
2.26717	0.0268716	0.00296889
2.27017	0.0252825	0.00295349
2.27316	0.0261646	0.00296617
2.27614	0.0211721	0.00296361
2.27912	0.0232749	0.00289401
2.28209	0.0237893	0.00275006
2.28506	0.0207592	0.00272813
2.28802	0.0240353	0.00275176
2.29098	0.0147911	0.00279750
2.29394	0.0205500	0.00292163
2.29688	0.0165090	0.00303806
2.29983	0.0218047	0.00310749
2.30276	0.0237599	0.00329249
2.30570	0.0226030	0.00301493
2.30862	0.0177900	0.00295350
2.31155	0.0298844	0.00293929
2.31446	0.0229781	0.00294194
2.31737	0.0264492	0.00324330
2.32028	0.0190185	0.00323417
2.32318	0.0125424	0.00333662
2.32608	0.0144402	0.00322605
2.32897	0.0150479	0.00316130
2.33186	0.0175502	0.00314584
2.33474	0.00991929	0.00318390
2.33762	0.0162919	0.00324908
2.34049	0.0192625	0.00337387
2.34335	0.0170082	0.00346104
2.34622	0.0200500	0.00357258
2.34907	0.0179615	0.00370579
2.35193	0.0112855	0.00387494
2.35477	0.0137594	0.00396670
2.35762	0.0146755	0.00396782
2.36046	0.0209379	0.00369604
2.36329	0.0204263	0.00366553
2.36612	0.0234232	0.00370032
2.36895	0.0141740	0.00405041
2.37177	0.00823128	0.00433850
2.37458	0.00992602	0.00453457
2.37740	0.0119732	0.00445512
2.38020	0.00850479	0.00427998
2.38301	0.0145879	0.00445204
2.38581	0.0151517	0.00457210
2.38861	0.0109073	0.00469419
2.39140	0.0272254	0.00459391
2.39419	0.0240362	0.00456477
2.39698	0.0217961	0.00452641
2.39976	0.0300390	0.00465738
2.40254	0.0244694	0.00523065
2.40531	0.0328515	0.00545211
2.40809	0.0261440	0.00519054
2.41086	0.0166805	0.00520144
2.41362	0.0261459	0.00555551
2.41639	0.0350006	0.00614739
2.41915	0.0240600	0.00638133
2.42191	0.0261164	0.00620791
2.42466	0.0257631	0.00548914
2.42742	0.0275273	0.00504006
2.43017	0.0316314	0.00510676
2.43292	0.0424935	0.00599553
2.43567	0.0262446	0.00678460
2.43842	0.0344698	0.00701908
2.44117	0.0298277	0.00610852
2.44391	0.0347125	0.00604378
2.44666	0.0289335	0.00726845
2.44940	0.0350044	0.00852420
2.45215	0.0351280	0.00863229
2.45489	0.0379337	0.00757460
2.45763	0.0371095	0.00685115
2.46038	0.0404363	0.00637587
2.46312	0.0333991	0.00658963
2.46587	0.0358864	0.00731748
2.46861	0.0398197	0.00763263
2.47136	0.0530830	0.00862079
2.47411	0.0188039	0.00927604
2.47686	0.0400856	0.00953587
2.47961	0.0306382	0.00988466
2.48237	0.0253723	0.0124512
2.48512	0.0545499	0.0138608
2.48789	0.0389178	0.0141110
2.49065	0.0531362	0.0142489
2.49342	0.0336216	0.0148452
2.49619	0.0426202	0.0142817
2.49896	0.0344911	0.0128973
2.50174	0.0332544	0.0118668
2.50453	0.0331097	0.0131376
2.50732	0.0184454	0.0159342
2.51011	0.0446207	0.0172076
2.51292	0.0564754	0.0184695
2.51573	0.0661741	0.0239983
2.51854	-0.00309502	0.0278625
2.52136	0.0206002	0.0278578
2.52420	0.0203283	0.0246969
2.52703	0.0600484	0.0261912
2.52988	0.0321894	0.0363252
2.53274	-0.0262438	0.0510910
2.53561	0.0554374	0.0687403
2.53848	0.119691	0.0743081
2.54137	-0.0338448	0.0627609
2.54427	-0.0170945	0.0661449
2.54718	0.0916501	0.0827964
2.55010	-0.163777	0.143089
2.55303	0.197199	0.173493
2.55598	0.101107	0.149637
2.55894	0.346100	0.104313
2.56192	0.0279611	0.0760949
2.56491	0.179179	0.0764218
