#  ----------------------------------------------------------------------------------
# SpeX prism spectrum of SDSS J102109.69-030420.1 (J10210969-0304197)
# Originally observed on 2004 Mar 12
# Average resolution = 120
# Originally published in Burgasser et al. (2006) ApJ, 637, 1067
#
# PLEASE CITE THE ORIGINAL DATA REFERENCE WHEN PUBLISHING OR PRESENTING THESE DATA
#
# Optical spectral type: T4+/-2
# Near infrared spectral type: T3
# J magnitude = 16.253
# H magnitude = 15.346
# Ks magnitude = 15.126
#
#  Wavelength (micron)   F_lambda (normalized)  Noise (normalized as F_lambda)
#  ----------------------------------------------------------------------------------
0.655539	-0.239623	0.0708182
0.657733	0.198949	0.217591
0.659918	0.636444	0.171729
0.662095	0.294341	0.342545
0.664265	-0.278051	0.181495
0.666430	0.265192	0.333220
0.668589	-0.151081	0.306873
0.670744	0.331012	0.283712
0.672896	-0.0166539	0.158772
0.675046	-0.472329	0.336266
0.677194	0.434851	0.249424
0.679340	0.180258	0.224091
0.681487	-0.117026	0.228344
0.683635	-0.209534	0.174350
0.685784	0.378663	0.127535
0.687935	-0.0225365	0.203825
0.690089	-0.318432	0.335312
0.692246	-0.0531302	0.286694
0.694408	0.0461917	0.240373
0.696574	0.106961	0.284733
0.698746	0.151483	0.331457
0.700924	0.0393292	0.0845201
0.703109	-0.0532168	0.126310
0.705301	0.0648035	0.184838
0.707500	-0.148585	0.0434948
0.709709	0.265844	0.175396
0.711926	-0.107595	0.0404506
0.714152	-0.0124757	0.127644
0.716389	0.450706	0.257145
0.718635	0.153410	0.110046
0.720893	-0.0133324	0.114307
0.723162	0.323069	0.307391
0.725443	0.115047	0.150563
0.727736	0.243581	0.160042
0.730042	0.0104819	0.0719324
0.732361	0.223238	0.109174
0.734693	0.276639	0.0845194
0.737039	0.239085	0.0734775
0.739399	0.00975556	0.121991
0.741773	0.146433	0.0650476
0.744163	-0.0421611	0.0602001
0.746567	0.0365809	0.0996242
0.748987	0.0656950	0.0756916
0.751423	-0.0146532	0.0701689
0.753875	0.154071	0.0618742
0.756343	0.0369813	0.0206672
0.758827	-0.0773780	0.0673623
0.761329	0.0927238	0.127722
0.763847	0.0987865	0.0280317
0.766383	-0.0266270	0.0925443
0.768936	0.00179633	0.0398393
0.771507	-0.0193634	0.0544742
0.774095	-0.0198994	0.0555648
0.776702	0.0281175	0.0628994
0.779327	-0.0891477	0.0701369
0.781970	-0.0231254	0.0646705
0.784632	-0.0723919	0.0337339
0.787312	0.00300712	0.0596354
0.790012	0.0910682	0.0598506
0.792730	-0.0811412	0.0435003
0.795467	0.0460212	0.0142711
0.798223	0.0448224	0.0162246
0.800999	-0.00324565	0.0245776
0.803794	0.148597	0.0547711
0.806608	0.0407636	0.0342311
0.809442	0.0244899	0.0716041
0.812295	0.165314	0.0119520
0.815168	0.121402	0.0343337
0.818060	0.00746832	0.0461350
0.820972	0.0197475	0.0181632
0.823904	0.0148391	0.0331658
0.826856	-0.0641340	0.0341160
0.829827	-0.0116013	0.00483157
0.832818	0.0179224	0.0351676
0.835828	0.00606455	0.0476719
0.838858	0.0396338	0.0400510
0.841908	0.0393822	0.0218628
0.844978	0.0594617	0.0160190
0.848067	0.0340519	0.0195487
0.851176	0.0491032	0.0124273
0.854305	0.0369296	0.0301798
0.857453	0.100067	0.00897089
0.860620	0.0516737	0.00874715
0.863807	0.0970326	0.0231905
0.867013	0.0840449	0.0380383
0.870239	0.0699641	0.0227814
0.873483	0.135954	0.0371622
0.876747	0.0810579	0.0329946
0.880030	0.138045	0.0235152
0.883332	0.0525112	0.0272310
0.886652	0.153985	0.0765013
0.889992	0.133716	0.0177547
0.893350	0.130723	0.0526364
0.896726	0.169341	0.0308372
0.900121	0.173107	0.0360622
0.903535	0.164426	0.0467850
0.906966	0.181278	0.0177670
0.910416	0.176536	0.0163717
0.913883	0.193269	0.0196165
0.917368	0.180388	0.0358190
0.920871	0.219888	0.0151611
0.924392	0.209796	0.00566168
0.927930	0.203730	0.0376402
0.931485	0.160561	0.0111184
0.935057	0.136496	0.0302723
0.938646	0.149033	0.0120085
0.942251	0.248399	0.0138082
0.945874	0.165396	0.0264929
0.949512	0.264786	0.0229699
0.953167	0.280544	0.0188089
0.956838	0.222867	0.0315143
0.960525	0.261522	0.0226034
0.964228	0.308062	0.00659431
0.967947	0.341988	0.00536610
0.971680	0.361308	0.00786779
0.975429	0.371356	0.00913215
0.979193	0.361336	0.0151953
0.982972	0.417683	0.00834038
0.986765	0.400043	0.0135556
0.990573	0.364323	0.0179125
0.994395	0.392033	0.0130449
0.998232	0.413546	0.0264848
1.00208	0.410943	0.0203968
1.00595	0.440609	0.0113702
1.00982	0.427874	0.0132745
1.01371	0.495946	0.0234392
1.01762	0.491760	0.00834523
1.02153	0.454300	0.0338509
1.02546	0.544354	0.0198368
1.02941	0.531039	0.0254765
1.03336	0.547213	0.0151271
1.03733	0.575918	0.0220658
1.04130	0.631706	0.0168779
1.04529	0.639332	0.00990050
1.04929	0.649638	0.0330813
1.05331	0.660833	0.00940053
1.05733	0.690315	0.0236118
1.06136	0.685010	0.00895218
1.06541	0.686048	0.0256895
1.06946	0.738291	0.00566718
1.07353	0.716150	0.0100700
1.07761	0.720608	0.0155121
1.08169	0.735533	0.0158314
1.08579	0.752164	0.0229851
1.08989	0.763620	0.0128665
1.09400	0.659875	0.0120365
1.09813	0.549025	0.0178835
1.10226	0.525360	0.00657862
1.10640	0.456597	0.00609300
1.11054	0.441124	0.0260602
1.11470	0.436608	0.00712825
1.11886	0.368818	0.00491907
1.12304	0.401175	0.0137398
1.12721	0.406447	0.00711971
1.13140	0.426532	0.0176441
1.13559	0.375771	0.00466966
1.13979	0.411282	0.0144130
1.14400	0.374016	0.00467673
1.14821	0.404343	0.0122588
1.15243	0.413980	0.0130423
1.15666	0.364661	0.00738680
1.16089	0.385671	0.0164118
1.16513	0.366703	0.0179726
1.16937	0.399578	0.0122385
1.17362	0.375891	0.0240247
1.17787	0.416095	0.00916724
1.18213	0.484038	0.0159366
1.18639	0.544136	0.00378477
1.19066	0.548442	0.0131227
1.19493	0.573094	0.00916738
1.19920	0.651078	0.0209843
1.20348	0.627305	0.0117949
1.20776	0.676171	0.0116820
1.21205	0.739458	0.00848744
1.21634	0.755673	0.00423635
1.22063	0.832072	0.00317161
1.22493	0.830870	0.0125290
1.22923	0.891046	0.00753571
1.23353	0.884922	0.0128195
1.23783	0.864495	0.0258433
1.24213	0.872066	0.0129792
1.24644	0.882437	0.0109350
1.25075	0.898516	0.00884424
1.25506	0.951510	0.0121475
1.25937	1.01022	0.0198280
1.26369	1.05109	0.0190828
1.26800	1.04046	0.0258592
1.27232	1.06170	0.0126667
1.27663	1.04605	0.0132934
1.28095	0.986595	0.0188620
1.28527	0.996481	0.0223398
1.28959	0.950840	0.00757059
1.29390	0.980082	0.0286787
1.29822	0.924972	0.0173405
1.30254	0.946655	0.0117851
1.30686	0.898031	0.0289296
1.31118	0.894201	0.0142422
1.31549	0.830215	0.0107487
1.31981	0.776538	0.00476733
1.32412	0.696781	0.00984540
1.32844	0.552694	0.00991962
1.33275	0.383321	0.0114187
1.33706	0.227620	0.0163967
1.34137	0.177830	0.00825579
1.34568	0.171305	0.0120485
1.34999	0.125698	0.0139154
1.35429	0.106934	0.0316134
1.35859	0.212934	0.0298912
1.36289	0.0264921	0.0622667
1.36719	0.241414	0.205067
1.37149	0.274117	0.0599572
1.37578	0.146209	0.0277106
1.38007	0.200690	0.0461785
1.38436	0.178230	0.0489582
1.38864	0.117461	0.0384306
1.39293	0.236441	0.0422561
1.39720	0.164798	0.0260870
1.40148	0.193306	0.0610321
1.40575	0.123413	0.0206107
1.41002	0.229760	0.0304320
1.41429	0.130506	0.0430228
1.41855	0.112582	0.0234810
1.42281	0.147438	0.0190952
1.42706	0.101202	0.0286624
1.43131	0.111688	0.0333588
1.43556	0.151964	0.00105764
1.43980	0.139823	0.0127550
1.44404	0.147001	0.0289142
1.44827	0.175519	0.0179030
1.45250	0.173486	0.0367865
1.45672	0.168625	0.0253942
1.46094	0.213178	0.0148231
1.46516	0.208344	0.0127200
1.46937	0.215763	0.0104531
1.47357	0.234977	0.0106785
1.47778	0.260674	0.0112968
1.48197	0.233713	0.00366021
1.48616	0.229632	0.00671105
1.49035	0.240652	0.0215370
1.49453	0.279916	0.0151118
1.49870	0.263354	0.0161433
1.50287	0.280292	0.0177843
1.50704	0.321538	0.0174270
1.51120	0.310040	0.00593003
1.51535	0.349382	0.0265662
1.51950	0.364987	0.0124161
1.52364	0.383898	0.0139235
1.52778	0.380169	0.0294326
1.53191	0.440470	0.0197540
1.53603	0.449648	0.00272777
1.54015	0.493541	0.00440338
1.54427	0.498091	0.0234191
1.54837	0.498082	0.0137704
1.55248	0.547637	0.0124048
1.55657	0.559953	0.00854745
1.56066	0.568371	0.00966291
1.56474	0.596836	0.0153410
1.56882	0.609700	0.00964605
1.57289	0.608286	0.0164379
1.57696	0.640313	0.0139805
1.58102	0.663479	0.00463637
1.58507	0.675906	0.00693012
1.58911	0.643502	0.0142072
1.59315	0.684717	0.00923722
1.59719	0.645470	0.00948854
1.60122	0.626177	0.0185889
1.60524	0.615780	0.0107747
1.60925	0.561120	0.0172702
1.61326	0.549410	0.0183881
1.61726	0.529468	0.0110751
1.62125	0.488421	0.0109781
1.62524	0.445960	0.0153481
1.62923	0.457873	0.0124264
1.63320	0.473259	0.0113893
1.63717	0.468422	0.00897389
1.64113	0.452600	0.0163518
1.64509	0.460289	0.0275071
1.64904	0.486856	0.0149944
1.65298	0.497481	0.00829689
1.65692	0.485077	0.00392535
1.66085	0.469246	0.0132417
1.66477	0.426921	0.00662782
1.66869	0.395021	0.0103273
1.67260	0.389749	0.0119472
1.67650	0.368101	0.0231306
1.68040	0.429332	0.00862010
1.68429	0.428034	0.00409671
1.68817	0.463766	0.00822780
1.69205	0.446915	0.0164235
1.69592	0.380893	0.0178594
1.69978	0.401268	0.00738284
1.70364	0.390105	0.0141393
1.70749	0.438881	0.00802912
1.71134	0.383467	0.0147937
1.71517	0.361754	0.00768611
1.71901	0.391486	0.00682544
1.72283	0.383412	0.0156780
1.72665	0.368533	0.00522790
1.73046	0.367544	0.00872688
1.73427	0.344071	0.0243917
1.73807	0.311344	0.0100090
1.74186	0.323599	0.00976238
1.74565	0.269679	0.0143118
1.74943	0.265935	0.00602580
1.75320	0.264070	0.00174626
1.75697	0.252565	0.00652047
1.76073	0.262397	0.00178484
1.76448	0.236213	0.0388171
1.76823	0.231891	0.0157666
1.77198	0.223010	0.0148607
1.77571	0.205856	0.0144627
1.77944	0.183275	0.00866372
1.78316	0.195924	0.00572591
1.78688	0.230654	0.00709261
1.79059	0.162562	0.0126195
1.79430	0.155671	0.0129740
1.79800	0.122686	0.0259850
1.80169	0.122913	0.0259357
1.80538	0.113872	0.00494968
1.80906	0.164426	0.0243411
1.81274	0.181710	0.0452681
1.81640	0.200123	0.0138853
1.82007	0.231975	0.0240242
1.82373	0.220734	0.0363385
1.82738	0.155852	0.0378986
1.83102	0.216869	0.0179062
1.83466	0.191945	0.0580358
1.83830	0.167940	0.0287308
1.84193	0.131219	0.115282
1.84555	0.204065	0.106120
1.84916	0.275849	0.0568341
1.85278	0.134214	0.0424881
1.85638	0.101627	0.0621169
1.85998	0.189152	0.0381669
1.86358	0.0930324	0.0245436
1.86716	0.229332	0.0397360
1.87075	0.301955	0.0419142
1.87433	0.282811	0.123945
1.87790	0.208068	0.0554214
1.88146	0.192431	0.0133373
1.88503	0.203976	0.0200638
1.88858	0.132002	0.0199268
1.89213	0.209816	0.0190623
1.89568	0.179941	0.0191712
1.89922	0.216036	0.0454695
1.90275	0.153388	0.0221472
1.90628	0.361263	0.0309846
1.90981	0.164249	0.0496976
1.91332	0.251825	0.0120293
1.91684	0.211971	0.0410116
1.92035	0.189235	0.0346069
1.92385	0.192078	0.0397052
1.92735	0.200787	0.0122027
1.93084	0.152863	0.0462046
1.93433	0.134670	0.0183947
1.93781	0.158993	0.0140482
1.94129	0.153668	0.00933526
1.94476	0.149756	0.00332659
1.94823	0.134331	0.00793217
1.95170	0.139644	0.0245835
1.95515	0.117013	0.0329101
1.95861	0.123044	0.0246473
1.96206	0.151011	0.0192031
1.96550	0.142099	0.0209319
1.96894	0.123888	0.0215838
1.97237	0.147511	0.0159425
1.97580	0.155075	0.00737513
1.97923	0.151944	0.00682622
1.98265	0.152639	0.00987852
1.98606	0.167189	0.00558980
1.98947	0.161478	0.0149470
1.99288	0.154709	0.00206925
1.99628	0.174819	0.0403710
1.99967	0.239204	0.0447465
2.00306	0.257147	0.0279022
2.00645	0.224245	0.0361519
2.00983	0.175934	0.0109557
2.01321	0.218714	0.0150582
2.01658	0.227958	0.0197142
2.01995	0.218198	0.0222875
2.02332	0.217465	0.0238040
2.02667	0.186711	0.0202414
2.03003	0.206312	0.0198964
2.03338	0.223469	0.00522262
2.03672	0.245276	0.00838681
2.04007	0.241235	0.00357301
2.04340	0.245488	0.00409460
2.04673	0.250693	0.0205714
2.05006	0.250841	0.00956466
2.05338	0.278001	0.00680096
2.05670	0.265903	0.0168525
2.06002	0.289306	0.0141664
2.06332	0.268175	0.00823367
2.06663	0.285335	0.00498674
2.06993	0.311775	0.0114226
2.07322	0.285326	0.00348992
2.07652	0.290446	0.0139814
2.07980	0.286968	0.0125185
2.08308	0.298744	0.0118983
2.08636	0.303399	0.00494602
2.08963	0.284319	0.00578402
2.09290	0.293179	0.00894720
2.09617	0.294023	0.00666827
2.09943	0.286058	0.00624186
2.10268	0.291381	0.00283982
2.10593	0.294817	0.00879761
2.10918	0.266919	0.00917489
2.11242	0.299534	0.00490917
2.11565	0.269940	0.0100547
2.11889	0.281717	0.0134283
2.12211	0.266245	0.00625261
2.12534	0.272288	0.0100840
2.12856	0.275998	0.00338223
2.13177	0.283481	0.0113706
2.13498	0.261919	0.0113053
2.13818	0.270597	0.00823667
2.14138	0.249641	0.00548941
2.14458	0.264119	0.00559100
2.14777	0.265203	0.00683747
2.15095	0.265688	0.00266562
2.15413	0.263990	0.00753741
2.15731	0.246087	0.0111521
2.16048	0.238120	0.00816621
2.16365	0.229871	0.00311611
2.16681	0.243282	0.00834673
2.16997	0.222718	0.00303890
2.17312	0.237592	0.0116172
2.17627	0.202883	0.0159792
2.17941	0.228514	0.0130222
2.18255	0.214997	0.0135204
2.18569	0.205640	0.00886984
2.18881	0.208202	0.00349810
2.19194	0.204265	0.0108376
2.19506	0.195246	0.00729818
2.19817	0.175893	0.00402998
2.20128	0.163711	0.0158855
2.20438	0.139857	0.0139348
2.20748	0.168064	0.00312951
2.21058	0.165457	0.0148452
2.21367	0.166842	0.00541082
2.21675	0.179826	0.0180947
2.21983	0.156194	0.00391978
2.22291	0.169846	0.00852922
2.22597	0.161277	0.0136136
2.22904	0.181399	0.00769212
2.23210	0.149625	0.0145058
2.23515	0.133673	0.0111482
2.23820	0.138426	0.00171840
2.24124	0.138163	0.00599919
2.24428	0.138094	0.00633472
2.24732	0.125856	0.00816690
2.25035	0.132203	0.00445544
2.25337	0.139547	0.0125929
2.25639	0.132685	0.00817864
2.25940	0.128277	0.00503144
2.26241	0.119965	0.00915755
2.26541	0.134907	0.00882444
2.26841	0.130148	0.0167944
2.27140	0.122688	0.0154664
2.27439	0.131961	0.00934038
2.27737	0.121073	0.00816512
2.28035	0.120795	0.00120084
2.28332	0.115989	0.00834093
2.28629	0.115216	0.0132438
2.28925	0.113468	0.00398392
2.29220	0.113934	0.00577005
2.29515	0.0914812	0.00444043
2.29810	0.0960645	0.0113249
2.30104	0.102950	0.00589644
2.30397	0.0783051	0.00869772
2.30691	0.0951387	0.00701560
2.30983	0.0908811	0.0134999
2.31275	0.100886	0.0120271
2.31566	0.0920705	0.0177395
2.31857	0.0950786	0.0164975
2.32148	0.0786554	0.00525632
2.32438	0.0987558	0.0127557
2.32727	0.0770407	0.00852881
2.33016	0.0889865	0.0131320
2.33305	0.0964502	0.0112872
2.33593	0.0773800	0.00708844
2.33880	0.0554082	0.00908279
2.34167	0.0834297	0.0103129
2.34454	0.108040	0.00777985
2.34740	0.0823278	0.00601059
2.35025	0.100913	0.0138183
2.35310	0.0784376	0.0158812
2.35595	0.0882137	0.0108673
2.35879	0.0821646	0.00524116
2.36163	0.0877098	0.00484375
2.36446	0.0794330	0.0134988
2.36729	0.0905937	0.00929491
2.37011	0.101460	0.0174655
2.37293	0.0717747	0.0158493
2.37575	0.0792309	0.00970230
2.37856	0.0933642	0.0141777
2.38136	0.0860569	0.00697006
2.38417	0.0974846	0.0212053
2.38697	0.0946539	0.0213200
2.38976	0.0974627	0.0182420
2.39255	0.101612	0.0104971
2.39534	0.0870544	0.0137963
2.39812	0.106371	0.0174287
2.40091	0.110148	0.0247659
2.40368	0.0895628	0.0138279
2.40646	0.105140	0.0204293
2.40923	0.112119	0.0157713
2.41200	0.0998140	0.0206861
2.41476	0.0854479	0.0257857
2.41753	0.0922773	0.0143010
2.42029	0.0556640	0.00401296
2.42305	0.110429	0.0142402
2.42580	0.127160	0.00462073
2.42856	0.102679	0.00288938
2.43131	0.100801	0.00787871
2.43406	0.126426	0.0168626
2.43681	0.112178	0.0326266
2.43956	0.126187	0.0185244
2.44230	0.0756452	0.0406051
2.44505	0.0726125	0.0213167
2.44779	0.0654858	0.0255759
2.45054	0.0472736	0.0581466
2.45328	0.0518832	0.0104795
2.45602	0.0744866	0.0251920
2.45877	0.0930795	0.0347428
2.46151	0.0879256	0.0162710
2.46426	0.0748027	0.0153836
2.46700	0.137278	0.0114888
2.46975	0.127603	0.0324360
2.47250	0.0698678	0.0110953
2.47524	0.0917468	0.0270434
2.47800	0.120045	0.0692322
2.48075	0.177079	0.0390897
2.48351	0.171836	0.0555264
2.48626	0.113534	0.0526313
2.48903	0.175248	0.0935943
2.49179	0.100947	0.0340363
2.49456	-0.0683269	0.0901390
2.49733	0.0275067	0.0713849
2.50011	0.145813	0.0795334
2.50289	0.180806	0.0219098
2.50568	0.0905138	0.0307749
2.50847	-0.0448800	0.0712313
2.51127	0.0756404	0.107132
2.51408	0.171017	0.111959
2.51689	0.432426	0.180593
2.51971	0.238324	0.0524430
2.52253	0.287951	0.0533858
2.52537	0.0923947	0.0690895
2.52821	0.224346	0.251127
2.53106	0.0884376	0.394630
2.53392	-0.976552	0.800256
2.53679	0.610905	0.462037
2.53967	-0.107453	0.130045
2.54256	-0.0507822	0.280443
2.54547	0.461865	0.784362
2.54838	0.113425	1.85121
2.55131	-0.768755	1.23284
2.55425	1.74809	2.33474
2.55720	0.154281	0.838865
2.56017	1.38896	0.688813
2.56315	0.731088	0.293927
2.56615	-1.09333	2.82632
