#  ----------------------------------------------------------------------------------
# SpeX prism spectrum of 2MASSI J0937347+293142 (J09373487+2931409)
# Originally observed on 2004 Mar 11
# Average resolution = 120
# Originally published in Burgasser et al. (2006) ApJ, 639, 1095
#
# PLEASE CITE THE ORIGINAL DATA REFERENCE WHEN PUBLISHING OR PRESENTING THESE DATA
#
# Optical spectral type: T7
# Near infrared spectral type: T6p
# J magnitude = 14.648
# H magnitude = 14.703
# Ks magnitude = 15.267
#
#  Wavelength (micron)   F_lambda (normalized)  Noise (normalized as F_lambda)
#  ----------------------------------------------------------------------------------
0.653636	-0.151701	0.0866066
0.655838	0.00702313	0.142800
0.658031	0.0765812	0.0887673
0.660215	0.0608611	0.0980469
0.662391	-0.0307984	0.0976717
0.664561	-0.0358250	0.0703700
0.666724	0.185483	0.124816
0.668883	0.124379	0.127520
0.671038	0.116993	0.0907787
0.673189	0.0584728	0.0430642
0.675339	0.270251	0.115213
0.677486	0.0228810	0.0337336
0.679633	0.0644070	0.116416
0.681780	0.0372423	0.0933743
0.683928	0.146502	0.0498314
0.686077	0.00942318	0.0107053
0.688228	-0.274288	0.103441
0.690382	0.0579334	0.0926979
0.692540	-0.0464121	0.125820
0.694703	0.0173975	0.184300
0.696870	-0.0126968	0.0554012
0.699042	0.184850	0.0533667
0.701221	-0.00963911	0.0604855
0.703407	0.135002	0.0481737
0.705600	0.0154882	0.0721239
0.707801	0.0406832	0.137152
0.710010	0.0265845	0.0902646
0.712228	0.190999	0.0312761
0.714456	0.0378088	0.105475
0.716694	0.0898460	0.0897499
0.718942	0.0405713	0.0881464
0.721202	-0.0282339	0.139427
0.723472	0.112242	0.0954870
0.725755	-0.0119793	0.0462768
0.728050	-0.0267615	0.0307605
0.730357	0.160273	0.0905376
0.732678	0.0638136	0.0320700
0.735012	0.00140120	0.0556055
0.737360	-0.0751569	0.0273118
0.739722	0.00219878	0.0567419
0.742098	0.0162186	0.0520980
0.744490	0.00503242	0.0197948
0.746896	-0.0372714	0.0298740
0.749318	0.0130025	0.0204707
0.751756	0.0602935	0.00640477
0.754210	0.0753493	0.0571343
0.756680	-0.0464091	0.0612630
0.759167	0.0266134	0.0136510
0.761671	0.0420348	0.0176854
0.764192	0.0672581	0.0510477
0.766730	0.0525477	0.00747161
0.769285	-0.0143070	0.0197122
0.771858	0.0136364	0.0429247
0.774449	0.00731401	0.0136572
0.777059	-0.00474333	0.0102934
0.779686	0.0172039	0.0378692
0.782332	0.00814786	0.00874138
0.784996	-0.000174332	0.0142310
0.787679	-0.0372391	0.0283310
0.790381	0.0110320	0.00796513
0.793102	0.0424677	0.0134788
0.795842	-0.0120128	0.0115776
0.798601	0.0252268	0.0194710
0.801379	0.0420995	0.0267882
0.804176	0.0400050	0.00963490
0.806993	0.0115090	0.0272618
0.809830	0.00579616	0.0119388
0.812685	0.0180726	0.0114832
0.815561	-0.0180596	0.00728889
0.818456	0.00111808	0.0112828
0.821371	-0.0510750	0.0168972
0.824305	-0.00331808	0.000346617
0.827259	-0.00333395	0.0146606
0.830233	0.0111596	0.0156717
0.833227	-0.0672304	0.00678277
0.836240	-0.0387656	0.0159043
0.839273	0.00850433	0.00527712
0.842326	-0.0213748	0.00122626
0.845398	-0.0143582	0.0202273
0.848490	0.00129174	0.0137476
0.851601	-0.00489534	0.00492369
0.854733	0.0189691	0.0142735
0.857883	-0.000155622	0.0116325
0.861053	0.00253044	0.00602385
0.864243	0.0144533	0.0166769
0.867452	0.0213213	0.00871175
0.870680	0.0474444	0.0247319
0.873927	-0.00116860	0.00983423
0.877193	0.00874040	0.00850652
0.880479	0.0215203	0.00124835
0.883783	0.0479677	0.0191624
0.887106	0.0444692	0.00324486
0.890448	0.0578961	0.00939141
0.893809	0.0485365	0.00444986
0.897188	0.0620908	0.0153673
0.900586	0.0741201	0.00666515
0.904001	0.0856703	0.0243906
0.907435	0.0814251	0.0100615
0.910887	0.0989361	0.0111376
0.914357	0.0879356	0.00808409
0.917845	0.101720	0.00467907
0.921350	0.102951	0.0131710
0.924873	0.0863192	0.00956466
0.928413	0.0904486	0.0192007
0.931970	0.0483588	0.0169850
0.935545	0.0953451	0.00683470
0.939136	0.108699	0.00677479
0.942744	0.111007	0.0109263
0.946369	0.129101	0.00494393
0.950010	0.127418	0.0157265
0.953667	0.136984	0.00848818
0.957340	0.135208	0.0142901
0.961029	0.157931	0.0139200
0.964734	0.184837	0.0117162
0.968455	0.208056	0.0114775
0.972190	0.234470	0.0128385
0.975941	0.227280	0.0114110
0.979707	0.253272	0.00498107
0.983488	0.282339	0.0116263
0.987284	0.302676	0.00692707
0.991093	0.320942	0.0157196
0.994918	0.334379	0.0233942
0.998756	0.378690	0.00630969
1.00261	0.381724	0.0109571
1.00647	0.427448	0.0152539
1.01035	0.444224	0.00820557
1.01425	0.468376	0.00693915
1.01815	0.479654	0.00594825
1.02207	0.501793	0.0136162
1.02600	0.561519	0.0100384
1.02994	0.578859	0.00198755
1.03390	0.609999	0.00594658
1.03787	0.650137	0.00951901
1.04185	0.674457	0.0158505
1.04584	0.692189	0.0147027
1.04984	0.692489	0.00833319
1.05385	0.728769	0.0122328
1.05788	0.726195	0.00629035
1.06191	0.741540	0.00660943
1.06596	0.751859	0.0177337
1.07002	0.763774	0.00781686
1.07408	0.773954	0.00133911
1.07816	0.755141	0.0133758
1.08225	0.774492	0.0105027
1.08634	0.726412	0.00766232
1.09045	0.655568	0.00427681
1.09456	0.537569	0.00681325
1.09869	0.435519	0.00116077
1.10282	0.344797	0.0142657
1.10696	0.254574	0.00276110
1.11111	0.201795	0.00497187
1.11527	0.145166	0.00331079
1.11943	0.158180	0.00139056
1.12360	0.166465	0.00730759
1.12778	0.179389	0.00946432
1.13197	0.187091	0.00381241
1.13617	0.170806	0.00858515
1.14037	0.167123	0.00967968
1.14457	0.165395	0.00643575
1.14879	0.168607	0.00398747
1.15301	0.147865	0.0167123
1.15724	0.147293	0.00297779
1.16147	0.143746	0.00237139
1.16571	0.160575	0.00203078
1.16995	0.177374	0.0129437
1.17420	0.195374	0.00553484
1.17845	0.244071	0.00109169
1.18271	0.284672	0.00328148
1.18697	0.326817	0.00381072
1.19124	0.368695	0.0100290
1.19551	0.417942	0.00247265
1.19979	0.462759	0.00371205
1.20407	0.510693	0.00343923
1.20835	0.538313	0.00969688
1.21264	0.605194	0.00764223
1.21692	0.644375	0.00886020
1.22122	0.709647	0.000752823
1.22551	0.742697	0.00830525
1.22981	0.774972	0.00648050
1.23411	0.797568	0.00862613
1.23842	0.841142	0.00116162
1.24272	0.864187	0.00735738
1.24703	0.917389	0.00682012
1.25134	0.961006	0.00475788
1.25565	0.979449	0.0206121
1.25996	1.03828	0.00592484
1.26428	1.03750	0.00605174
1.26859	1.05468	0.00496988
1.27291	1.07492	0.00525534
1.27722	1.06455	0.00755914
1.28154	0.982326	0.00957965
1.28586	0.944877	0.00742114
1.29017	0.945021	0.0101696
1.29449	0.898744	0.00606130
1.29881	0.862339	0.00671627
1.30313	0.822904	0.00269928
1.30745	0.771569	0.0111610
1.31176	0.707910	0.00392938
1.31608	0.670965	0.00466355
1.32040	0.582381	0.00589180
1.32471	0.459030	0.0110534
1.32902	0.298667	0.00695596
1.33334	0.164645	0.00607120
1.33765	0.0658563	0.00865676
1.34196	0.0356303	0.00403169
1.34627	0.0121172	0.00105802
1.35057	0.0150658	0.00589548
1.35488	0.0127361	0.00359661
1.35918	0.0137013	0.00369127
1.36348	0.0198685	0.00840082
1.36778	0.0206015	0.00335535
1.37207	0.0190653	0.00744785
1.37637	0.0145951	0.00830147
1.38066	0.0276405	0.0168021
1.38494	0.0454505	0.00490450
1.38923	0.0187776	0.00408745
1.39351	0.00388625	0.00299057
1.39779	0.0403051	0.00956119
1.40206	0.0227326	0.00124827
1.40633	0.0379305	0.0112390
1.41060	0.0203810	0.0161096
1.41487	0.0209713	0.00262452
1.41913	0.0250596	0.0179089
1.42339	0.0240667	0.000739859
1.42764	0.0204037	0.00502635
1.43189	0.0260130	0.00896829
1.43614	0.0275921	0.0120675
1.44038	0.0107116	0.00272182
1.44461	0.0441728	0.00332576
1.44885	0.0483451	0.00618401
1.45308	0.0694388	0.0102619
1.45730	0.0665614	0.00482171
1.46152	0.0736104	0.0104653
1.46573	0.0802284	0.00559480
1.46994	0.0778280	0.00683844
1.47415	0.0777807	0.00715875
1.47835	0.0941320	0.00326231
1.48254	0.0903259	0.00464613
1.48673	0.0921581	0.00380103
1.49092	0.122036	0.00279387
1.49510	0.129773	0.00144642
1.49927	0.137786	0.00598526
1.50344	0.137469	0.00476377
1.50761	0.151860	0.0130490
1.51176	0.169995	0.00694707
1.51592	0.194927	0.00537729
1.52006	0.218932	0.00775331
1.52420	0.230802	0.0184468
1.52834	0.263501	0.0138961
1.53247	0.290146	0.00284342
1.53660	0.326347	0.00711665
1.54071	0.335189	0.00755687
1.54483	0.345754	0.00211829
1.54893	0.377284	0.0151438
1.55303	0.402687	0.00454830
1.55713	0.410202	0.00599511
1.56122	0.423117	0.00875301
1.56530	0.450669	0.00183807
1.56938	0.451740	0.0113557
1.57345	0.447729	0.00397549
1.57751	0.460809	0.00444066
1.58157	0.464460	0.00992032
1.58562	0.451877	0.00223664
1.58967	0.454190	0.0128730
1.59370	0.422421	0.00273975
1.59774	0.403878	0.00472793
1.60176	0.358309	0.00295770
1.60578	0.321437	0.00486679
1.60980	0.269771	0.00371092
1.61380	0.221898	0.00343882
1.61780	0.192777	0.0100385
1.62180	0.169923	0.00244660
1.62579	0.147137	0.00433178
1.62977	0.130231	0.00621980
1.63374	0.129726	0.00790962
1.63771	0.138741	0.0101855
1.64167	0.132355	0.00608220
1.64563	0.156015	0.00702865
1.64958	0.157705	0.00383642
1.65352	0.158598	0.00973093
1.65745	0.163025	0.000365011
1.66138	0.138347	0.00633419
1.66530	0.106464	0.00389728
1.66922	0.103983	0.00437021
1.67313	0.0931450	0.00880718
1.67703	0.101982	0.00530152
1.68093	0.129572	0.00173241
1.68482	0.148270	0.00331634
1.68870	0.126326	0.00380318
1.69258	0.119599	0.00317735
1.69645	0.108771	0.00329073
1.70031	0.0997447	0.00772798
1.70417	0.104256	0.00232717
1.70802	0.0996299	0.00424430
1.71186	0.101493	0.00906720
1.71570	0.123247	0.00272185
1.71953	0.130959	0.00498657
1.72335	0.127853	0.00383567
1.72717	0.108495	0.00269843
1.73098	0.114619	0.00816078
1.73479	0.0979901	0.00222821
1.73858	0.0937358	0.00333796
1.74238	0.0948996	0.00234508
1.74616	0.0867377	0.00699924
1.74994	0.0848838	0.00431053
1.75371	0.0790729	0.00305945
1.75748	0.0781128	0.00246247
1.76124	0.0684518	0.00129063
1.76500	0.0637970	0.00304893
1.76874	0.0432836	0.00514046
1.77248	0.0538946	0.00171954
1.77622	0.0421447	0.000830297
1.77995	0.0401769	0.00419981
1.78367	0.0468296	0.00346775
1.78739	0.0422936	0.0102919
1.79110	0.0194831	0.00859895
1.79480	0.0289270	0.00372397
1.79850	0.0289309	0.00649080
1.80219	0.0159998	0.0128498
1.80588	0.0328463	0.00782306
1.80956	0.0299468	0.00940563
1.81324	0.0200097	0.00584382
1.81690	0.0318265	0.00708383
1.82057	0.0309486	0.00571961
1.82422	0.0341106	0.00318063
1.82787	0.0243616	0.00693213
1.83152	0.0367722	0.00435279
1.83516	0.0399789	0.00450726
1.83879	0.0223920	0.00700201
1.84242	0.0415249	0.0100228
1.84604	0.0440913	0.00380685
1.84966	0.0218759	0.00520142
1.85327	0.0148505	0.00506024
1.85687	0.0237795	0.00768584
1.86047	-0.00169457	0.00294217
1.86406	0.0228967	0.00367104
1.86765	-0.000229349	0.0157221
1.87124	0.0479551	0.0154205
1.87481	0.0324969	0.00323499
1.87838	0.0253602	0.00603180
1.88195	0.0444795	0.00191590
1.88551	0.0293972	0.00252772
1.88907	0.0275834	0.00246621
1.89262	0.0402255	0.00448550
1.89616	0.0409812	0.00464279
1.89970	0.0176684	0.00226903
1.90323	0.0324194	0.00848632
1.90676	0.0397298	0.00163736
1.91029	0.0383226	0.00452496
1.91380	0.0414071	0.00839493
1.91732	0.0456233	0.00515250
1.92082	0.0458924	0.00821254
1.92433	0.0175379	0.00305814
1.92782	0.0268010	0.00763557
1.93132	0.0121347	0.00283618
1.93480	0.0170303	0.00909839
1.93829	0.0155136	0.00285112
1.94176	0.0170215	0.00427872
1.94524	0.0182225	0.00386862
1.94870	0.0118839	0.00213969
1.95217	0.0240750	0.00293631
1.95562	0.0347452	0.00373552
1.95908	0.0306177	0.00360340
1.96253	0.0282788	0.00198132
1.96597	0.0239615	0.00379413
1.96941	0.0244991	0.00831677
1.97284	0.0286247	0.00987967
1.97627	0.0372187	0.00134577
1.97969	0.0410951	0.00306566
1.98311	0.0273782	0.00340362
1.98653	0.0433392	0.00606735
1.98994	0.0398698	0.00142634
1.99334	0.0415562	0.00525802
1.99674	0.0487640	0.00216526
2.00014	0.0383011	0.00915561
2.00353	0.0543800	0.00354274
2.00691	0.0427738	0.00482071
2.01029	0.0542689	0.00190024
2.01367	0.0616224	0.00655978
2.01704	0.0557863	0.00984431
2.02041	0.0619218	0.00787258
2.02377	0.0636861	0.00241452
2.02713	0.0592607	0.00470056
2.03049	0.0652490	0.00424352
2.03384	0.0738506	0.00303674
2.03718	0.0713871	0.00982517
2.04052	0.0672263	0.00884896
2.04386	0.0785666	0.00644839
2.04719	0.0726446	0.00415911
2.05051	0.0772150	0.00640895
2.05384	0.0637859	0.00594261
2.05715	0.0879299	0.00653232
2.06047	0.0750846	0.00585187
2.06377	0.0841543	0.000382701
2.06708	0.0818680	0.00621235
2.07038	0.0831502	0.00722585
2.07367	0.0798971	0.000580247
2.07696	0.0719006	0.00176580
2.08025	0.0715651	0.00587772
2.08353	0.0778523	0.00761569
2.08681	0.0701478	0.00492326
2.09008	0.0744961	0.00549599
2.09335	0.0777882	0.00566954
2.09661	0.0763719	0.00554190
2.09987	0.0738743	0.00275754
2.10312	0.0718174	0.000574017
2.10637	0.0777016	0.00384290
2.10962	0.0757398	0.00105782
2.11286	0.0666533	0.00217830
2.11610	0.0691169	0.00444952
2.11933	0.0688406	0.00142701
2.12255	0.0620295	0.00403394
2.12578	0.0623701	0.00351643
2.12899	0.0655891	0.00502255
2.13221	0.0631124	0.00154305
2.13542	0.0612736	0.00339086
2.13862	0.0581110	0.00435935
2.14182	0.0626658	0.000844514
2.14501	0.0616871	0.00311595
2.14820	0.0591378	0.00568184
2.15139	0.0548594	0.00510128
2.15457	0.0548300	0.00215177
2.15774	0.0496336	0.00301268
2.16092	0.0491807	0.00135612
2.16408	0.0465594	0.00311465
2.16724	0.0497347	0.00232321
2.17040	0.0496944	0.00144025
2.17355	0.0504312	0.00211437
2.17670	0.0497763	0.00454972
2.17984	0.0493977	0.00518574
2.18298	0.0468750	0.00620629
2.18611	0.0446314	0.00431426
2.18924	0.0366121	0.00115876
2.19236	0.0331064	0.00259330
2.19548	0.0340270	0.00388616
2.19860	0.0174373	0.00488684
2.20170	0.0170450	0.00561379
2.20481	0.0135637	0.00485118
2.20791	0.0145216	0.00419700
2.21100	0.0148570	0.00144894
2.21409	0.0273446	0.00451512
2.21717	0.0218278	0.00216228
2.22025	0.0218852	0.00181398
2.22332	0.0197856	0.00198567
2.22639	0.0238157	0.00126864
2.22946	0.0139075	0.00313052
2.23251	0.0102629	0.00428764
2.23557	0.0155506	0.00301637
2.23862	0.0104090	0.00225037
2.24166	0.00980832	0.00196599
2.24470	0.0102288	0.00370748
2.24773	0.00910446	0.000416518
2.25076	0.0124528	0.000660687
2.25378	0.0151410	0.000814299
2.25680	0.0107670	0.00174941
2.25981	0.00606101	0.00457417
2.26282	0.00890885	0.000876655
2.26582	0.00951774	0.00439194
2.26882	0.0147185	0.00344050
2.27181	0.00477910	0.00591905
2.27480	0.0122773	0.00418108
2.27778	0.0124710	0.00323230
2.28075	0.0155922	0.000857990
2.28372	0.0100974	0.00388258
2.28669	0.00590054	0.00413208
2.28965	0.00754987	0.00252677
2.29261	0.00745124	0.00412588
2.29556	0.0132612	0.00270836
2.29850	0.0174888	0.00441068
2.30144	0.0121754	0.000527487
2.30437	0.0106471	0.00140488
2.30730	0.0148594	0.00413864
2.31023	0.0187623	0.00187256
2.31315	0.0113686	0.00188981
2.31606	0.0167826	0.00178090
2.31897	0.0123129	0.000640519
2.32187	0.00688272	0.00184934
2.32477	0.00677111	0.00236811
2.32767	0.00903447	0.00506995
2.33056	0.00628333	0.00581774
2.33344	0.00789189	0.00216914
2.33632	0.00208896	0.00364250
2.33919	0.00383608	0.00207713
2.34206	0.0109378	0.00275642
2.34493	0.00816822	0.00683408
2.34779	0.00726072	0.00154989
2.35064	0.00779573	0.00325832
2.35349	0.00730054	0.00339044
2.35634	0.0137856	0.00429330
2.35918	0.00848133	0.00226993
2.36201	0.0117003	0.00398404
2.36485	0.00868712	0.00159381
2.36767	0.00552070	0.00332211
2.37050	-0.00180390	0.00539133
2.37331	0.00268364	0.00772979
2.37613	0.00885429	0.00506556
2.37894	0.00941851	0.00569626
2.38175	0.0132963	0.00284814
2.38455	0.00744773	0.00671330
2.38735	0.00378078	0.00577587
2.39014	0.00968812	0.00291813
2.39293	0.0176665	0.00236478
2.39572	0.0118713	0.00265537
2.39850	0.0176068	0.00434238
2.40128	0.00777490	0.00523107
2.40406	0.0160767	0.00439748
2.40684	0.0115416	0.00280416
2.40961	0.0162512	0.00212908
2.41237	0.0217371	0.0110100
2.41514	0.0203950	0.00621235
2.41790	0.00846055	0.00487286
2.42066	0.0268383	0.00167982
2.42342	0.00607721	0.00474700
2.42618	0.0151839	0.0113643
2.42893	0.0218267	0.0152028
2.43168	0.0142860	0.00210419
2.43443	0.0179566	0.00661669
2.43718	0.0189047	0.00441029
2.43993	0.0208390	0.00592943
2.44268	0.0198049	0.00631768
2.44542	0.0189640	0.00602578
2.44817	0.0102201	0.0169344
2.45091	0.00544511	0.00509960
2.45365	0.0152351	0.00882579
2.45640	0.00843246	0.00282013
2.45914	0.00992250	0.00950576
2.46189	0.0215451	0.00533692
2.46463	0.0173200	0.00240016
2.46738	0.00306212	0.00529007
2.47012	0.00608040	0.00291371
2.47287	0.00875851	0.00395458
2.47562	0.00519091	0.00736606
2.47837	0.0197734	0.00665701
2.48113	0.0148766	0.0174432
2.48388	-0.00442940	0.00846735
2.48664	0.00676248	0.0173026
2.48940	-0.00198411	0.0248010
2.49217	0.0171611	0.00199483
2.49494	0.00491070	0.0252609
2.49771	0.0112447	0.00133948
2.50049	0.0208028	0.00415590
2.50327	0.0440812	0.0119123
2.50606	0.0147653	0.00543815
2.50885	-0.00889814	0.0334539
2.51165	0.0426366	0.0143385
2.51446	-0.0128660	0.0266866
2.51727	0.0519995	0.00603349
2.52009	-0.00801568	0.00861649
2.52292	0.0228088	0.00218678
2.52575	0.0378383	0.00289661
2.52860	-0.0222907	0.00808609
2.53145	0.0768521	0.0690895
2.53431	0.126402	0.0571963
2.53718	0.0525239	0.0246050
2.54007	-0.0474501	0.0234045
2.54296	-0.0382463	0.0536817
2.54586	-0.0177774	0.110423
2.54878	0.0103876	0.0592912
2.55171	0.0682947	0.0291199
2.55465	0.155621	0.122136
2.55761	-0.0486947	0.0553298
2.56057	-0.0806153	0.0831757
2.56356	-0.0495854	0.00895266
2.56656	-0.169904	0.0590716
