#  ----------------------------------------------------------------------------------
# SpeX prism spectrum of 2MASS J16150413+1340079 (J16150413+1340079)
# Originally observed on 2006 Sep 02
# Average resolution = 120
# Originally published in Looper, Kirkpatrick, and Burgasser (2007) AJ, 134, 1162
#
# PLEASE CITE THE ORIGINAL DATA REFERENCE WHEN PUBLISHING OR PRESENTING THESE DATA
#
# Near infrared spectral type: T6
# J magnitude = 16.35
# H magnitude = 16.489
# Ks magnitude = 15.859
#
#  Wavelength (micron)   F_lambda (normalized)  Noise (normalized as F_lambda)
#  ----------------------------------------------------------------------------------
0.649429	1.26376	0.342233
0.651652	0.149116	0.269695
0.653864	0.828334	0.255627
0.656065	1.04587	0.273644
0.658257	0.0769729	0.238797
0.660440	0.415320	0.221515
0.662615	-0.0711432	0.0422771
0.664784	0.661023	0.224992
0.666947	0.707768	0.218852
0.669106	0.834689	0.206073
0.671260	1.37239	0.240969
0.673411	0.103939	0.198344
0.675560	0.671433	0.221307
0.677708	0.642022	0.192890
0.679855	0.792174	0.194162
0.682002	0.561294	0.146327
0.684149	0.00586751	0.180040
0.686299	0.819637	0.138657
0.688450	0.615004	0.137756
0.690605	0.326763	0.125401
0.692763	0.415406	0.114126
0.694926	0.306345	0.104754
0.697094	0.459037	0.0994676
0.699267	0.544424	0.0845356
0.701447	0.0298983	0.0877696
0.703633	0.523927	0.0741522
0.705827	0.460932	0.0665767
0.708028	0.228863	0.0614802
0.710239	0.269522	0.0478119
0.712458	0.280896	0.0468825
0.714687	0.334850	0.0407530
0.716926	0.231226	0.0361061
0.719175	0.278659	0.0314614
0.721436	0.0690158	0.0280989
0.723707	0.149562	0.0231656
0.725991	0.146942	0.0194927
0.728287	0.0951798	0.0152645
0.730596	0.00727163	0.0110901
0.732918	0.0149984	0.00860876
0.735253	0.0141205	0.00428238
0.737603	0.00566332	0.00100703
0.739966	-0.00686030	0.00196826
0.742344	-0.0193111	0.00540351
0.744737	-0.0148455	0.00816459
0.747145	-0.0365126	0.0116151
0.749569	-0.0317396	0.0137139
0.752009	-0.0448715	0.0172298
0.754464	-0.0997123	0.0194928
0.756936	-0.0445549	0.0227528
0.759425	-0.0934666	0.0305497
0.761930	-0.0450257	0.0383274
0.764453	-0.0293140	0.0393076
0.766993	-0.0152061	0.0375383
0.769550	-0.144464	0.0311604
0.772125	-0.0679322	0.0305099
0.774718	-0.0250722	0.0293850
0.777329	-0.183916	0.0304251
0.779958	-0.0743570	0.0290343
0.782606	-0.0874881	0.0302035
0.785272	-0.132276	0.0291899
0.787957	-0.156303	0.0297501
0.790661	-0.0463164	0.0295869
0.793384	-0.0120930	0.0302298
0.796125	-0.0910178	0.0301776
0.798886	-0.0245401	0.0299618
0.801667	-0.0882021	0.0277551
0.804466	-0.0669605	0.0269142
0.807285	-0.0722764	0.0233045
0.810123	-0.0534396	0.0219491
0.812981	-0.0148449	0.0184998
0.815859	0.00950714	0.0157189
0.818756	-0.0333600	0.0100313
0.821673	-0.0192751	0.00676447
0.824609	-0.00102839	0.00104704
0.827565	-0.0109300	0.00534855
0.830541	0.00403290	0.00777687
0.833537	-0.0169611	0.00619233
0.836552	0.000932333	0.00401896
0.839587	-0.00189965	0.00101760
0.842642	-0.00269649	0.00182609
0.845716	-0.00191926	0.00464160
0.848810	0.0180362	0.00686948
0.851924	0.0267676	0.00881470
0.855057	0.0250726	0.0104561
0.858209	0.0212784	0.0120632
0.861382	0.0163244	0.0141576
0.864573	-0.00850384	0.0165186
0.867784	-0.0128548	0.0173259
0.871014	0.0867552	0.0190221
0.874263	0.0352711	0.0207897
0.877532	0.0771832	0.0235237
0.880819	0.109558	0.0250148
0.884125	0.106945	0.0265236
0.887451	0.113371	0.0277099
0.890794	0.102737	0.0291774
0.894157	0.0302963	0.0296648
0.897538	0.0647707	0.0307636
0.900937	0.103592	0.0290597
0.904355	0.0164962	0.0307765
0.907791	0.0997233	0.0308543
0.911245	0.117848	0.0320919
0.914716	0.107926	0.0306690
0.918206	0.160578	0.0321608
0.921713	0.114301	0.0292271
0.925237	0.0809205	0.0299336
0.928779	0.0380972	0.0301537
0.932338	0.229430	0.0335108
0.935915	0.151722	0.0341500
0.939508	0.167445	0.0338147
0.943117	0.144633	0.0321476
0.946744	0.198299	0.0315859
0.950386	0.202816	0.0296640
0.954045	0.165093	0.0276225
0.957720	0.165351	0.0254120
0.961411	0.163403	0.0268295
0.965117	0.210312	0.0256574
0.968839	0.177662	0.0250358
0.972577	0.245970	0.0248165
0.976329	0.244075	0.0233030
0.980097	0.226437	0.0225339
0.983879	0.242608	0.0225358
0.987676	0.305180	0.0221014
0.991487	0.311965	0.0230950
0.995313	0.335080	0.0229517
0.999153	0.288989	0.0230752
1.00301	0.355102	0.0215352
1.00687	0.379837	0.0212266
1.01075	0.406147	0.0203944
1.01465	0.382405	0.0210851
1.01855	0.429549	0.0206412
1.02247	0.450356	0.0215092
1.02641	0.476314	0.0208494
1.03035	0.492156	0.0210672
1.03431	0.563847	0.0211336
1.03828	0.535204	0.0201714
1.04226	0.562080	0.0196602
1.04625	0.640103	0.0193731
1.05025	0.649030	0.0173202
1.05427	0.627834	0.0161629
1.05830	0.678867	0.0156403
1.06233	0.695664	0.0153445
1.06638	0.687743	0.0162423
1.07044	0.727365	0.0173341
1.07451	0.765720	0.0177099
1.07858	0.732104	0.0192011
1.08267	0.703130	0.0182747
1.08677	0.714839	0.0190825
1.09087	0.628169	0.0178341
1.09499	0.542225	0.0169989
1.09911	0.485071	0.0164356
1.10325	0.396651	0.0154643
1.10739	0.306027	0.0140480
1.11154	0.240142	0.0133814
1.11570	0.202251	0.0130174
1.11986	0.214885	0.0133179
1.12404	0.219798	0.0147050
1.12822	0.187948	0.0163475
1.13240	0.201240	0.0163356
1.13660	0.206697	0.0184344
1.14080	0.201965	0.0169056
1.14501	0.164033	0.0165884
1.14922	0.189327	0.0168886
1.15345	0.182855	0.0159862
1.15767	0.173212	0.0153987
1.16191	0.153537	0.0143033
1.16614	0.151850	0.0126096
1.17039	0.158667	0.0114996
1.17464	0.184851	0.0104097
1.17889	0.224998	0.00998684
1.18315	0.264998	0.00969159
1.18741	0.325600	0.00977544
1.19168	0.387104	0.0107479
1.19595	0.414421	0.0121175
1.20023	0.439238	0.0124948
1.20451	0.500981	0.0137211
1.20879	0.554145	0.0136318
1.21308	0.561841	0.0133878
1.21737	0.660656	0.0140219
1.22166	0.692904	0.0134250
1.22596	0.741375	0.0136703
1.23026	0.765743	0.0133611
1.23456	0.775914	0.0125142
1.23886	0.798106	0.0118309
1.24317	0.825648	0.0114083
1.24747	0.816290	0.0120921
1.25178	0.900080	0.0143718
1.25609	0.929844	0.0181403
1.26041	1.05308	0.0254830
1.26472	1.00663	0.0317844
1.26904	1.10908	0.0356030
1.27335	1.02461	0.0351003
1.27767	1.10351	0.0286771
1.28198	1.02349	0.0239578
1.28630	0.966069	0.0214867
1.29062	1.01528	0.0164356
1.29494	0.868315	0.0152001
1.29926	0.859994	0.0130813
1.30357	0.776543	0.0130168
1.30789	0.735337	0.0129169
1.31221	0.716818	0.0120592
1.31653	0.618425	0.0113389
1.32084	0.550104	0.0106870
1.32516	0.436545	0.00963677
1.32947	0.275072	0.00940056
1.33378	0.137976	0.00818549
1.33809	0.0672902	0.00774725
1.34240	0.0252113	0.00758419
1.34671	0.0341053	0.00903120
1.35102	0.00290103	0.0102037
1.35532	0.0150505	0.0148974
1.35962	0.0265303	0.0212559
1.36392	-0.00251191	0.0256331
1.36822	0.0469890	0.0260510
1.37252	0.0369574	0.0216995
1.37681	0.0386390	0.0213105
1.38110	0.0248538	0.0204433
1.38539	-0.0162783	0.0213574
1.38967	0.0268980	0.0206833
1.39395	0.00991921	0.0193700
1.39823	0.0772236	0.0204867
1.40250	-0.00511602	0.0216575
1.40678	0.0312954	0.0214826
1.41104	0.0183703	0.0207298
1.41531	0.0240238	0.0187264
1.41957	0.00221403	0.0157215
1.42383	0.0359547	0.0133983
1.42808	0.0218850	0.0127296
1.43233	0.00736117	0.0129298
1.43657	0.111535	0.0129475
1.44081	0.0698497	0.0117770
1.44505	0.0394389	0.0127975
1.44928	0.0524854	0.0135028
1.45351	0.0679179	0.0148218
1.45773	0.0768687	0.0143235
1.46195	0.0624877	0.0134815
1.46617	0.0970794	0.0130677
1.47038	0.0818994	0.0120810
1.47458	0.0682008	0.0129896
1.47878	0.104675	0.0129988
1.48298	0.103344	0.0135757
1.48717	0.0681613	0.0131345
1.49135	0.108566	0.0115202
1.49553	0.106514	0.0104098
1.49970	0.137041	0.0136518
1.50387	0.133788	0.0148901
1.50803	0.158465	0.0150647
1.51219	0.161855	0.0133877
1.51634	0.186353	0.0111056
1.52049	0.249935	0.0128112
1.52463	0.227419	0.0137562
1.52877	0.245451	0.0146051
1.53290	0.253135	0.0136749
1.53702	0.257556	0.0136078
1.54114	0.281386	0.0123352
1.54525	0.314513	0.0113725
1.54936	0.345935	0.0114477
1.55346	0.359001	0.0112066
1.55755	0.368566	0.0120956
1.56164	0.400030	0.0126379
1.56572	0.426932	0.0124190
1.56980	0.453716	0.0118533
1.57387	0.440527	0.0122873
1.57793	0.461657	0.0159666
1.58199	0.467517	0.0174349
1.58604	0.448707	0.0166119
1.59008	0.475391	0.0138354
1.59412	0.398932	0.0103978
1.59815	0.402299	0.0121494
1.60218	0.334298	0.0133556
1.60620	0.253641	0.0144941
1.61021	0.214499	0.0138608
1.61422	0.188414	0.0128562
1.61822	0.152882	0.0132479
1.62221	0.147857	0.0113616
1.62620	0.139997	0.0110384
1.63018	0.123604	0.0105885
1.63415	0.117618	0.00988555
1.63812	0.106984	0.0104199
1.64208	0.112739	0.0107988
1.64603	0.122147	0.0112963
1.64998	0.139298	0.0109844
1.65392	0.147688	0.00986805
1.65786	0.140295	0.00805430
1.66179	0.129934	0.00934473
1.66571	0.106239	0.0129943
1.66962	0.0756821	0.0137781
1.67353	0.0787816	0.0140815
1.67743	0.0949598	0.0100209
1.68133	0.0988371	0.00793253
1.68522	0.103366	0.0102788
1.68910	0.104378	0.0114330
1.69298	0.117144	0.0124029
1.69684	0.0978747	0.0128593
1.70071	0.0869008	0.0118707
1.70456	0.0990038	0.0119781
1.70841	0.0814839	0.0110905
1.71226	0.0984046	0.0102168
1.71609	0.114019	0.0100542
1.71992	0.121997	0.00935437
1.72375	0.111343	0.00908415
1.72756	0.112494	0.00920794
1.73137	0.102478	0.00928963
1.73518	0.0916781	0.00958065
1.73898	0.0848143	0.0102219
1.74277	0.0875294	0.0101926
1.74655	0.0936962	0.00943413
1.75033	0.0978513	0.00829927
1.75410	0.0748451	0.00683114
1.75787	0.0829463	0.00827213
1.76163	0.0787903	0.0120825
1.76538	0.0687509	0.0130913
1.76913	0.0307052	0.0127408
1.77287	0.0479428	0.00974132
1.77661	0.0743707	0.00744580
1.78033	0.0381524	0.00850081
1.78406	0.0545104	0.0108151
1.78777	0.0466662	0.0109458
1.79148	0.0617433	0.0113613
1.79519	0.0178572	0.0121704
1.79888	0.0322580	0.0125035
1.80258	0.0250037	0.0140541
1.80626	0.0411472	0.0141362
1.80994	0.0300316	0.0138867
1.81361	0.0297257	0.0137237
1.81728	0.0440366	0.0136806
1.82094	0.0283821	0.0131626
1.82460	0.0529547	0.0146947
1.82825	0.0490071	0.0154287
1.83190	0.0484368	0.0164783
1.83553	0.0365382	0.0191764
1.83917	0.0717213	0.0237981
1.84279	-0.00343279	0.0266472
1.84641	0.00138711	0.0260029
1.85003	0.0515505	0.0256123
1.85364	0.00317839	0.0259996
1.85724	0.0414116	0.0224654
1.86084	0.0354087	0.0185444
1.86444	0.0503498	0.0179317
1.86802	0.0469918	0.0247820
1.87160	0.0565533	0.0406410
1.87518	-0.0329644	0.0392828
1.87875	0.0338308	0.0244526
1.88232	0.0533702	0.0151929
1.88588	0.0446210	0.0127207
1.88943	0.0614623	0.0131760
1.89298	0.0676066	0.0129590
1.89653	0.0542092	0.0150307
1.90006	0.0354743	0.0177442
1.90360	0.0885823	0.0216466
1.90713	0.0541903	0.0199556
1.91065	0.0536003	0.0183949
1.91417	0.0930097	0.0164523
1.91768	0.0531145	0.0188581
1.92119	0.0509283	0.0184376
1.92469	0.0287766	0.0174723
1.92819	0.0290748	0.0158823
1.93168	0.0323946	0.0130590
1.93516	0.0251842	0.0118526
1.93865	0.0180324	0.0107427
1.94212	0.0322577	0.00944322
1.94560	0.0315840	0.00925032
1.94906	0.0264199	0.00977553
1.95252	0.0514688	0.0113079
1.95598	0.0535851	0.0126554
1.95943	0.0260289	0.0131608
1.96288	0.0415765	0.0123527
1.96632	0.0713333	0.0127761
1.96976	0.0590154	0.0114753
1.97319	0.0415595	0.0110927
1.97662	0.0532568	0.00972787
1.98005	0.0687150	0.00874578
1.98346	0.0588239	0.00718397
1.98688	0.0592151	0.00665955
1.99029	0.0608176	0.00628670
1.99369	0.0448458	0.00793478
1.99709	0.0955779	0.0123084
2.00049	0.106554	0.0173037
2.00388	0.0600090	0.0218116
2.00726	0.111906	0.0188279
2.01064	0.111853	0.0141884
2.01402	0.0927080	0.0131799
2.01739	0.114312	0.0122657
2.02076	0.102818	0.0116972
2.02412	0.0957620	0.0117696
2.02748	0.101495	0.0108192
2.03083	0.121479	0.0104417
2.03418	0.115473	0.00930345
2.03753	0.123095	0.0104446
2.04086	0.117032	0.0100259
2.04420	0.119232	0.0100832
2.04753	0.128326	0.00925987
2.05086	0.148777	0.0102672
2.05418	0.117023	0.0121231
2.05750	0.108389	0.0115834
2.06081	0.152528	0.0101705
2.06412	0.141058	0.00791448
2.06742	0.147240	0.00895452
2.07072	0.157230	0.00934978
2.07401	0.138488	0.00898662
2.07730	0.148931	0.00802831
2.08059	0.161426	0.00695117
2.08387	0.150231	0.00714908
2.08715	0.139203	0.00756858
2.09042	0.160391	0.00732926
2.09368	0.129760	0.00755674
2.09695	0.145269	0.00631365
2.10021	0.136217	0.00641977
2.10346	0.134313	0.00704475
2.10671	0.143719	0.00774472
2.10995	0.144755	0.00792936
2.11319	0.136182	0.00824229
2.11643	0.126553	0.00839561
2.11966	0.125519	0.00833881
2.12289	0.136751	0.00817479
2.12611	0.127148	0.00784992
2.12933	0.125173	0.00762681
2.13254	0.128689	0.00696173
2.13575	0.116882	0.00670643
2.13895	0.117352	0.00680791
2.14215	0.114423	0.00616901
2.14534	0.107319	0.00749525
2.14853	0.103346	0.00952652
2.15172	0.0990226	0.0104144
2.15490	0.0922121	0.0101532
2.15807	0.0994621	0.00850085
2.16124	0.0694360	0.00793620
2.16441	0.0893344	0.00704131
2.16757	0.0921023	0.00724280
2.17073	0.0760518	0.00728040
2.17388	0.0743583	0.00758419
2.17702	0.0738670	0.00865270
2.18017	0.0621263	0.00892160
2.18330	0.0780648	0.00931589
2.18644	0.0506064	0.00853359
2.18956	0.0554687	0.00812180
2.19269	0.0454110	0.00931236
2.19580	0.0278522	0.00932067
2.19892	0.0297352	0.00957409
2.20202	0.0242396	0.00894051
2.20513	0.0207654	0.00835341
2.20823	-0.00128738	0.00906105
2.21132	0.0155856	0.00938876
2.21441	0.0252632	0.00911293
2.21749	0.0269476	0.00874330
2.22057	0.0330317	0.00830097
2.22364	0.0213593	0.00801105
2.22671	0.0227599	0.00858672
2.22977	0.0332169	0.00924224
2.23283	0.0233435	0.00920973
2.23588	0.0147274	0.00899428
2.23893	0.0122695	0.00828623
2.24197	0.0194518	0.00814999
2.24501	0.0310170	0.00843326
2.24804	0.00563903	0.00875115
2.25107	0.0295220	0.00902390
2.25409	4.92216e-05	0.00886351
2.25711	0.0187773	0.00897931
2.26012	0.00957873	0.0102140
2.26313	-0.0417996	0.00906123
2.26613	0.0103463	0.00922227
2.26913	0.00813980	0.00933816
2.27212	0.00592959	0.00952385
2.27510	0.00795223	0.00962611
2.27808	0.00145063	0.00956816
2.28106	-0.00468008	0.00958015
2.28403	0.000826548	0.00950025
2.28700	0.0122887	0.00972116
2.28996	0.00504453	0.00985947
2.29291	-0.000376569	0.0102007
2.29586	0.0132600	0.0105067
2.29880	0.0125744	0.0108245
2.30174	0.0364424	0.0116631
2.30468	0.0155143	0.0109100
2.30761	0.0130852	0.0108112
2.31053	0.0187985	0.0105754
2.31345	0.00691600	0.0108029
2.31636	0.0365308	0.0114749
2.31927	0.00836806	0.0121543
2.32217	-0.00637293	0.0119276
2.32507	-0.000830717	0.0110196
2.32797	-0.0149442	0.0104590
2.33085	0.000423874	0.0100076
2.33374	0.0100918	0.00939988
2.33662	-0.00702437	0.00927379
2.33949	-0.000566074	0.00917162
2.34236	-0.00256082	0.00924054
2.34522	0.00991838	0.00923884
2.34808	-0.0172522	0.00927282
2.35093	0.0149029	0.00940245
2.35378	-0.00540622	0.00917841
2.35663	-0.00711335	0.00885869
2.35947	0.00821602	0.00835938
2.36231	-0.00209851	0.00783123
2.36514	0.00799787	0.00782972
2.36796	-0.00623839	0.00843211
2.37079	0.00785428	0.00861128
2.37360	-0.0191056	0.00860242
2.37642	0.0110472	0.00783105
2.37923	-0.0110381	0.00704870
2.38204	0.00550756	0.00670432
2.38484	0.00706923	0.00614238
2.38763	0.00984904	0.00567943
2.39043	-0.00131093	0.00490310
2.39322	-0.00445375	0.00404104
2.39601	1.47375e-05	0.00317617
2.39879	-0.00143336	0.00224604
2.40157	0.00149418	0.00130061
2.40435	-0.000511648	0.000265883
2.40712	0.000402534	0.000908860
2.40989	-0.000135560	0.00206951
2.41266	-0.000996448	0.00316774
2.41543	-0.000780538	0.00288044
2.41819	0.000327173	0.000176876
2.42095	0.00785130	0.00401782
2.42371	0.00581452	0.00544204
2.42646	0.00633362	0.00521346
2.42922	0.00496835	0.00229243
2.43197	-0.0124782	0.00520602
2.43472	-0.00326926	0.0107609
2.43747	-0.00777838	0.0130909
2.44021	-0.0128847	0.0122930
2.44296	0.0146970	0.0127583
2.44570	0.00889799	0.0160965
2.44845	-0.0215799	0.0191185
2.45119	-0.0120964	0.0188004
2.45394	-0.0495347	0.0172997
2.45668	0.0141851	0.0164541
2.45942	0.0250915	0.0171445
2.46217	-0.0268338	0.0156579
2.46491	0.0142813	0.00813291
2.46766	0.0133407	0.0148430
2.47041	-0.0259725	0.0200383
2.47315	0.00689547	0.0213199
2.47590	0.0369504	0.0218367
2.47866	0.00861096	0.0215547
2.48141	-0.0273109	0.0250847
2.48417	-0.00245556	0.0294423
2.48693	0.0439329	0.0312828
2.48969	0.0388080	0.0325573
2.49245	0.0248804	0.0334962
2.49522	-0.0380015	0.0313618
2.49800	-0.0264271	0.0287377
2.50078	-0.00426348	0.0273370
2.50356	0.0351278	0.0304225
2.50635	0.0713475	0.0342600
2.50914	0.00858281	0.0381642
2.51194	0.0263972	0.0404968
2.51475	0.129934	0.0526925
2.51756	-0.0190715	0.0570528
2.52038	-0.0357993	0.0555766
2.52321	0.0565895	0.0502056
2.52605	-0.0490512	0.0536306
2.52889	0.0633436	0.0723715
2.53174	0.0444608	0.0978563
2.53461	0.0391949	0.120392
2.53748	0.107413	0.130522
2.54036	-0.00461212	0.106446
2.54326	0.0940695	0.119498
2.54616	-0.107258	0.149486
2.54908	-0.339419	0.239401
2.55201	-0.0923985	0.264957
2.55495	0.112249	0.226484
2.55791	0.0705853	0.140681
2.56088	-0.0182857	0.106329
