#  ----------------------------------------------------------------------------------
# SpeX prism spectrum of SDSS J075840.33+324723.4 (J07584037+3247245)
# Originally observed on 2006 Dec 23
# Average resolution = 120
# Originally published in Burgasser et al. (2008) ApJ, 681, 579
#
# PLEASE CITE THE ORIGINAL DATA REFERENCE WHEN PUBLISHING OR PRESENTING THESE DATA
#
# Near infrared spectral type: T2
# J magnitude = 14.947
# H magnitude = 14.111
# Ks magnitude = 13.879
#
#  Wavelength (micron)   F_lambda (normalized)  Noise (normalized as F_lambda)
#  ----------------------------------------------------------------------------------
0.649648	-0.0270713	0.0759563
0.651870	0.00611441	0.0629506
0.654080	-0.0392268	0.0623881
0.656280	0.0231882	0.0498356
0.658471	-0.0850877	0.0471004
0.660653	0.0140028	0.0457010
0.662828	0.0396757	0.0462982
0.664997	0.0363411	0.0452561
0.667159	0.0645300	0.0468318
0.669317	-0.0101641	0.0419912
0.671471	-0.0810997	0.0434789
0.673622	-0.0352253	0.0405994
0.675771	0.0182163	0.0437475
0.677918	-0.0629537	0.0402557
0.680065	-0.0241523	0.0366634
0.682212	0.0587522	0.0355314
0.684360	-0.0187999	0.0355927
0.686510	0.0249661	0.0327522
0.688661	-0.0265695	0.0329862
0.690816	0.00936549	0.0314537
0.692975	0.0185734	0.0294252
0.695138	0.0636408	0.0271780
0.697307	0.0405279	0.0266334
0.699480	-0.00862937	0.0244872
0.701661	0.0208030	0.0252046
0.703848	-0.0167092	0.0213493
0.706042	-0.00337402	0.0207744
0.708245	0.0119272	0.0171933
0.710456	0.0169410	0.0148262
0.712676	-0.0223082	0.00952381
0.714906	-0.00142688	0.000428475
0.717146	0.0697808	0.00811561
0.719396	0.0308455	0.0135703
0.721658	0.00202807	0.0158066
0.723931	-0.000411765	0.0172434
0.726216	0.0406843	0.0169280
0.728513	-0.00111374	0.0166661
0.730823	0.00334977	0.0163604
0.733146	-0.00166659	0.0166359
0.735483	0.00278971	0.0155997
0.737834	-0.0202122	0.0152008
0.740199	0.000136491	0.0142579
0.742578	-0.00759711	0.0145889
0.744973	-0.00110001	0.0137838
0.747382	-0.00802393	0.0132655
0.749808	0.00691155	0.0122742
0.752249	0.00112350	0.0127637
0.754706	-0.0129410	0.0121713
0.757179	0.00141075	0.0143409
0.759670	0.00299135	0.0147134
0.762177	-0.0189177	0.0158225
0.764701	-0.0488068	0.0142165
0.767242	-0.0512978	0.0124445
0.769801	-0.0356690	0.0115277
0.772378	0.00844965	0.0136106
0.774973	0.00986335	0.0128804
0.777586	0.0285504	0.0105310
0.780217	-0.0146018	0.0102249
0.782866	0.00240199	0.0109788
0.785535	0.0175977	0.00958668
0.788221	0.00471572	0.00974588
0.790927	-0.0105641	0.00942707
0.793652	0.000725265	0.0101988
0.796395	0.0146439	0.00949686
0.799158	0.00857754	0.0105687
0.801940	0.00621371	0.00908164
0.804742	0.00905290	0.00931148
0.807562	0.00644633	0.00931921
0.810403	0.0145132	0.00963694
0.813263	0.00532849	0.00915562
0.816142	0.0260057	0.00829236
0.819041	0.0170731	0.00969200
0.821960	0.0344479	0.0100280
0.824898	0.0252740	0.00963899
0.827856	0.0115118	0.00823185
0.830834	0.0254885	0.00796798
0.833831	0.0138069	0.00833440
0.836849	0.0405975	0.00855593
0.839886	0.0559084	0.00824161
0.842942	0.0608352	0.00761561
0.846019	0.0268980	0.00741753
0.849114	0.0587815	0.00733544
0.852230	0.0698671	0.00798659
0.855365	0.0665839	0.00750629
0.858520	0.0839491	0.00684870
0.861694	0.0713511	0.00676716
0.864887	0.0784085	0.00684422
0.868100	0.0828803	0.00647202
0.871332	0.0849213	0.00677964
0.874583	0.0872600	0.00656874
0.877853	0.117534	0.00695511
0.881142	0.112553	0.00687941
0.884450	0.115371	0.00694942
0.887777	0.123903	0.00667830
0.891123	0.124338	0.00660561
0.894487	0.121231	0.00661745
0.897870	0.136117	0.00666368
0.901271	0.152870	0.00617516
0.904691	0.166968	0.00613123
0.908128	0.191960	0.00592658
0.911584	0.194696	0.00609403
0.915058	0.198319	0.00600347
0.918549	0.217446	0.00600326
0.922058	0.216023	0.00657652
0.925584	0.202631	0.00685778
0.929128	0.187687	0.00699033
0.932688	0.201361	0.00699786
0.936266	0.220715	0.00733677
0.939861	0.245775	0.00700759
0.943472	0.266862	0.00666065
0.947100	0.271504	0.00654630
0.950744	0.271091	0.00628706
0.954405	0.272524	0.00587390
0.958081	0.280656	0.00554346
0.961773	0.285212	0.00554662
0.965482	0.307721	0.00557037
0.969205	0.333454	0.00566746
0.972944	0.347590	0.00549017
0.976698	0.367862	0.00598500
0.980467	0.401903	0.00619558
0.984251	0.415477	0.00586740
0.988049	0.401760	0.00554012
0.991862	0.391208	0.00565653
0.995689	0.413443	0.00570691
0.999530	0.417039	0.00570406
1.00338	0.434435	0.00523051
1.00725	0.465142	0.00520933
1.01113	0.483310	0.00528252
1.01503	0.499371	0.00566212
1.01894	0.520802	0.00565069
1.02286	0.563736	0.00573887
1.02679	0.579517	0.00564974
1.03074	0.587857	0.00573336
1.03470	0.614709	0.00568015
1.03867	0.637882	0.00560472
1.04265	0.632655	0.00573476
1.04664	0.659588	0.00531232
1.05065	0.672190	0.00501973
1.05466	0.688062	0.00478402
1.05869	0.711227	0.00459849
1.06273	0.721074	0.00465835
1.06678	0.744391	0.00491338
1.07084	0.743991	0.00505810
1.07490	0.771590	0.00526049
1.07898	0.770237	0.00545358
1.08307	0.777900	0.00577644
1.08717	0.735672	0.00542500
1.09128	0.674998	0.00513898
1.09539	0.604486	0.00492067
1.09952	0.566349	0.00485825
1.10365	0.520472	0.00459650
1.10780	0.489162	0.00424456
1.11195	0.453441	0.00408218
1.11610	0.438087	0.00399635
1.12027	0.453702	0.00405321
1.12444	0.463187	0.00430855
1.12863	0.450688	0.00459119
1.13282	0.432528	0.00456109
1.13701	0.423421	0.00477494
1.14121	0.446752	0.00475901
1.14542	0.458206	0.00462811
1.14964	0.481801	0.00477459
1.15386	0.470786	0.00455825
1.15809	0.458163	0.00454335
1.16232	0.448657	0.00421370
1.16656	0.448009	0.00392071
1.17080	0.438555	0.00364615
1.17505	0.461324	0.00342764
1.17931	0.498729	0.00331308
1.18357	0.545600	0.00332272
1.18783	0.599179	0.00339342
1.19210	0.638946	0.00378832
1.19637	0.671827	0.00409010
1.20065	0.702788	0.00419933
1.20493	0.730831	0.00444393
1.20921	0.748570	0.00439543
1.21350	0.801670	0.00441674
1.21779	0.824142	0.00451448
1.22208	0.858276	0.00445747
1.22638	0.887975	0.00454313
1.23068	0.902581	0.00441420
1.23498	0.905258	0.00423447
1.23928	0.914423	0.00405535
1.24359	0.900158	0.00381105
1.24790	0.905377	0.00372813
1.25221	0.942408	0.00381997
1.25652	0.977317	0.00396845
1.26083	1.00957	0.00441239
1.26514	1.02940	0.00474511
1.26946	1.03483	0.00518136
1.27377	1.04725	0.00543276
1.27809	1.03300	0.00499063
1.28241	0.995479	0.00479068
1.28673	0.986859	0.00457366
1.29104	0.971193	0.00440758
1.29536	0.960688	0.00452579
1.29968	0.954414	0.00432603
1.30400	0.931780	0.00441064
1.30832	0.921520	0.00438893
1.31263	0.909359	0.00421402
1.31695	0.880879	0.00399344
1.32126	0.800289	0.00377334
1.32558	0.687093	0.00349072
1.32989	0.521761	0.00315102
1.33420	0.362361	0.00273613
1.33852	0.240021	0.00255499
1.34282	0.184897	0.00249125
1.34713	0.157414	0.00263920
1.35144	0.137767	0.00306611
1.35574	0.131204	0.00360436
1.36004	0.132206	0.00461648
1.36434	0.143042	0.00577999
1.36864	0.151945	0.00538837
1.37294	0.158531	0.00478165
1.37723	0.181402	0.00502081
1.38152	0.176987	0.00503310
1.38581	0.178079	0.00518614
1.39009	0.176005	0.00491952
1.39437	0.170220	0.00477178
1.39865	0.165765	0.00502065
1.40292	0.153506	0.00545727
1.40719	0.152599	0.00555431
1.41146	0.147223	0.00546704
1.41573	0.127937	0.00502433
1.41999	0.138453	0.00433488
1.42424	0.138184	0.00375157
1.42850	0.147597	0.00364097
1.43274	0.156612	0.00375709
1.43699	0.160776	0.00361803
1.44123	0.167084	0.00355607
1.44547	0.177384	0.00383846
1.44970	0.195366	0.00405296
1.45393	0.213790	0.00441319
1.45815	0.228036	0.00440994
1.46237	0.231751	0.00426909
1.46658	0.236293	0.00418715
1.47079	0.241560	0.00395345
1.47499	0.255465	0.00425429
1.47919	0.267025	0.00425808
1.48339	0.281989	0.00444314
1.48758	0.286941	0.00421808
1.49176	0.304323	0.00374319
1.49594	0.314051	0.00346310
1.50011	0.320078	0.00441236
1.50428	0.358113	0.00515223
1.50844	0.357976	0.00476864
1.51260	0.383668	0.00433234
1.51675	0.405048	0.00374493
1.52090	0.421578	0.00417294
1.52504	0.438363	0.00458935
1.52917	0.458801	0.00487079
1.53330	0.487848	0.00456877
1.53742	0.517734	0.00462769
1.54154	0.541534	0.00421824
1.54565	0.573517	0.00413464
1.54976	0.599484	0.00516790
1.55386	0.599386	0.00414644
1.55795	0.610478	0.00440238
1.56204	0.628734	0.00443192
1.56612	0.643225	0.00422606
1.57020	0.675824	0.00388177
1.57426	0.690842	0.00369678
1.57833	0.707661	0.00471179
1.58238	0.725066	0.00511559
1.58643	0.726424	0.00499785
1.59048	0.733285	0.00446593
1.59452	0.751113	0.00371455
1.59855	0.745120	0.00428437
1.60257	0.739304	0.00459251
1.60659	0.734114	0.00505896
1.61060	0.709271	0.00534502
1.61461	0.697341	0.00461322
1.61861	0.687527	0.00469803
1.62260	0.666906	0.00434194
1.62659	0.659843	0.00413039
1.63057	0.654549	0.00404717
1.63454	0.663525	0.00391859
1.63851	0.653350	0.00414131
1.64247	0.666617	0.00418084
1.64642	0.664824	0.00425621
1.65037	0.684118	0.00413384
1.65431	0.682484	0.00377633
1.65824	0.678679	0.00326338
1.66217	0.658061	0.00373675
1.66609	0.625434	0.00469678
1.67001	0.597568	0.00474807
1.67391	0.598760	0.00461621
1.67782	0.618271	0.00371931
1.68171	0.630569	0.00327119
1.68560	0.629729	0.00389909
1.68948	0.623759	0.00418128
1.69336	0.615436	0.00438742
1.69722	0.594035	0.00451671
1.70109	0.585126	0.00419231
1.70494	0.582902	0.00423351
1.70879	0.563665	0.00402935
1.71263	0.545149	0.00381453
1.71647	0.541014	0.00372464
1.72030	0.523905	0.00350968
1.72412	0.508252	0.00344896
1.72794	0.490520	0.00351998
1.73175	0.475646	0.00357389
1.73555	0.451052	0.00360965
1.73935	0.435654	0.00374943
1.74314	0.413942	0.00363992
1.74692	0.397832	0.00335444
1.75070	0.377001	0.00301022
1.75447	0.356796	0.00261337
1.75824	0.350764	0.00300288
1.76200	0.338969	0.00400969
1.76575	0.324562	0.00460654
1.76950	0.302220	0.00411752
1.77324	0.286399	0.00319634
1.77697	0.271801	0.00266353
1.78070	0.260952	0.00291282
1.78442	0.249221	0.00371648
1.78814	0.232683	0.00349562
1.79185	0.237671	0.00366334
1.79555	0.239213	0.00384114
1.79925	0.227729	0.00393932
1.80294	0.202050	0.00428386
1.80662	0.199559	0.00423244
1.81030	0.220207	0.00419421
1.81397	0.219147	0.00413018
1.81764	0.221467	0.00412048
1.82130	0.226032	0.00390781
1.82496	0.231672	0.00457080
1.82861	0.230878	0.00481470
1.83225	0.218518	0.00484916
1.83589	0.206642	0.00517941
1.83952	0.203973	0.00565333
1.84315	0.207225	0.00602325
1.84677	0.196717	0.00628877
1.85038	0.182300	0.00618749
1.85399	0.187908	0.00595778
1.85760	0.172371	0.00513214
1.86119	0.162278	0.00416845
1.86479	0.158710	0.00455201
1.86837	0.151255	0.00629974
1.87196	0.164504	0.00876987
1.87553	0.206936	0.00752092
1.87910	0.209780	0.00550910
1.88267	0.214538	0.00382739
1.88623	0.212371	0.00351564
1.88978	0.223780	0.00352428
1.89333	0.225172	0.00354630
1.89687	0.241524	0.00398215
1.90041	0.232983	0.00457263
1.90394	0.247080	0.00490358
1.90747	0.252301	0.00473667
1.91099	0.257988	0.00436880
1.91451	0.262067	0.00423445
1.91802	0.269248	0.00469148
1.92153	0.257546	0.00494491
1.92503	0.243210	0.00469280
1.92853	0.228723	0.00430329
1.93202	0.200805	0.00355302
1.93551	0.191311	0.00331554
1.93899	0.181926	0.00309586
1.94246	0.175684	0.00275257
1.94594	0.181771	0.00268191
1.94940	0.182293	0.00295531
1.95286	0.182529	0.00346543
1.95632	0.172326	0.00369179
1.95977	0.180679	0.00371283
1.96322	0.185673	0.00360801
1.96666	0.189533	0.00358713
1.97010	0.199600	0.00348665
1.97353	0.200418	0.00339250
1.97696	0.200306	0.00305037
1.98038	0.207622	0.00276249
1.98380	0.208502	0.00234148
1.98721	0.209404	0.00221499
1.99062	0.214569	0.00216861
1.99402	0.216246	0.00270672
1.99742	0.225106	0.00407026
2.00082	0.234258	0.00534534
2.00421	0.237844	0.00594442
2.00759	0.231323	0.00490045
2.01097	0.244353	0.00393890
2.01435	0.253975	0.00372781
2.01772	0.257032	0.00344966
2.02109	0.275160	0.00345826
2.02445	0.276882	0.00351681
2.02781	0.280378	0.00337582
2.03116	0.292678	0.00360420
2.03451	0.300821	0.00310344
2.03785	0.303702	0.00344016
2.04119	0.311457	0.00327066
2.04453	0.313338	0.00330759
2.04786	0.325353	0.00304009
2.05118	0.322011	0.00352515
2.05450	0.333806	0.00388294
2.05782	0.339391	0.00370496
2.06113	0.349766	0.00330072
2.06444	0.346485	0.00274791
2.06774	0.352995	0.00302660
2.07104	0.358235	0.00316862
2.07434	0.358656	0.00300333
2.07763	0.358844	0.00277068
2.08091	0.359466	0.00254273
2.08419	0.367923	0.00262876
2.08747	0.370723	0.00273787
2.09074	0.372671	0.00268118
2.09400	0.371328	0.00252189
2.09727	0.373400	0.00239314
2.10053	0.368038	0.00241781
2.10378	0.370144	0.00259059
2.10703	0.373393	0.00279342
2.11027	0.375016	0.00284064
2.11351	0.375472	0.00287001
2.11675	0.371313	0.00280442
2.11998	0.369888	0.00284079
2.12320	0.373778	0.00283486
2.12642	0.371466	0.00275302
2.12964	0.369629	0.00268336
2.13285	0.368163	0.00252080
2.13606	0.365838	0.00245757
2.13926	0.360892	0.00233662
2.14246	0.363448	0.00230749
2.14565	0.357970	0.00264680
2.14884	0.359209	0.00316456
2.15203	0.359175	0.00332440
2.15521	0.343909	0.00353110
2.15838	0.342724	0.00303494
2.16155	0.334912	0.00341715
2.16472	0.338205	0.00264580
2.16788	0.332820	0.00269919
2.17103	0.331837	0.00268250
2.17419	0.329383	0.00315307
2.17733	0.328919	0.00285394
2.18047	0.320736	0.00288313
2.18361	0.314915	0.00296478
2.18674	0.309293	0.00274927
2.18987	0.305782	0.00270314
2.19299	0.294220	0.00297302
2.19611	0.284644	0.00300814
2.19922	0.267063	0.00305658
2.20233	0.250792	0.00277824
2.20543	0.238840	0.00262499
2.20853	0.238775	0.00282250
2.21162	0.242519	0.00288624
2.21471	0.249680	0.00280549
2.21779	0.246373	0.00268881
2.22087	0.244205	0.00266169
2.22394	0.247033	0.00250771
2.22701	0.242912	0.00268271
2.23007	0.242576	0.00281046
2.23313	0.234568	0.00276790
2.23618	0.233426	0.00270344
2.23923	0.228270	0.00245470
2.24227	0.217855	0.00242286
2.24531	0.216367	0.00248232
2.24834	0.215938	0.00265398
2.25137	0.212979	0.00265641
2.25439	0.208087	0.00257797
2.25741	0.212644	0.00255392
2.26042	0.206963	0.00249542
2.26342	0.203614	0.00250633
2.26642	0.199747	0.00255202
2.26942	0.202061	0.00257598
2.27241	0.197271	0.00264187
2.27540	0.200266	0.00264575
2.27838	0.194333	0.00258430
2.28135	0.192256	0.00256720
2.28432	0.186827	0.00255663
2.28729	0.191785	0.00258065
2.29024	0.182445	0.00259385
2.29320	0.171525	0.00260162
2.29615	0.154688	0.00269633
2.29909	0.154428	0.00270853
2.30203	0.155543	0.00274405
2.30496	0.155596	0.00268794
2.30789	0.155689	0.00262552
2.31082	0.168683	0.00260858
2.31373	0.164738	0.00266131
2.31665	0.150238	0.00275494
2.31956	0.140920	0.00284442
2.32246	0.133897	0.00281505
2.32536	0.134259	0.00271897
2.32825	0.135104	0.00271907
2.33114	0.131269	0.00272714
2.33402	0.131756	0.00275649
2.33690	0.132592	0.00281129
2.33977	0.134323	0.00287293
2.34264	0.134989	0.00294671
2.34550	0.133762	0.00302026
2.34836	0.139306	0.00310808
2.35121	0.138425	0.00319809
2.35406	0.143140	0.00328763
2.35691	0.145727	0.00316081
2.35975	0.144817	0.00308025
2.36258	0.149103	0.00305101
2.36541	0.148170	0.00312378
2.36824	0.147596	0.00344121
2.37106	0.139113	0.00355941
2.37388	0.132278	0.00354414
2.37669	0.132941	0.00342069
2.37950	0.133335	0.00336019
2.38231	0.136691	0.00346722
2.38511	0.131174	0.00362616
2.38791	0.135567	0.00386268
2.39070	0.141985	0.00403392
2.39349	0.151190	0.00373964
2.39628	0.159038	0.00362232
2.39906	0.160774	0.00347472
2.40184	0.159082	0.00353415
2.40462	0.159162	0.00365986
2.40739	0.157172	0.00369073
2.41016	0.157816	0.00377388
2.41293	0.154621	0.00398492
2.41570	0.154725	0.00426795
2.41846	0.159346	0.00430529
2.42122	0.161875	0.00413726
2.42398	0.153915	0.00382871
2.42673	0.159372	0.00371932
2.42949	0.154373	0.00385062
2.43224	0.159455	0.00447416
2.43499	0.159211	0.00471946
2.43774	0.152310	0.00456301
2.44048	0.159943	0.00417325
2.44323	0.159129	0.00444899
2.44597	0.156342	0.00500181
2.44872	0.150657	0.00543375
2.45146	0.137577	0.00561476
2.45421	0.145095	0.00471308
2.45695	0.148893	0.00430731
2.45969	0.147850	0.00451402
2.46244	0.150340	0.00473504
2.46518	0.156145	0.00513826
2.46793	0.0368292	0.00370587
2.47067	0.134317	0.00633253
2.47342	0.122795	0.00586803
2.47617	0.121398	0.00561126
2.47893	0.132587	0.00572554
2.48168	0.133821	0.00654221
2.48444	0.125514	0.00736849
2.48720	0.126643	0.00758621
2.48996	0.126864	0.00771414
2.49273	0.110448	0.00800204
2.49550	0.131475	0.00741641
2.49827	0.137441	0.00687556
2.50105	0.126109	0.00696255
2.50383	0.121189	0.00781960
2.50662	0.118097	0.00842783
2.50942	0.125367	0.00909658
2.51222	0.122892	0.0101293
2.51502	0.101912	0.0128089
2.51784	0.115045	0.0131178
2.52066	0.107946	0.0122647
2.52349	0.0859138	0.0118639
2.52632	0.0786392	0.0135384
2.52917	0.0785388	0.0176358
2.53202	0.0856341	0.0229199
2.53489	0.0759751	0.0257044
2.53776	0.108321	0.0251236
2.54065	0.0924812	0.0223178
2.54354	0.111867	0.0270220
2.54645	0.0440650	0.0356011
2.54937	0.105871	0.0454937
2.55230	0.124056	0.0464065
2.55524	0.151830	0.0395560
2.55820	0.115816	0.0265497
2.56117	0.114807	0.0242479
