#  ----------------------------------------------------------------------------------
# SpeX prism spectrum of ULAS J141623.94+134836.3 (J14162394+1348363)
# Originally observed on 2010 Jan 23
# Average resolution = 120
#
# PLEASE CITE THE ORIGINAL DATA REFERENCE WHEN PUBLISHING OR PRESENTING THESE DATA
#
# Optical spectral type: T7.5
#
#  Wavelength (micron)   F_lambda (normalized)  Noise (normalized as F_lambda)
#  ----------------------------------------------------------------------------------
0.640786	-0.417916	0.528387
0.643063	-0.312092	0.453265
0.645324	0.306350	0.455046
0.647571	0.279072	0.451992
0.649805	0.307655	0.480305
0.652026	0.285499	0.451338
0.654236	0.413710	0.439228
0.656435	-0.492658	0.385432
0.658626	0.283425	0.361222
0.660807	-0.170564	0.316024
0.662982	0.792708	0.338133
0.665150	-0.302324	0.329255
0.667312	0.0343912	0.361699
0.669469	-0.724561	0.395998
0.671623	0.274934	0.346409
0.673774	0.433082	0.286065
0.675923	0.521318	0.319377
0.678070	0.199741	0.276815
0.680217	0.178010	0.270831
0.682364	-0.0668868	0.265376
0.684512	0.620895	0.254771
0.686662	0.264228	0.260724
0.688814	0.368197	0.244236
0.690969	0.207229	0.223109
0.693128	0.429183	0.256927
0.695291	0.0113202	0.201291
0.697460	0.210400	0.204027
0.699634	0.0769511	0.186307
0.701815	0.299690	0.180174
0.704003	0.108805	0.179756
0.706198	0.248408	0.176214
0.708401	0.252621	0.167010
0.710612	0.358393	0.162499
0.712833	0.100393	0.149778
0.715064	0.00873145	0.160251
0.717304	0.412523	0.149074
0.719556	0.348501	0.146235
0.721818	-0.0160157	0.140476
0.724092	0.0537631	0.138349
0.726378	0.0944089	0.129210
0.728676	-0.237367	0.131896
0.730987	0.140572	0.123406
0.733311	0.167332	0.121317
0.735649	-0.0301921	0.112510
0.738000	0.184042	0.113782
0.740366	-0.0702398	0.100068
0.742747	-0.191797	0.107386
0.745142	0.193334	0.0970642
0.747553	0.0392893	0.0977541
0.749980	0.0498804	0.0882385
0.752422	-0.0882716	0.0897334
0.754880	-0.00453928	0.0880567
0.757355	-0.0494404	0.0956662
0.759846	-0.233477	0.109337
0.762355	-0.0786621	0.118036
0.764880	-0.109743	0.103707
0.767423	0.0109754	0.0955029
0.769983	0.0264016	0.0809944
0.772561	0.0657521	0.0775359
0.775157	-0.0759493	0.0736274
0.777771	0.0895288	0.0730655
0.780404	0.0347184	0.0699379
0.783054	-0.00644250	0.0714362
0.785724	0.102754	0.0675011
0.788412	0.0518937	0.0669107
0.791119	0.196178	0.0659158
0.793845	0.193682	0.0657345
0.796590	0.122753	0.0646202
0.799354	0.0786957	0.0651385
0.802137	0.0255308	0.0616671
0.804940	-0.00617067	0.0611685
0.807763	0.0373724	0.0581356
0.810604	0.00591811	0.0597593
0.813465	0.0622655	0.0573273
0.816346	0.0919062	0.0593573
0.819247	-0.112394	0.0547902
0.822167	0.203785	0.0555654
0.825107	0.0208135	0.0539096
0.828066	0.0759764	0.0551442
0.831045	0.0594026	0.0518087
0.834044	-0.0186608	0.0530280
0.837063	0.105606	0.0521173
0.840101	0.106220	0.0534817
0.843159	0.0987618	0.0506117
0.846237	0.124034	0.0509760
0.849334	0.0325499	0.0474506
0.852451	0.0581130	0.0464956
0.855587	-0.0363693	0.0434640
0.858743	0.156138	0.0450683
0.861919	0.0317823	0.0452262
0.865113	0.139141	0.0450236
0.868327	0.202394	0.0434658
0.871561	0.0436243	0.0428702
0.874813	0.0379362	0.0418500
0.878085	0.130486	0.0430202
0.881376	0.0891977	0.0421742
0.884685	0.0134392	0.0433126
0.888013	0.0964193	0.0408428
0.891360	-0.0263101	0.0411775
0.894726	0.0388505	0.0407823
0.898110	0.0799524	0.0406749
0.901513	0.0303933	0.0381168
0.904933	0.0679746	0.0393120
0.908372	0.155773	0.0376526
0.911829	0.0601034	0.0386949
0.915304	0.0994724	0.0368575
0.918796	0.105190	0.0369579
0.922306	0.109199	0.0349611
0.925834	0.0722473	0.0361657
0.929379	0.115837	0.0381749
0.932941	0.146655	0.0414393
0.936520	0.108850	0.0416530
0.940115	0.109080	0.0417115
0.943728	0.160768	0.0397445
0.947357	0.144789	0.0395525
0.951002	0.175410	0.0377987
0.954664	0.0649747	0.0355471
0.958342	0.0790540	0.0324986
0.962035	0.0780014	0.0331008
0.965744	0.166179	0.0308455
0.969469	0.114996	0.0303470
0.973209	0.245340	0.0282100
0.976964	0.203806	0.0286065
0.980734	0.285959	0.0272276
0.984519	0.326998	0.0277691
0.988318	0.371224	0.0277985
0.992132	0.437104	0.0287868
0.995960	0.404476	0.0280584
0.999802	0.431134	0.0283537
1.00366	0.466530	0.0263886
1.00753	0.487387	0.0264944
1.01141	0.519615	0.0263957
1.01531	0.537697	0.0279505
1.01921	0.578475	0.0269853
1.02314	0.613701	0.0273460
1.02707	0.623856	0.0263540
1.03102	0.668452	0.0267966
1.03498	0.668701	0.0260991
1.03895	0.639054	0.0252049
1.04293	0.711204	0.0246311
1.04692	0.726602	0.0232523
1.05093	0.730277	0.0214889
1.05495	0.725171	0.0207866
1.05898	0.748092	0.0188130
1.06301	0.722164	0.0196574
1.06706	0.718197	0.0204951
1.07112	0.645770	0.0217528
1.07519	0.675105	0.0220915
1.07927	0.682137	0.0233932
1.08336	0.669479	0.0227162
1.08746	0.668855	0.0235289
1.09157	0.461166	0.0227120
1.09568	0.407415	0.0221290
1.09981	0.258222	0.0216549
1.10395	0.203702	0.0201700
1.10809	0.127177	0.0187254
1.11224	0.0529512	0.0184331
1.11640	0.0539714	0.0181378
1.12057	0.0499657	0.0193954
1.12474	0.0601398	0.0206554
1.12892	0.0305162	0.0232219
1.13311	0.112872	0.0224435
1.13731	0.0860700	0.0239675
1.14151	0.0297553	0.0234477
1.14572	0.0255301	0.0230602
1.14994	0.0519024	0.0234467
1.15416	0.0318517	0.0216795
1.15839	0.111600	0.0205985
1.16262	0.0871130	0.0192857
1.16686	0.00988370	0.0176645
1.17110	0.0914522	0.0161367
1.17535	0.0929453	0.0144283
1.17961	0.163487	0.0137495
1.18387	0.176641	0.0127541
1.18813	0.245978	0.0130131
1.19240	0.291553	0.0143189
1.19667	0.304591	0.0165986
1.20095	0.380316	0.0169947
1.20523	0.393271	0.0183264
1.20951	0.450202	0.0181639
1.21380	0.487308	0.0178002
1.21809	0.513046	0.0183849
1.22239	0.546534	0.0179039
1.22668	0.638287	0.0178092
1.23098	0.619684	0.0174291
1.23528	0.669651	0.0162651
1.23959	0.784781	0.0151159
1.24389	0.836273	0.0141489
1.24820	0.861434	0.0137389
1.25251	0.944762	0.0138105
1.25682	1.02212	0.0146732
1.26113	1.04841	0.0163832
1.26545	1.09566	0.0188873
1.26976	1.10937	0.0213268
1.27408	1.10061	0.0232255
1.27840	1.02808	0.0211066
1.28271	1.00980	0.0198556
1.28703	0.923204	0.0186983
1.29135	0.856544	0.0174789
1.29567	0.835945	0.0177015
1.29999	0.732428	0.0171819
1.30430	0.717928	0.0176549
1.30862	0.667624	0.0174842
1.31294	0.634770	0.0172446
1.31725	0.563824	0.0154747
1.32157	0.420328	0.0141827
1.32588	0.298238	0.0132126
1.33020	0.223630	0.0129866
1.33451	0.0835378	0.0117371
1.33882	0.0526518	0.0120754
1.34313	0.0315010	0.0127580
1.34744	0.00587955	0.0141851
1.35174	0.0272373	0.0179095
1.35605	0.00323776	0.0257715
1.36035	0.0953677	0.0374589
1.36465	0.000495586	0.0469558
1.36895	-0.0264899	0.0452935
1.37324	0.0394294	0.0358192
1.37753	0.0725949	0.0357586
1.38182	0.142652	0.0339189
1.38611	-0.0621839	0.0340507
1.39039	-0.00416154	0.0314979
1.39467	0.0267951	0.0319738
1.39895	0.0225164	0.0333630
1.40322	0.0316559	0.0339023
1.40750	0.0590259	0.0331597
1.41176	0.0516170	0.0314793
1.41603	0.0354249	0.0277831
1.42029	0.101663	0.0238959
1.42454	-0.0228916	0.0197730
1.42880	0.0360621	0.0188598
1.43304	0.00994357	0.0191243
1.43729	0.0174297	0.0185980
1.44153	0.0107811	0.0169576
1.44577	0.0388839	0.0186447
1.45000	0.0577275	0.0195224
1.45422	0.0525384	0.0206868
1.45845	0.0166823	0.0205326
1.46266	0.0836879	0.0193269
1.46688	-0.00909548	0.0189038
1.47109	0.0526446	0.0181926
1.47529	0.0781944	0.0191665
1.47949	0.0550582	0.0192022
1.48368	0.0685977	0.0202183
1.48787	0.0395105	0.0190691
1.49206	0.103516	0.0167010
1.49623	0.0799933	0.0150548
1.50041	0.0741820	0.0193218
1.50457	0.129437	0.0214369
1.50874	0.0838005	0.0213812
1.51289	0.155764	0.0188583
1.51704	0.138567	0.0157433
1.52119	0.175454	0.0175696
1.52533	0.213910	0.0194789
1.52946	0.234169	0.0207653
1.53359	0.266114	0.0194121
1.53772	0.319504	0.0196236
1.54183	0.327851	0.0176168
1.54594	0.413102	0.0168038
1.55005	0.424520	0.0168646
1.55415	0.431397	0.0162614
1.55824	0.465831	0.0176325
1.56233	0.495135	0.0177491
1.56641	0.527036	0.0169195
1.57048	0.514258	0.0153585
1.57455	0.578888	0.0140751
1.57861	0.604484	0.0193123
1.58267	0.578625	0.0217106
1.58672	0.558623	0.0212164
1.59076	0.536265	0.0182783
1.59480	0.511541	0.0141249
1.59883	0.477980	0.0168651
1.60286	0.407474	0.0190008
1.60688	0.352166	0.0209113
1.61089	0.283242	0.0204474
1.61489	0.219265	0.0189143
1.61889	0.148397	0.0192690
1.62288	0.145362	0.0169013
1.62687	0.129795	0.0165072
1.63085	0.112818	0.0163219
1.63482	0.113956	0.0151519
1.63879	0.106850	0.0163006
1.64275	0.0966260	0.0167745
1.64670	0.139392	0.0172688
1.65065	0.123642	0.0167497
1.65459	0.126549	0.0146732
1.65852	0.123255	0.0123943
1.66245	0.120567	0.0136521
1.66637	0.0388740	0.0191996
1.67028	0.0648878	0.0206275
1.67419	0.117071	0.0197388
1.67809	0.0768152	0.0149768
1.68199	0.133023	0.0119691
1.68587	0.105564	0.0154740
1.68975	0.122285	0.0175771
1.69363	0.0844865	0.0183615
1.69750	0.113792	0.0193804
1.70136	0.0572260	0.0177710
1.70521	0.0792359	0.0178928
1.70906	0.0728879	0.0170771
1.71290	0.0437639	0.0157333
1.71674	0.0783148	0.0153624
1.72057	0.0921950	0.0146229
1.72439	0.109151	0.0141472
1.72821	0.0695772	0.0146154
1.73202	0.0427037	0.0148119
1.73582	0.0897329	0.0156055
1.73962	0.0667418	0.0165039
1.74341	0.0742254	0.0164485
1.74719	0.0534926	0.0150604
1.75097	0.0582227	0.0132483
1.75474	0.0621308	0.0108975
1.75850	0.0836679	0.0130392
1.76226	0.0807126	0.0186184
1.76602	0.0598350	0.0200531
1.76976	0.0487583	0.0195256
1.77350	0.0170593	0.0147214
1.77723	0.0453569	0.0113538
1.78096	0.0403486	0.0129617
1.78468	0.0181319	0.0164318
1.78840	0.0239058	0.0168428
1.79211	0.0295309	0.0176606
1.79581	0.0493235	0.0194768
1.79951	0.0472133	0.0205764
1.80320	0.0384012	0.0229978
1.80688	0.0419231	0.0233834
1.81056	0.0413229	0.0230362
1.81423	0.0545784	0.0231142
1.81790	0.00248400	0.0236176
1.82156	0.0394858	0.0224716
1.82522	-0.0470442	0.0255587
1.82887	-0.0191896	0.0278062
1.83251	-0.0758924	0.0334239
1.83615	0.00292866	0.0403495
1.83978	-0.0203290	0.0460919
1.84340	-0.0183046	0.0471864
1.84702	0.0228108	0.0451049
1.85064	0.0481874	0.0467972
1.85425	-0.00722521	0.0467390
1.85785	0.0760017	0.0400984
1.86145	-0.0209791	0.0336290
1.86504	-0.0452450	0.0347236
1.86863	-0.0361806	0.0492913
1.87221	0.0312616	0.0745240
1.87578	0.00713483	0.0570031
1.87935	-0.0289697	0.0354179
1.88292	0.00131066	0.0249301
1.88648	0.0215540	0.0236584
1.89003	0.0207893	0.0236113
1.89358	0.0321134	0.0247748
1.89712	0.00491991	0.0298953
1.90066	0.0569778	0.0352357
1.90419	-0.0101625	0.0404795
1.90772	0.0945256	0.0371295
1.91124	0.0571355	0.0333898
1.91476	0.0411553	0.0301519
1.91827	-0.0515443	0.0306134
1.92178	-9.42858e-05	0.0300996
1.92528	0.0361558	0.0294659
1.92877	0.0245628	0.0268835
1.93227	0.0176767	0.0229341
1.93575	0.000555301	0.0198263
1.93923	-0.0163744	0.0179956
1.94271	0.0223252	0.0158465
1.94618	-0.0192048	0.0153721
1.94965	0.0192804	0.0173986
1.95311	-0.00935859	0.0199352
1.95656	0.0344233	0.0212673
1.96002	0.0283078	0.0212609
1.96346	-0.0151535	0.0197209
1.96690	0.00998385	0.0191290
1.97034	0.0154770	0.0181050
1.97377	0.00231129	0.0176056
1.97720	-0.00575311	0.0155685
1.98062	0.0322366	0.0140873
1.98404	0.0234474	0.0116215
1.98745	0.0171924	0.0113345
1.99086	0.00774568	0.0110124
1.99427	0.00157633	0.0140685
1.99766	0.0374405	0.0216854
2.00106	-0.0220026	0.0296878
2.00445	0.0168110	0.0344839
2.00783	0.0615889	0.0282230
2.01121	0.0226987	0.0219847
2.01459	-0.00119900	0.0210542
2.01796	0.0417216	0.0189800
2.02133	0.0519900	0.0180434
2.02469	-0.00805797	0.0185503
2.02804	0.0143352	0.0175876
2.03140	0.0352807	0.0171753
2.03475	0.0429989	0.0157780
2.03809	0.0626836	0.0175059
2.04143	0.0649078	0.0171084
2.04476	0.0297677	0.0173755
2.04809	0.0524898	0.0155453
2.05142	0.0547889	0.0181921
2.05474	0.0271338	0.0206911
2.05805	0.0255363	0.0193358
2.06137	0.0477134	0.0172364
2.06467	0.0532364	0.0138070
2.06798	0.0559498	0.0153764
2.07127	0.0336929	0.0161249
2.07457	0.0126349	0.0152204
2.07786	0.0462273	0.0137719
2.08114	0.0533612	0.0123453
2.08442	0.0125116	0.0127795
2.08770	0.0344633	0.0136986
2.09097	0.0387401	0.0133042
2.09424	0.0345901	0.0124328
2.09750	0.0373496	0.0116482
2.10076	0.0386991	0.0116297
2.10401	0.0307893	0.0129446
2.10726	0.0404942	0.0141690
2.11050	0.0469816	0.0144675
2.11374	0.0167299	0.0148366
2.11697	0.00400729	0.0143168
2.12020	0.0212137	0.0147028
2.12343	0.0370451	0.0147205
2.12665	-0.00358524	0.0142502
2.12987	0.0433368	0.0139750
2.13308	0.0147291	0.0128746
2.13629	0.0213394	0.0124497
2.13949	0.0230142	0.0119792
2.14269	0.0360544	0.0116528
2.14588	0.0466197	0.0136887
2.14907	0.0207701	0.0171451
2.15225	0.0221038	0.0183565
2.15543	0.0109240	0.0182208
2.15861	0.0221162	0.0152951
2.16178	0.0140541	0.0134080
2.16494	0.0297294	0.0131354
2.16810	-0.00325948	0.0136588
2.17126	0.0210088	0.0139206
2.17441	-0.0116623	0.0143815
2.17755	0.0494304	0.0160412
2.18070	0.0146663	0.0165224
2.18383	0.0426546	0.0168151
2.18696	0.0639265	0.0158443
2.19009	0.0113097	0.0153432
2.19321	0.0324701	0.0172201
2.19633	0.0207200	0.0176348
2.19944	0.0254723	0.0179505
2.20255	-0.0124596	0.0170134
2.20565	0.000798124	0.0161508
2.20875	-0.000986248	0.0173102
2.21184	-0.00639789	0.0174331
2.21493	-0.00114316	0.0170930
2.21801	0.00235015	0.0163943
2.22109	-0.0169215	0.0152951
2.22416	0.0103263	0.0156426
2.22723	-0.0167218	0.0165856
2.23029	0.0228713	0.0175919
2.23335	0.0289872	0.0174342
2.23640	0.0332090	0.0171285
2.23944	-0.0119271	0.0161523
2.24249	-0.00613163	0.0159252
2.24552	0.00780007	0.0164533
2.24855	-0.0156719	0.0170693
2.25158	0.00746458	0.0173815
2.25460	-0.0182595	0.0173662
2.25762	0.0138232	0.0173295
2.26063	0.0240052	0.0170688
2.26363	0.0355183	0.0173123
2.26664	0.0111462	0.0177495
2.26963	-0.0146790	0.0180865
2.27262	0.0131954	0.0184731
2.27561	-0.000820140	0.0184425
2.27859	0.0460385	0.0184118
2.28156	0.00868335	0.0187678
2.28453	0.0104873	0.0185303
2.28749	-0.0148755	0.0185700
2.29045	-0.0167307	0.0192508
2.29341	-0.000315853	0.0195107
2.29636	0.00229964	0.0200534
2.29930	0.00543983	0.0201292
2.30224	-0.0268586	0.0201805
2.30517	0.0191021	0.0200915
2.30810	0.0168953	0.0201207
2.31102	0.00775040	0.0196109
2.31394	0.00576258	0.0200354
2.31685	0.00869495	0.0212945
2.31976	-0.0141493	0.0221284
2.32266	-0.000243246	0.0220268
2.32556	0.00193449	0.0212077
2.32845	0.0288705	0.0211188
2.33134	0.0321336	0.0212693
2.33422	-0.00504639	0.0216048
2.33710	-0.0150412	0.0221693
2.33997	0.00417966	0.0229795
2.34284	0.0104893	0.0236524
2.34570	-0.0128600	0.0242808
2.34856	-0.0280762	0.0249154
2.35142	-0.0289797	0.0255772
2.35426	0.0311195	0.0259092
2.35711	0.00402223	0.0258232
2.35995	0.0263666	0.0260014
2.36278	-0.000164609	0.0259485
2.36561	0.0112300	0.0256749
2.36844	0.000799991	0.0289557
2.37126	0.00309667	0.0298489
2.37408	-0.0186671	0.0320888
2.37689	0.00499075	0.0305084
2.37970	0.0527851	0.0297322
2.38251	-0.00658783	0.0290893
2.38531	0.0161534	0.0293248
2.38811	-3.40415e-05	0.0299733
2.39090	0.0154951	0.0293237
2.39369	-0.0140712	0.0295063
2.39648	0.0470241	0.0287221
2.39926	0.0522695	0.0287423
2.40204	-0.0181978	0.0296216
2.40482	0.00356810	0.0297674
2.40759	0.00574029	0.0309520
2.41036	0.0252042	0.0316916
2.41313	0.00733953	0.0331775
2.41589	-0.0120783	0.0361744
2.41865	-0.0452319	0.0362320
2.42141	-0.0681666	0.0350295
2.42417	0.0135072	0.0320395
2.42693	0.0192389	0.0310920
2.42968	-0.0136595	0.0326752
2.43243	-0.0884621	0.0381973
2.43518	0.0398738	0.0410002
2.43793	0.0146839	0.0413275
2.44068	-0.0291581	0.0360207
2.44342	-0.0522457	0.0391744
2.44617	0.0310185	0.0453173
2.44891	0.0477136	0.0509697
2.45166	-0.0215405	0.0489471
2.45440	0.00458291	0.0441121
2.45714	-0.0843542	0.0330969
2.45989	0.0309826	0.0360978
2.46263	0.0319456	0.0400175
2.46538	0.0533063	0.0420463
2.46812	-0.0144215	0.0457959
2.47087	0.116197	0.0513666
2.47362	0.0343243	0.0525892
2.47637	0.104813	0.0523083
2.47912	0.0758677	0.0534355
2.48187	0.0200304	0.0631085
2.48463	-0.0329701	0.0722080
2.48739	-0.0633455	0.0753841
2.49015	-0.0215362	0.0797117
2.49292	0.0680473	0.0807399
2.49569	0.00794128	0.0742190
2.49847	0.0951884	0.0671326
2.50125	-0.144581	0.0671326
2.50403	-0.0668229	0.0764589
2.50682	0.153971	0.0846628
2.50961	-0.0435721	0.0918094
2.51242	-0.00830188	0.104676
2.51522	-0.258531	0.139467
2.51804	-0.258231	0.140555
2.52086	-0.117593	0.133034
2.52369	-0.00187937	0.125480
2.52653	0.144416	0.150657
2.52937	0.282306	0.218107
2.53223	0.234712	0.297656
2.53509	-0.0849494	0.369187
2.53797	0.170004	0.369701
2.54085	-0.247980	0.335964
2.54375	0.362668	0.416287
2.54666	-0.395276	0.582507
2.54957	-1.27310	0.958724
