#  ----------------------------------------------------------------------------------
# SpeX prism spectrum of SDSS J143945.86+304220.6 (J14394595+3042212)
# Originally observed on 2005 Jan 23
# Average resolution = 120
# Originally published in Chiu et al. (2006) AJ 131, 2722
#
# PLEASE CITE THE ORIGINAL DATA REFERENCE WHEN PUBLISHING OR PRESENTING THESE DATA
#
# Near infrared spectral type: T2.5
# J magnitude = 17.223
# H magnitude = 16.28
# Ks magnitude = 15.881
#
#  Wavelength (micron)   F_lambda (normalized)  Noise (normalized as F_lambda)
#  ----------------------------------------------------------------------------------
0.649411	-0.439456	3.00468
0.651634	1.15479	1.60568
0.653846	0.323415	0.651222
0.656047	0.260932	0.250207
0.658239	-0.158057	0.197773
0.660422	0.712941	0.0718670
0.662598	0.182286	0.731332
0.664767	0.972860	0.838424
0.666930	0.146939	1.01843
0.669088	-0.539057	0.116640
0.671242	0.649879	0.125975
0.673394	0.483465	0.377804
0.675543	0.112423	0.431239
0.677690	0.0846021	0.752442
0.679837	-0.242625	0.826287
0.681984	-0.458323	0.157889
0.684132	0.0513118	0.180368
0.686281	-0.400153	0.0209555
0.688433	0.359618	0.163798
0.690587	0.426745	0.0743212
0.692746	-0.109598	0.220553
0.694908	0.678518	0.315786
0.697076	0.369506	0.488769
0.699249	0.397924	0.0911550
0.701429	0.101560	0.919051
0.703615	-0.188126	0.224718
0.705809	0.102324	0.146491
0.708010	0.127575	0.0805170
0.710221	0.131103	0.0863504
0.712440	-0.0664174	0.0879437
0.714669	0.570654	0.259549
0.716907	-0.113963	0.212166
0.719157	0.183062	0.262184
0.721417	0.145148	0.253738
0.723689	0.156653	0.249096
0.725972	0.203039	0.0610154
0.728268	0.113538	0.111187
0.730577	-0.146628	0.0210782
0.732899	0.0711854	0.0111835
0.735234	-0.202659	0.154971
0.737583	0.101895	0.133474
0.739947	0.0826841	0.277794
0.742325	0.0299986	0.409551
0.744718	-0.0326331	0.127717
0.747126	-0.0521660	0.0605026
0.749549	0.144468	0.160416
0.751989	0.164566	0.157853
0.754444	-0.0419628	0.0587549
0.756916	-0.0645777	0.00734794
0.759404	0.220462	0.149640
0.761910	0.239886	0.138888
0.764432	0.0479774	0.243918
0.766972	-0.000632608	0.226562
0.769529	-0.182831	0.0167882
0.772104	0.0176301	0.0646683
0.774697	-0.0273818	0.0852364
0.777308	-0.128892	0.237670
0.779937	-0.0447454	0.00248556
0.782584	-0.0790545	0.285815
0.785250	-0.0843503	0.121265
0.787935	0.0490675	0.0838220
0.790639	-0.0729670	0.0417734
0.793361	-0.0260561	0.0299190
0.796103	0.00779389	0.0225326
0.798864	-0.0164310	0.206978
0.801644	0.0157273	0.0648044
0.804443	-0.0519228	0.00576803
0.807262	-0.0512918	0.0900447
0.810100	0.105471	0.0367547
0.812958	0.000539187	0.138653
0.815835	-0.218918	0.161677
0.818732	0.0390230	0.153309
0.821649	-0.0164831	0.0344128
0.824585	0.132118	0.0120857
0.827541	-0.131436	0.0425666
0.830517	0.0255083	0.163972
0.833512	0.0995513	0.0776988
0.836527	-0.0687260	0.0119699
0.839562	0.0864909	0.0504369
0.842617	0.0641847	0.0145596
0.845691	0.190795	0.0317898
0.848785	0.0511962	0.181010
0.851898	0.0928292	0.113573
0.855031	0.119346	0.0311151
0.858184	0.0632379	0.0580970
0.861356	0.108151	0.122813
0.864547	0.135093	0.0262860
0.867758	0.103404	0.0937828
0.870988	0.0734609	0.0508709
0.874237	0.0486143	0.0366038
0.877505	0.0820571	0.111443
0.880792	0.109446	0.00741626
0.884098	0.162158	0.0114918
0.887423	0.197224	0.0615293
0.890767	0.180149	0.0555925
0.894129	0.200061	0.0245723
0.897510	0.335165	0.0899840
0.900909	0.142027	0.0588582
0.904327	0.179635	0.0537470
0.907763	0.209291	0.0504249
0.911216	0.203375	0.0525062
0.914688	0.289993	0.0137235
0.918177	0.221111	0.0291008
0.921684	0.274431	0.0512337
0.925209	0.279222	0.0250995
0.928750	0.138911	0.0411138
0.932309	0.198255	0.0259455
0.935885	0.156441	0.0189896
0.939478	0.267883	0.0263984
0.943088	0.263549	0.00563811
0.946714	0.266315	0.0494817
0.950356	0.207383	0.0236163
0.954015	0.294047	0.0200397
0.957690	0.282947	0.113494
0.961381	0.262641	0.0110413
0.965087	0.329192	0.00548901
0.968809	0.345763	0.0171810
0.972546	0.344379	0.00706504
0.976299	0.348755	0.0145221
0.980066	0.378229	0.0710253
0.983848	0.372995	0.0919903
0.987645	0.411822	0.0820866
0.991456	0.362429	0.0317259
0.995282	0.371756	0.0153805
0.999121	0.390592	0.0853417
1.00297	0.365964	0.106457
1.00684	0.471094	0.0211257
1.01072	0.474210	0.00641098
1.01462	0.465066	0.0408305
1.01852	0.459432	0.0405725
1.02244	0.527336	0.0193136
1.02637	0.582999	0.0169827
1.03032	0.595362	0.0226811
1.03428	0.527492	0.00758796
1.03824	0.612923	0.00484888
1.04223	0.616393	0.0147700
1.04622	0.653846	0.0460906
1.05022	0.642210	0.0545513
1.05424	0.671100	0.0130414
1.05826	0.674498	0.0179990
1.06230	0.723503	0.0152911
1.06635	0.714766	0.0424695
1.07040	0.711675	0.0893594
1.07447	0.738926	0.0211603
1.07855	0.717871	0.00846151
1.08264	0.748866	0.0392099
1.08673	0.772141	0.00823735
1.09084	0.693789	0.0165554
1.09496	0.655449	0.0244543
1.09908	0.578564	0.0292989
1.10321	0.522538	0.0137762
1.10735	0.493701	0.0207026
1.11150	0.464745	0.00181329
1.11566	0.489422	0.0136941
1.11983	0.451866	0.00559151
1.12400	0.489042	0.0286159
1.12818	0.491299	0.0162404
1.13237	0.423601	0.0352013
1.13656	0.451333	0.0381719
1.14077	0.409057	0.0147694
1.14498	0.495203	0.0570376
1.14919	0.488276	0.00235913
1.15341	0.484112	0.0181900
1.15764	0.469370	0.00581997
1.16187	0.426161	0.0130760
1.16611	0.436753	0.0100329
1.17035	0.425641	0.0427129
1.17460	0.422447	0.00530520
1.17886	0.529002	0.00739820
1.18311	0.523124	0.0339852
1.18738	0.602804	0.0399212
1.19165	0.604927	0.0183250
1.19592	0.597064	0.0128653
1.20019	0.625224	0.0164795
1.20447	0.707109	0.0300565
1.20876	0.723162	0.00918395
1.21304	0.789922	0.0379759
1.21733	0.741650	0.0576079
1.22163	0.838385	0.0574066
1.22592	0.857693	0.000400496
1.23022	0.912526	0.0118634
1.23452	0.885058	0.00269300
1.23882	0.835933	0.0233658
1.24313	0.841419	0.0111918
1.24744	0.850818	0.0206258
1.25175	0.935536	0.0251471
1.25606	0.960787	0.0411219
1.26037	0.985952	0.0136099
1.26469	1.02262	0.0178928
1.26900	1.04173	0.0277696
1.27332	0.991887	0.000922229
1.27763	1.00258	0.0297840
1.28195	1.05578	0.00843484
1.28627	1.04470	0.00309539
1.29059	0.983045	0.0385154
1.29490	0.969404	0.0299547
1.29922	0.941521	0.0426672
1.30354	0.931136	0.0185168
1.30786	0.893778	0.0293555
1.31217	0.822257	0.0339958
1.31649	0.785771	0.0189741
1.32081	0.765918	0.00874837
1.32512	0.703932	0.0361953
1.32943	0.561453	0.00180963
1.33375	0.408716	0.00886218
1.33806	0.282612	0.0144121
1.34237	0.242408	0.00792559
1.34668	0.211099	0.00275898
1.35098	0.185304	0.0639000
1.35529	0.166455	0.00497195
1.35959	0.162915	0.0426538
1.36389	0.214548	0.0553919
1.36819	0.135338	0.0164912
1.37248	0.279311	0.0218250
1.37677	0.202360	0.0706563
1.38106	0.248033	0.00402124
1.38535	0.148360	0.0933957
1.38963	0.110950	0.0237199
1.39392	0.133715	0.00535771
1.39819	0.220129	0.0623977
1.40247	0.121473	0.0688320
1.40674	0.172445	0.00130441
1.41101	0.119739	0.100722
1.41527	0.132164	0.00584508
1.41953	0.165585	0.0123711
1.42379	0.154670	0.0108881
1.42804	0.203956	0.0456249
1.43229	0.200393	0.0329262
1.43654	0.166134	0.000944934
1.44078	0.190241	0.0191740
1.44502	0.244555	0.00108478
1.44925	0.214921	0.0305142
1.45348	0.225213	0.00660484
1.45770	0.240754	0.0339515
1.46192	0.252869	0.0260785
1.46613	0.245920	0.00474601
1.47034	0.224004	0.0402608
1.47455	0.256295	0.0254793
1.47875	0.278668	0.0217357
1.48294	0.293265	0.0209369
1.48713	0.279262	0.00433996
1.49132	0.354793	0.0145600
1.49549	0.357712	0.00599292
1.49967	0.342205	0.00519984
1.50384	0.378511	0.0159805
1.50800	0.358082	0.00728153
1.51216	0.415734	0.00691897
1.51631	0.383142	0.0207466
1.52046	0.402876	0.00215373
1.52460	0.428888	0.00616270
1.52873	0.469779	0.0132868
1.53286	0.483931	0.0144134
1.53699	0.494415	0.0299876
1.54110	0.536176	0.00939918
1.54522	0.546713	0.00424651
1.54932	0.580788	0.00409623
1.55342	0.620019	0.0308607
1.55752	0.613625	0.0133257
1.56161	0.615991	0.0115486
1.56569	0.636586	0.0268710
1.56976	0.633114	0.00951639
1.57383	0.686259	0.0285244
1.57790	0.639812	0.0390919
1.58195	0.619672	0.00818685
1.58600	0.708007	0.0100434
1.59005	0.673976	0.0638584
1.59409	0.639420	0.0666875
1.59812	0.646360	0.0325267
1.60215	0.606046	0.0126487
1.60616	0.592880	0.0251907
1.61018	0.591315	0.0403902
1.61418	0.573189	0.0298010
1.61818	0.510310	0.0421017
1.62218	0.541785	0.0385886
1.62616	0.502413	0.0104504
1.63015	0.513268	0.00749423
1.63412	0.462554	0.000199447
1.63809	0.531000	0.0457762
1.64205	0.514174	0.0171123
1.64600	0.461090	0.0297638
1.64995	0.489788	0.0386105
1.65389	0.500930	0.0118163
1.65783	0.530494	0.0292733
1.66175	0.477126	0.0163868
1.66568	0.468934	0.0297395
1.66959	0.438506	0.0193963
1.67350	0.424861	0.0594141
1.67740	0.414548	0.0259280
1.68130	0.465095	0.00877180
1.68519	0.491529	0.00268849
1.68907	0.451322	0.0242478
1.69294	0.505550	0.0309585
1.69681	0.503161	0.00937495
1.70068	0.453006	0.0327600
1.70453	0.427173	0.0105150
1.70838	0.456604	0.0463097
1.71222	0.420024	0.0180258
1.71606	0.432311	0.000344828
1.71989	0.426012	0.0379492
1.72372	0.416927	0.00696138
1.72753	0.425061	0.0373072
1.73134	0.401989	0.0210409
1.73515	0.390731	0.0192521
1.73895	0.383637	0.00948350
1.74274	0.391418	0.00176727
1.74652	0.364171	0.0231362
1.75030	0.348148	0.0300414
1.75407	0.308222	0.00639693
1.75784	0.304293	0.00357705
1.76160	0.253627	0.000846497
1.76535	0.271564	0.0486462
1.76910	0.271142	0.00969239
1.77284	0.239939	0.0154085
1.77657	0.224158	0.0180547
1.78030	0.248065	0.00679308
1.78403	0.230750	0.0273062
1.78774	0.225976	0.00625913
1.79145	0.232838	0.0109070
1.79516	0.219912	0.0184621
1.79885	0.172751	0.0205182
1.80255	0.213653	0.0200726
1.80623	0.164682	0.00352628
1.80991	0.151407	0.0133706
1.81358	0.216832	0.0342102
1.81725	0.164824	0.0273570
1.82091	0.172836	0.0140370
1.82457	0.171738	0.0414311
1.82822	0.243655	0.0101401
1.83187	0.231536	0.0249414
1.83550	0.153917	0.0857619
1.83914	0.166236	0.0656686
1.84276	0.176722	0.0658968
1.84638	0.166866	0.00487884
1.85000	0.259432	0.0326029
1.85361	0.197235	0.0690737
1.85721	0.196878	0.00493263
1.86081	0.116955	0.0167923
1.86441	0.166005	0.0330910
1.86799	0.210076	0.100677
1.87158	0.229646	0.0826445
1.87515	0.216141	0.0346936
1.87872	0.134790	0.0555839
1.88229	0.157169	0.0165181
1.88585	0.209961	0.0166167
1.88940	0.224343	0.0102202
1.89295	0.194388	0.0319588
1.89650	0.253404	0.0271787
1.90004	0.307775	0.00844863
1.90357	0.268572	0.0544084
1.90710	0.244416	0.0128939
1.91062	0.201656	0.0186788
1.91414	0.236747	0.0106243
1.91765	0.157476	0.0534080
1.92116	0.238824	0.0297882
1.92466	0.272040	0.0228652
1.92816	0.166777	0.0548261
1.93165	0.158795	0.0120634
1.93514	0.114881	0.0135730
1.93862	0.158524	0.00252192
1.94210	0.130811	0.00951018
1.94557	0.159815	0.0392444
1.94903	0.180670	0.0340135
1.95250	0.165636	0.0125627
1.95595	0.156016	0.00782495
1.95941	0.154283	0.0153352
1.96285	0.174428	0.0230899
1.96630	0.182882	0.0138096
1.96973	0.167965	0.00567284
1.97317	0.170444	0.0241647
1.97659	0.161659	0.00207980
1.98002	0.182917	0.0232906
1.98344	0.191619	0.00721217
1.98685	0.174833	0.0398241
1.99026	0.183278	0.0184032
1.99366	0.183086	0.00000
1.99706	0.207806	0.00623970
2.00046	0.176623	0.00833241
2.00385	0.218282	0.00695187
2.00723	0.283011	0.0504521
2.01062	0.220273	0.0135986
2.01399	0.234968	0.00676068
2.01736	0.245126	0.0334834
2.02073	0.272950	0.0175192
2.02409	0.243805	0.0154477
2.02745	0.243579	0.0100624
2.03080	0.237379	0.00980694
2.03415	0.244041	0.0105691
2.03750	0.255001	0.00297919
2.04084	0.282621	0.0294676
2.04417	0.321203	0.000876162
2.04750	0.325962	0.0408860
2.05083	0.287882	0.00374286
2.05415	0.276258	0.00386454
2.05747	0.307312	0.00837265
2.06078	0.343226	0.0462406
2.06409	0.298808	0.00847924
2.06739	0.260157	0.0350012
2.07069	0.332412	0.00173000
2.07399	0.273462	0.0211249
2.07728	0.304141	0.0220081
2.08056	0.307327	0.0389363
2.08384	0.321209	0.0415511
2.08712	0.327119	0.00969721
2.09039	0.317665	0.0129082
2.09366	0.310830	0.0136526
2.09692	0.302101	0.00820123
2.10018	0.306351	0.0345817
2.10343	0.315674	0.0159759
2.10668	0.297078	0.00959217
2.10993	0.334500	0.00402827
2.11317	0.290033	0.0176756
2.11640	0.310864	0.0161032
2.11963	0.306922	0.00668889
2.12286	0.296318	0.0248027
2.12608	0.287393	0.0237049
2.12930	0.310213	0.0267858
2.13251	0.296402	0.0160425
2.13572	0.304221	0.0211741
2.13892	0.292243	0.00376767
2.14212	0.291202	0.0298804
2.14532	0.291969	0.0153256
2.14851	0.278392	0.0250325
2.15169	0.267114	0.0203118
2.15487	0.309777	0.0136452
2.15805	0.275752	0.0230080
2.16122	0.258435	0.00000
2.16438	0.278013	0.0225009
2.16754	0.268873	0.0101794
2.17070	0.246196	0.0166702
2.17385	0.282595	0.00710844
2.17700	0.258279	0.00934807
2.18014	0.233378	0.0130366
2.18328	0.196387	0.00926153
2.18641	0.227046	0.0137520
2.18954	0.236955	0.00957503
2.19266	0.233422	0.00906468
2.19578	0.220429	0.00620309
2.19889	0.188212	0.0155440
2.20200	0.191451	0.0470798
2.20510	0.163931	0.00000
2.20820	0.181154	0.00858086
2.21129	0.200781	0.0148016
2.21438	0.160852	0.00820205
2.21746	0.216415	0.00383888
2.22054	0.184904	0.00835640
2.22362	0.164225	0.0154325
2.22668	0.167663	0.0300842
2.22975	0.207566	0.00854068
2.23280	0.183955	0.0154846
2.23586	0.169684	0.00611517
2.23891	0.148572	0.0252077
2.24195	0.168653	0.00841908
2.24499	0.188919	0.00352553
2.24802	0.168200	0.0156762
2.25105	0.165702	0.0485542
2.25407	0.140338	0.0233068
2.25709	0.170779	0.0122939
2.26010	0.141863	0.0178091
2.26310	0.156501	0.0129582
2.26611	0.136809	0.0329644
2.26910	0.137784	0.0136452
2.27209	0.147063	0.0193618
2.27508	0.104039	0.0119201
2.27806	0.120554	0.00177819
2.28104	0.147323	0.0194166
2.28401	0.147994	0.00829309
2.28697	0.143958	0.0254860
2.28993	0.0918145	0.0633640
2.29289	0.115455	0.00699101
2.29584	0.123668	0.0316598
2.29878	0.0901410	0.0198863
2.30172	0.117755	0.00259278
2.30465	0.101704	0.0100839
2.30758	0.121690	0.00520495
2.31051	0.125006	0.0158456
2.31342	0.127336	0.00924623
2.31634	0.119580	0.0176181
2.31925	0.102477	0.0255624
2.32215	0.0643193	0.0171286
2.32505	0.0817442	0.00696671
2.32794	0.0835111	0.0389346
2.33083	0.120686	0.0214694
2.33371	0.0888762	0.0259935
2.33659	0.0991099	0.00722889
2.33947	0.0721571	0.0223744
2.34233	0.0714770	0.0180476
2.34520	0.111582	0.0101877
2.34806	0.124499	0.0527474
2.35091	0.0872246	0.00657964
2.35376	0.0643906	0.0161679
2.35661	0.154184	0.0175616
2.35945	0.119863	0.0246124
2.36228	0.0627834	0.0689227
2.36511	0.130136	0.0172006
2.36794	0.127923	0.0118843
2.37076	0.0803600	0.0359829
2.37358	0.122156	0.00301509
2.37640	0.0743506	0.0158713
2.37921	0.111443	0.00486516
2.38201	0.109096	0.0350675
2.38481	0.101330	0.0109773
2.38761	0.0583692	0.0100071
2.39041	0.0904458	0.0338729
2.39320	0.186103	0.0414275
2.39598	0.0983468	0.0138723
2.39877	0.0849360	0.0238551
2.40155	0.0690795	0.0316249
2.40433	0.103946	0.0424446
2.40710	0.134758	0.0174148
2.40987	0.0937605	0.00499058
2.41264	0.0709760	0.0133367
2.41540	0.0462904	0.0135223
2.41817	0.128187	0.0910537
2.42093	0.172119	0.0137638
2.42368	0.119274	0.0327745
2.42644	0.105021	0.00636335
2.42919	0.113298	0.00203977
2.43194	0.221615	0.109274
2.43470	0.102234	0.0110324
2.43744	0.128717	0.0218146
2.44019	0.119536	0.00443949
2.44294	0.0832267	0.0834480
2.44568	0.0583597	0.0183950
2.44843	0.0555668	0.0382606
2.45117	0.0822301	0.0950243
2.45391	0.0924630	0.0142324
2.45666	0.129399	0.0448460
2.45940	0.0952709	0.0134265
2.46215	0.128440	0.00116293
2.46489	0.100219	0.0210671
2.46764	0.123531	0.100625
2.47038	0.00564890	0.0247602
2.47313	0.100162	0.0187560
2.47588	0.0428264	0.0431778
2.47863	-0.00507577	0.0106658
2.48139	0.0949799	0.145511
2.48414	0.0651002	0.0722898
2.48690	0.0632663	0.0246315
2.48967	0.0841348	0.00560641
2.49243	-0.0694630	0.113469
2.49520	-0.0840661	0.00702061
2.49797	-0.0334464	0.0615733
2.50075	0.149272	0.0714220
2.50354	0.124208	0.183673
2.50633	0.115743	0.0261281
2.50912	0.247503	0.0278830
2.51192	0.0870282	0.0482877
2.51473	0.0303922	0.00718923
2.51754	0.288236	0.235483
2.52036	0.0247168	0.392604
2.52319	0.226857	0.290634
2.52602	0.324671	0.396756
2.52887	0.00999032	0.298814
2.53172	0.0908807	0.306018
2.53458	0.544227	0.201063
2.53746	1.07586	0.175416
2.54034	-0.257306	0.481387
2.54323	-0.617240	0.550849
2.54614	-0.478923	0.216098
2.54906	1.99565	0.332441
2.55199	0.392741	0.326728
2.55493	0.645444	0.286882
2.55789	-0.0596902	0.227250
