#  ----------------------------------------------------------------------------------
# SpeX prism spectrum of SDSSp J111010.01+011613.1 (J11101001+0116130)
# Originally observed on 2004 Mar 11
# Average resolution = 120
# Originally published in Burgasser et al. (2006) ApJ, 639, 1095
#
# PLEASE CITE THE ORIGINAL DATA REFERENCE WHEN PUBLISHING OR PRESENTING THESE DATA
#
# Near infrared spectral type: T5.5
# J magnitude = 16.343
# H magnitude = 15.924
# Ks magnitude = 15.129
#
#  Wavelength (micron)   F_lambda (normalized)  Noise (normalized as F_lambda)
#  ----------------------------------------------------------------------------------
0.654429	0.242176	0.195183
0.656627	-0.157149	0.267993
0.658817	1.13942	0.326626
0.660998	0.600366	0.454824
0.663171	0.391464	1.03909
0.665339	0.867840	0.587595
0.667501	1.45675	0.801279
0.669658	0.307538	0.668092
0.671811	0.298539	0.444860
0.673962	0.0184969	0.325180
0.676110	1.62658	0.387273
0.678258	0.467677	0.302221
0.680404	0.735959	0.595084
0.682552	-0.124237	0.314401
0.684700	0.274601	0.647386
0.686849	0.562512	0.509862
0.689002	-0.231676	0.418788
0.691157	0.726356	0.213185
0.693317	0.206210	0.732446
0.695481	-0.459246	0.878555
0.697650	0.529293	0.474151
0.699825	0.758686	0.225936
0.702006	-0.0162013	0.191052
0.704194	0.0650442	0.113389
0.706390	0.214932	0.323439
0.708594	-0.135988	0.344914
0.710806	0.347794	0.437526
0.713028	0.283146	0.267969
0.715259	0.409549	0.152473
0.717501	0.400710	0.288505
0.719753	0.112533	0.262420
0.722016	0.104449	0.773530
0.724291	0.254428	0.264825
0.726578	-0.211199	0.193920
0.728877	-0.246415	0.210116
0.731189	0.189262	0.107346
0.733515	0.133918	0.273710
0.735854	-0.144155	0.315186
0.738207	-0.00609613	0.169248
0.740574	-0.295163	0.318387
0.742956	-0.0121801	0.294052
0.745353	-0.0836889	0.174008
0.747765	-0.279860	0.163944
0.750192	-0.128269	0.122889
0.752636	-0.147826	0.106639
0.755096	0.185878	0.212433
0.757572	-0.326193	0.138987
0.760065	-0.0908345	0.230132
0.762575	-0.325701	0.155274
0.765101	-0.544027	0.158607
0.767646	-0.570167	0.228356
0.770208	-0.353824	0.159211
0.772787	-0.182432	0.0498456
0.775385	-0.315867	0.0912919
0.778001	-0.386500	0.116185
0.780635	-0.0138401	0.370393
0.783287	-0.0942842	0.130064
0.785958	-0.0714355	0.117297
0.788648	-0.151485	0.254807
0.791356	-0.575057	0.142080
0.794084	-0.00123413	0.0870227
0.796831	-0.0899757	0.0869872
0.799597	-0.131239	0.195843
0.802382	-0.0186258	0.101408
0.805186	-0.00516532	0.179771
0.808010	-0.0474572	0.0706749
0.810853	0.107429	0.112467
0.813716	0.0464200	0.168550
0.816599	-0.187270	0.136000
0.819501	0.000148631	0.0701739
0.822423	-0.289636	0.0971600
0.825364	-0.109424	0.145131
0.828326	-0.0714993	0.116731
0.831307	-0.195948	0.0801824
0.834307	-0.214520	0.0914842
0.837327	-0.128122	0.116067
0.840368	-0.132219	0.0884799
0.843427	-0.164548	0.0317152
0.846507	-0.269284	0.112884
0.849606	-0.0516773	0.0332511
0.852724	-0.177824	0.0792916
0.855862	0.0778234	0.0910846
0.859020	-0.0513277	0.0945271
0.862197	-0.000591058	0.0610528
0.865394	0.0696738	0.120894
0.868609	0.0518585	0.0433375
0.871844	0.184391	0.0734429
0.875099	0.200803	0.102539
0.878372	-0.0185348	0.0581206
0.881664	0.0136713	0.0985466
0.884975	0.0909054	0.0752512
0.888305	0.0751255	0.0690553
0.891654	0.00881016	0.0800295
0.895021	0.0112578	0.0629821
0.898407	0.104812	0.0725127
0.901811	0.125416	0.0758987
0.905233	0.110229	0.107236
0.908674	0.0656920	0.0800740
0.912132	0.137503	0.142196
0.915608	0.0703173	0.0893999
0.919102	0.0188576	0.0823621
0.922614	0.0787505	0.0624462
0.926143	0.112536	0.0875057
0.929689	0.0770730	0.0576811
0.933253	0.0262302	0.0601291
0.936833	0.187117	0.0419764
0.940430	0.191869	0.0818185
0.944044	0.0723335	0.0903740
0.947675	0.0440447	0.0721157
0.951322	0.116978	0.0446237
0.954985	0.0803326	0.0563396
0.958664	0.0785268	0.0843580
0.962359	0.142452	0.0404793
0.966069	0.213852	0.0189464
0.969795	0.204589	0.0785946
0.973536	0.208191	0.0204803
0.977293	0.249029	0.0303755
0.981064	0.353578	0.0209024
0.984850	0.243356	0.111562
0.988651	0.274413	0.0192862
0.992466	0.333699	0.0356264
0.996295	0.305398	0.0533110
1.00014	0.368817	0.0301706
1.00400	0.387506	0.0377856
1.00787	0.365152	0.0125006
1.01175	0.432218	0.0276952
1.01565	0.398746	0.0206167
1.01956	0.504294	0.0453777
1.02348	0.435270	0.0523711
1.02742	0.507623	0.0372798
1.03136	0.536136	0.0540526
1.03532	0.585874	0.0485062
1.03930	0.653272	0.0655434
1.04328	0.639577	0.0592666
1.04727	0.682479	0.0463548
1.05128	0.688593	0.0541864
1.05530	0.633474	0.0594792
1.05933	0.684523	0.0718570
1.06337	0.692630	0.0616146
1.06742	0.811586	0.0387406
1.07148	0.839951	0.0308491
1.07555	0.689157	0.0449588
1.07963	0.791038	0.0416274
1.08372	0.706626	0.0491340
1.08782	0.676965	0.0709531
1.09193	0.602119	0.0349745
1.09605	0.409333	0.0315282
1.10017	0.424691	0.0372113
1.10431	0.313009	0.0590591
1.10845	0.268727	0.0605590
1.11260	0.302966	0.0511884
1.11676	0.160224	0.0552579
1.12093	0.137213	0.0298988
1.12511	0.129107	0.0754094
1.12929	0.245848	0.0422674
1.13348	0.186490	0.0486262
1.13767	0.0820319	0.0638144
1.14188	0.169865	0.0249977
1.14609	0.171250	0.0555339
1.15030	0.129845	0.0584106
1.15453	0.160888	0.0187445
1.15876	0.192630	0.0424550
1.16299	0.125796	0.0470188
1.16723	0.134380	0.0263589
1.17147	0.141963	0.0449670
1.17573	0.194766	0.0247967
1.17998	0.259314	0.0406086
1.18424	0.328660	0.0302477
1.18850	0.315409	0.0278934
1.19277	0.407084	0.0200443
1.19705	0.439744	0.0276316
1.20132	0.491516	0.0394837
1.20560	0.636554	0.0659510
1.20989	0.565312	0.0472480
1.21418	0.611338	0.0547199
1.21847	0.704890	0.0504041
1.22276	0.697422	0.0435590
1.22706	0.617188	0.0727647
1.23136	0.909784	0.0465599
1.23566	0.811048	0.0322791
1.23996	0.928375	0.0678360
1.24427	0.879040	0.0669091
1.24858	0.897466	0.0471905
1.25289	1.03556	0.0625905
1.25720	1.01466	0.0952820
1.26151	0.988638	0.0641090
1.26583	1.07853	0.0486614
1.27014	1.06445	0.0669142
1.27446	1.10980	0.0420606
1.27877	0.981174	0.0742790
1.28309	0.992567	0.0602899
1.28741	0.880716	0.0690118
1.29173	0.956430	0.0636680
1.29604	0.869998	0.0559229
1.30036	0.892554	0.0588212
1.30468	0.880781	0.0468842
1.30900	0.793612	0.0476657
1.31331	0.664045	0.0754361
1.31763	0.683139	0.0483218
1.32195	0.509809	0.0623870
1.32626	0.348130	0.0324161
1.33057	0.295556	0.0387158
1.33489	0.166612	0.0291359
1.33920	0.0288583	0.0325763
1.34351	0.0343223	0.0552712
1.34781	0.0487389	0.0308318
1.35212	0.0106369	0.0410908
1.35642	0.0351593	0.0867692
1.36072	-0.0714713	0.0202372
1.36502	0.0549102	0.127838
1.36932	-0.156444	0.105258
1.37362	-0.0179602	0.0525239
1.37791	0.0928935	0.0754371
1.38220	0.124653	0.0387931
1.38648	-0.0168038	0.0629074
1.39077	0.0188717	0.0224433
1.39505	-0.0269985	0.0927839
1.39932	7.93601e-07	0.0773586
1.40360	0.114304	0.0617425
1.40787	0.0751139	0.0649250
1.41214	0.0799319	0.0873159
1.41640	0.116164	0.0848611
1.42066	0.0313229	0.0411655
1.42492	-0.0142436	0.0155669
1.42917	0.0359424	0.0211972
1.43342	0.0278555	0.0416691
1.43766	0.100420	0.0463242
1.44190	0.0327265	0.0371295
1.44614	0.124041	0.0439127
1.45037	0.0464236	0.0412435
1.45459	0.228849	0.0513526
1.45882	0.120102	0.0448439
1.46303	0.0438650	0.0487949
1.46725	0.130689	0.0160026
1.47145	0.0971243	0.0552745
1.47566	0.214989	0.0574374
1.47986	0.0977926	0.0632083
1.48405	0.0391268	0.0548613
1.48824	0.137068	0.0762682
1.49242	0.183875	0.0418401
1.49660	0.147964	0.0667327
1.50077	0.254172	0.0333952
1.50494	0.156595	0.0404287
1.50910	0.243475	0.0506923
1.51326	0.223943	0.0199793
1.51741	0.239172	0.0435896
1.52155	0.174558	0.0566959
1.52569	0.253021	0.0925532
1.52983	0.319565	0.0363803
1.53395	0.322991	0.0669706
1.53808	0.334603	0.0530778
1.54219	0.391294	0.0479530
1.54630	0.397808	0.0540432
1.55041	0.543331	0.0538113
1.55451	0.539561	0.0160658
1.55860	0.397250	0.0707997
1.56268	0.482401	0.144950
1.56677	0.537795	0.0723594
1.57084	0.642798	0.0774092
1.57491	0.587628	0.0385928
1.57897	0.642924	0.0736378
1.58302	0.694228	0.0215923
1.58707	0.649961	0.0591582
1.59112	0.542961	0.0774009
1.59515	0.514297	0.0379099
1.59918	0.527668	0.0592838
1.60321	0.416786	0.0329300
1.60723	0.322814	0.0451965
1.61124	0.370855	0.0440017
1.61524	0.225710	0.0751130
1.61924	0.268755	0.0390673
1.62323	0.106855	0.0648657
1.62722	0.163533	0.0356512
1.63120	0.259607	0.00964745
1.63517	0.189232	0.0474176
1.63913	0.271544	0.0473097
1.64309	0.202132	0.0479249
1.64705	0.272016	0.0751094
1.65099	0.175381	0.0538994
1.65493	0.198201	0.0501369
1.65887	0.303614	0.0173308
1.66279	0.132226	0.0429563
1.66671	0.112872	0.0773633
1.67062	0.163040	0.0245068
1.67453	0.0580213	0.0585745
1.67843	0.166048	0.0531102
1.68233	0.188225	0.0575428
1.68621	0.201366	0.0406465
1.69009	0.103798	0.0242246
1.69397	0.183946	0.0589130
1.69783	0.181892	0.0445713
1.70170	0.100279	0.0614636
1.70555	0.0887152	0.0333117
1.70940	0.0566300	0.0482040
1.71324	0.199237	0.0254552
1.71707	0.220999	0.0421349
1.72090	0.171654	0.0468106
1.72472	0.268917	0.0441253
1.72854	0.127635	0.0504107
1.73235	0.118502	0.0570172
1.73615	0.124499	0.0271633
1.73995	0.205156	0.0605716
1.74374	0.191922	0.0389744
1.74752	0.0564738	0.0449399
1.75130	0.155997	0.0344977
1.75507	0.102258	0.0133623
1.75883	0.211296	0.0400751
1.76259	0.156710	0.0206754
1.76634	0.167356	0.0228258
1.77009	0.154699	0.0338586
1.77383	0.125909	0.0197588
1.77756	0.100340	0.0144227
1.78129	0.117917	0.0185711
1.78501	0.0651969	0.0459996
1.78872	0.0788443	0.0483217
1.79243	0.130258	0.0171050
1.79613	0.0905041	0.0397875
1.79983	0.120526	0.0485119
1.80352	-0.0614818	0.0505307
1.80720	0.155853	0.0689577
1.81088	0.0551387	0.0792923
1.81455	0.110857	0.0291970
1.81822	0.0660674	0.0379176
1.82188	0.00623966	0.0466414
1.82554	0.0791042	0.0348338
1.82918	0.0982075	0.0346456
1.83283	0.0825852	0.0481774
1.83646	0.0280591	0.0620616
1.84010	0.0575180	0.0548745
1.84372	0.172687	0.0911811
1.84734	0.0761054	0.0603439
1.85096	0.0141042	0.0730297
1.85456	-0.0720177	0.0943196
1.85817	0.0550815	0.0364638
1.86176	0.0775635	0.0302287
1.86535	-0.0350978	0.0788806
1.86894	0.0620973	0.0508041
1.87252	0.0982880	0.0600223
1.87610	0.0826543	0.0899794
1.87967	0.105930	0.0543787
1.88323	0.0784150	0.0464579
1.88679	0.0377111	0.0851170
1.89034	0.109530	0.0737321
1.89389	0.0945426	0.0517493
1.89743	-0.0176562	0.0610866
1.90097	0.0971323	0.0549196
1.90450	0.179050	0.0536147
1.90803	0.135910	0.0665078
1.91155	0.135492	0.0450615
1.91507	0.175200	0.0344163
1.91858	0.225923	0.0300602
1.92208	0.159810	0.0806009
1.92558	0.206093	0.0461791
1.92908	0.0122963	0.0574455
1.93257	0.0391876	0.0275293
1.93606	0.0438585	0.0483533
1.93954	0.0204428	0.0272748
1.94301	0.0490969	0.0370651
1.94648	0.0504109	0.0104588
1.94995	0.0528597	0.0143200
1.95341	0.0125489	0.0480165
1.95687	0.103776	0.0286876
1.96032	0.0969241	0.0457181
1.96376	0.0640833	0.0338418
1.96720	0.0901713	0.0480203
1.97064	0.0140998	0.0186872
1.97407	0.115737	0.0478639
1.97750	0.0614158	0.0304974
1.98092	0.0919210	0.0288078
1.98434	0.0943454	0.0352513
1.98775	0.0680568	0.0301747
1.99116	0.112689	0.0267630
1.99456	0.136939	0.0355710
1.99796	0.0965338	0.0462490
2.00135	0.163650	0.0582556
2.00474	0.0924557	0.0457445
2.00813	0.137758	0.0198202
2.01151	0.130767	0.0636837
2.01488	0.101083	0.0274105
2.01825	0.138218	0.0397189
2.02162	0.132451	0.0106890
2.02498	0.123842	0.0213378
2.02834	0.179316	0.0513654
2.03169	0.237734	0.0234134
2.03504	0.173368	0.0256648
2.03838	0.143273	0.0306798
2.04172	0.186917	0.0452509
2.04505	0.174423	0.0317531
2.04838	0.195888	0.0189283
2.05171	0.135547	0.0146813
2.05503	0.182027	0.0384450
2.05834	0.231512	0.0364358
2.06166	0.161409	0.0436644
2.06496	0.253329	0.0165916
2.06826	0.163103	0.0159021
2.07156	0.212085	0.0399904
2.07486	0.231180	0.0380169
2.07814	0.231383	0.0152794
2.08143	0.206272	0.0233517
2.08471	0.260541	0.0274380
2.08798	0.230201	0.0244041
2.09125	0.204168	0.0309736
2.09452	0.239212	0.0139645
2.09778	0.242651	0.0191869
2.10104	0.217200	0.0401123
2.10429	0.212880	0.0229571
2.10754	0.241218	0.0337495
2.11078	0.204875	0.0448810
2.11402	0.213594	0.0208446
2.11726	0.216276	0.0312303
2.12049	0.197883	0.0280287
2.12371	0.193330	0.0251620
2.12693	0.210385	0.0276179
2.13015	0.233953	0.0280684
2.13336	0.209546	0.0123045
2.13657	0.208259	0.0239971
2.13977	0.189193	0.0212438
2.14297	0.175147	0.0175920
2.14616	0.130219	0.0178228
2.14935	0.152809	0.0231790
2.15253	0.0936825	0.0298692
2.15571	0.128218	0.0225974
2.15888	0.152506	0.0346645
2.16205	0.132344	0.0109721
2.16522	0.134897	0.0145277
2.16838	0.138416	0.0147314
2.17153	0.121130	0.0149243
2.17468	0.138657	0.0124099
2.17783	0.132523	0.0201941
2.18097	0.171885	0.0160033
2.18411	0.127561	0.00881929
2.18724	0.111094	0.0278038
2.19036	0.0512738	0.0370479
2.19348	0.0753135	0.0158420
2.19660	0.00365031	0.0335304
2.19971	0.0690892	0.0154234
2.20282	0.0179369	0.0162008
2.20592	0.0577591	0.0171393
2.20902	0.00121334	0.00615329
2.21211	0.0498913	0.0245860
2.21520	0.0679617	0.0356949
2.21828	0.0444233	0.0153489
2.22136	0.0131875	0.0248248
2.22443	0.0657644	0.0154772
2.22749	0.0808819	0.0184347
2.23056	0.0219255	0.0116233
2.23361	0.0275064	0.0199542
2.23666	0.0736789	0.0214178
2.23971	0.0360592	0.0275188
2.24275	0.0305386	0.0130187
2.24579	0.0299985	0.0314409
2.24882	0.0376032	0.00944830
2.25185	-0.0112812	0.0188897
2.25487	0.0449281	0.0249355
2.25788	0.0582567	0.0132472
2.26089	0.0206448	0.0177515
2.26390	0.0384257	0.0185211
2.26690	0.0113425	0.0112276
2.26989	0.0239218	0.0172599
2.27288	0.0230357	0.0147839
2.27587	0.0154979	0.0140081
2.27885	0.0275143	0.0218559
2.28182	0.00413554	0.00712922
2.28479	0.0235825	0.0218992
2.28775	0.0522505	0.0140389
2.29071	0.0194676	0.0325638
2.29367	-0.00865225	0.0140556
2.29661	-0.0382355	0.00336904
2.29956	0.0309184	0.0164046
2.30250	0.0332511	0.0184914
2.30543	0.0265933	0.0146181
2.30836	0.00386533	0.0155788
2.31128	0.0145287	0.0135921
2.31420	-0.0192558	0.0225376
2.31711	-0.00112602	0.0182699
2.32001	-0.0403883	0.0202431
2.32292	0.0170575	0.0127642
2.32581	-0.00558600	0.0111028
2.32871	0.0269580	0.0226297
2.33159	-0.00730914	0.0216824
2.33447	0.00802253	0.0221815
2.33735	0.0295295	0.0165566
2.34022	0.00294703	0.0204784
2.34309	-0.00346521	0.0324431
2.34595	0.0278165	0.0183693
2.34881	-0.0246420	0.0219865
2.35167	0.0286883	0.0142529
2.35451	0.00722072	0.0615321
2.35736	-0.0439066	0.0208824
2.36020	0.0137499	0.0236891
2.36303	-0.0121346	0.0261975
2.36586	0.000636243	0.0267079
2.36869	-0.00451694	0.0267615
2.37151	0.0182732	0.0241323
2.37433	0.00507838	0.0197756
2.37714	0.0398483	0.0206396
2.37995	0.0159620	0.0217306
2.38275	0.0215190	0.0323414
2.38555	0.0770177	0.0183694
2.38835	0.0204137	0.0312860
2.39114	0.0687644	0.0178244
2.39393	-0.00702290	0.0115505
2.39672	0.0174837	0.0268757
2.39950	0.0434019	0.0117594
2.40228	0.0500824	0.0353884
2.40506	0.0534472	0.0104064
2.40783	-0.00298817	0.0412555
2.41060	0.0306870	0.0625179
2.41337	0.0556407	0.0500374
2.41613	-0.0993217	0.0354593
2.41890	0.0143313	0.0141922
2.42165	0.128762	0.0251783
2.42441	0.0667498	0.0305623
2.42717	-0.00807817	0.0241314
2.42992	0.0282527	0.0324629
2.43267	0.0679645	0.0458887
2.43542	0.0989279	0.0291141
2.43817	0.125048	0.0495321
2.44092	0.0576482	0.0258550
2.44366	0.0326828	0.0355357
2.44641	0.0177502	0.0689172
2.44915	0.0568991	0.0274852
2.45190	0.0630839	0.0358160
2.45464	0.0846453	0.0399048
2.45738	0.0415137	0.0276247
2.46013	0.0352422	0.0365290
2.46287	-0.0840395	0.0359956
2.46562	0.137498	0.0650256
2.46836	-0.00358287	0.0337137
2.47111	0.0493594	0.0524380
2.47386	0.0685088	0.0776120
2.47661	0.0856576	0.0340148
2.47936	0.0960443	0.0862504
2.48212	-0.0475693	0.0413026
2.48487	0.0732092	0.104654
2.48763	0.0100105	0.0599914
2.49040	-0.170245	0.0738929
2.49316	0.167454	0.108929
2.49593	0.0862974	0.0555271
2.49871	0.0917656	0.0296813
2.50149	-0.195065	0.0278473
2.50427	0.0463266	0.0896546
2.50706	-0.0694438	0.0829506
2.50986	-0.152909	0.105541
2.51266	0.131351	0.104992
2.51547	0.0101307	0.159958
2.51828	0.0808334	0.220454
2.52111	0.0200539	0.168557
2.52394	0.0660239	0.197782
2.52677	0.0553079	0.0906839
2.52962	-0.200839	0.220077
2.53248	0.354022	0.297947
2.53534	-0.0486720	0.304167
2.53822	0.183662	0.314584
2.54110	-0.0283347	0.515493
2.54400	-0.241644	0.174438
2.54691	0.401062	0.430356
2.54983	-1.89480	1.55260
2.55276	-0.551817	0.520355
2.55571	0.618371	1.24538
2.55867	0.683791	0.612777
2.56165	-0.640317	0.438851
2.56464	0.718785	0.296147
2.56764	-1.03638	1.26366
