#  ----------------------------------------------------------------------------------
# SpeX prism spectrum of 2MASSI J1217110-031113 (J12171110-0311131)
# Originally observed on 2004 Mar 11
# Average resolution = 120
# Originally published in Burgasser et al. (2006) ApJ, 639, 1095
#
# PLEASE CITE THE ORIGINAL DATA REFERENCE WHEN PUBLISHING OR PRESENTING THESE DATA
#
# Optical spectral type: T7
# Near infrared spectral type: T7.5
# J magnitude = 15.86
# H magnitude = 15.748
# Ks magnitude = 15.887
#
#  Wavelength (micron)   F_lambda (normalized)  Noise (normalized as F_lambda)
#  ----------------------------------------------------------------------------------
0.654517	0.0909145	0.268307
0.656715	0.283707	0.259842
0.658904	0.448540	0.550426
0.661085	0.0336253	0.178922
0.663259	0.477106	0.366174
0.665426	-0.145157	0.100920
0.667587	-0.354123	0.239095
0.669744	0.286355	0.247301
0.671898	0.491951	0.0649737
0.674048	0.163577	0.147152
0.676197	0.0383887	0.175623
0.678344	0.0289061	0.117732
0.680491	-0.336607	0.125788
0.682638	-0.121149	0.173092
0.684786	0.113881	0.188006
0.686936	-0.112444	0.267848
0.689088	0.236871	0.211334
0.691244	0.285611	0.340404
0.693404	-0.252991	0.175146
0.695568	0.0246062	0.224830
0.697737	-0.234205	0.194017
0.699912	0.0699569	0.154523
0.702094	0.163844	0.0951940
0.704282	0.0147724	0.124372
0.706478	0.0756384	0.269688
0.708682	-0.0139770	0.154273
0.710895	-0.137930	0.157186
0.713117	0.0125171	0.186925
0.715349	-0.0172302	0.227189
0.717591	-0.154273	0.145514
0.719844	-0.230969	0.202546
0.722107	-0.0614695	0.142778
0.724383	0.0581167	0.208588
0.726670	0.0481367	0.0361155
0.728970	0.122538	0.111708
0.731283	0.0785028	0.111262
0.733608	-0.000345943	0.0466776
0.735948	0.0525553	0.147489
0.738301	0.128138	0.0793344
0.740669	0.0459934	0.115232
0.743052	0.0218699	0.152239
0.745449	-0.142834	0.0744789
0.747862	-0.0701106	0.0740103
0.750290	-0.0607718	0.0714212
0.752735	0.123800	0.0893525
0.755195	0.0115014	0.0623335
0.757672	0.0711279	0.0440027
0.760165	-0.0412710	0.0360103
0.762676	0.0650170	0.0719897
0.765203	0.111386	0.137306
0.767748	0.0138402	0.0840578
0.770311	0.00558801	0.0292444
0.772891	-0.0154906	0.0324457
0.775490	-0.00561749	0.0531172
0.778106	0.0532235	0.0767087
0.780741	-0.0222207	0.0729123
0.783394	-0.0269044	0.0256502
0.786066	-0.0161443	0.0543931
0.788756	0.00720718	0.0567184
0.791466	-0.0298176	0.0610826
0.794194	0.0114934	0.0396340
0.796941	0.0180577	0.0341767
0.799708	-0.0200777	0.0222383
0.802494	0.0626510	0.0110664
0.805299	0.0525538	0.0167641
0.808124	-0.0132934	0.0236834
0.810968	0.0206167	0.0272859
0.813832	0.0321663	0.0372189
0.816715	-0.0711089	0.0359538
0.819618	-0.00342315	0.0430222
0.822541	-0.111082	0.0153330
0.825483	0.00836807	0.0185780
0.828445	-0.0826924	0.0372105
0.831427	0.0138771	0.0195677
0.834428	-0.0933432	0.0402566
0.837449	-0.0227422	0.0609617
0.840490	0.00742614	0.0408830
0.843551	-0.0280507	0.0178588
0.846631	-0.0719856	0.0305616
0.849731	0.0159457	0.0244329
0.852850	-0.0380149	0.0303082
0.855989	0.0544289	0.0142099
0.859147	-0.0212830	0.0210106
0.862325	0.0319532	0.0199865
0.865522	0.0427652	0.0690536
0.868739	-0.0261360	0.0681650
0.871975	0.0718547	0.0758704
0.875230	0.0205976	0.0392128
0.878504	0.0310994	0.0386230
0.881797	0.0606185	0.0197464
0.885109	0.0985946	0.0184726
0.888439	0.0632931	0.0277437
0.891789	-0.0147102	0.0429043
0.895157	0.0231997	0.0162191
0.898543	0.0452155	0.0250993
0.901948	0.0428752	0.0208503
0.905371	0.0119934	0.0400970
0.908812	0.0100148	0.0278231
0.912271	0.0124972	0.0614437
0.915748	0.0295198	0.0332671
0.919243	0.0488086	0.0364745
0.922755	0.0658359	0.0151024
0.926285	0.0383950	0.0268490
0.929832	0.0403790	0.0200023
0.933396	-0.0109940	0.0376052
0.936977	0.0417389	0.0284657
0.940575	0.0704225	0.00377649
0.944190	0.111173	0.0279797
0.947821	0.0918483	0.00867294
0.951469	0.0407103	0.0248160
0.955132	0.0591744	0.0303616
0.958812	0.0318275	0.0244736
0.962507	0.0996977	0.0478233
0.966218	0.0691178	0.0171112
0.969945	0.134512	0.0191983
0.973687	0.138881	0.00998791
0.977444	0.194605	0.0294779
0.981216	0.158951	0.00717674
0.985003	0.181823	0.0165874
0.988804	0.202723	0.0165312
0.992619	0.213592	0.00984162
0.996449	0.225836	0.0302768
1.00029	0.233617	0.0472715
1.00415	0.228772	0.0142751
1.00802	0.296726	0.00881497
1.01191	0.309134	0.0116349
1.01580	0.313912	0.0133281
1.01971	0.335693	0.0280912
1.02364	0.388270	0.0219640
1.02757	0.389181	0.0125643
1.03152	0.444018	0.0125866
1.03548	0.421257	0.0401477
1.03946	0.468805	0.0365441
1.04344	0.509672	0.0133666
1.04744	0.534999	0.00256566
1.05144	0.570452	0.0243434
1.05546	0.621153	0.00528459
1.05949	0.587296	0.0291691
1.06353	0.620224	0.0190043
1.06758	0.667779	0.0131442
1.07164	0.689813	0.0220711
1.07571	0.715245	0.0494432
1.07979	0.691540	0.0487500
1.08388	0.687455	0.00542118
1.08798	0.644406	0.0148897
1.09209	0.513704	0.0198627
1.09621	0.440079	0.0151145
1.10034	0.311442	0.0273023
1.10447	0.224392	0.0194968
1.10862	0.194914	0.00503978
1.11277	0.141271	0.0102359
1.11693	0.111640	0.0244446
1.12110	0.0990561	0.0183358
1.12527	0.0814258	0.0259489
1.12946	0.102110	0.00513234
1.13365	0.114342	0.0138426
1.13784	0.0837206	0.00849581
1.14205	0.0969075	0.0246064
1.14626	0.0773937	0.0145559
1.15047	0.0597709	0.0237289
1.15470	0.0672375	0.0152875
1.15893	0.0573362	0.0136175
1.16316	0.0569367	0.00650230
1.16740	0.0568374	0.0224051
1.17165	0.0805726	0.0158381
1.17590	0.0731947	0.00693495
1.18015	0.125373	0.00832151
1.18441	0.153013	0.0210071
1.18868	0.197830	0.00861795
1.19295	0.203826	0.0232872
1.19722	0.268438	0.00808408
1.20150	0.303288	0.00687571
1.20578	0.344285	0.00726710
1.21006	0.428670	0.0198746
1.21435	0.461019	0.00905261
1.21864	0.523143	0.00914618
1.22293	0.551885	0.0298751
1.22723	0.635188	0.00845734
1.23153	0.664366	0.0183886
1.23583	0.745288	0.0323038
1.24014	0.792236	0.0376817
1.24444	0.858546	0.0317192
1.24875	0.872823	0.0356553
1.25306	0.980256	0.0177001
1.25737	1.05792	0.0352029
1.26168	1.07302	0.0535824
1.26600	1.10243	0.0395019
1.27031	1.06522	0.0343426
1.27463	1.06996	0.0308593
1.27895	0.993653	0.0202671
1.28326	0.963330	0.0553019
1.28758	0.962849	0.0141830
1.29190	0.836583	0.0211985
1.29622	0.801678	0.0254919
1.30054	0.756746	0.0188852
1.30485	0.695099	0.0300143
1.30917	0.584334	0.0337350
1.31349	0.536794	0.0233110
1.31780	0.445880	0.0124987
1.32212	0.334809	0.0106114
1.32643	0.269432	0.0127064
1.33075	0.162562	0.0101492
1.33506	0.0837086	0.00809401
1.33937	0.0433931	0.0172242
1.34368	0.0357543	0.00455640
1.34799	0.0255385	0.0103757
1.35229	-0.00355900	0.0247887
1.35660	0.0709985	0.0755977
1.36090	0.0727344	0.0598567
1.36520	0.0667567	0.0587263
1.36949	0.0355381	0.0812076
1.37379	0.0465522	0.0381645
1.37808	0.0160753	0.0300616
1.38237	0.00683564	0.0469294
1.38665	0.00266817	0.0464500
1.39094	0.0125165	0.0118443
1.39522	0.00967721	0.0837452
1.39950	0.0431203	0.0430748
1.40377	-0.00756999	0.0346951
1.40804	0.0698662	0.0372304
1.41231	-0.0198971	0.0503598
1.41657	0.0150609	0.0238862
1.42083	-0.0188673	0.0375892
1.42509	0.0186700	0.0206136
1.42934	0.0178037	0.0204026
1.43359	0.0532929	0.00159625
1.43783	0.0858878	0.0183343
1.44207	0.0254694	0.0100005
1.44631	0.0433766	0.0130021
1.45054	0.0377888	0.0204099
1.45476	0.0361340	0.0169915
1.45899	0.0124444	0.0164451
1.46320	0.0631494	0.0105240
1.46742	0.0880139	0.0115395
1.47162	0.0759697	0.0289844
1.47583	0.0631453	0.0280388
1.48002	0.0901579	0.0119686
1.48422	0.0154190	0.0308727
1.48841	0.0823096	0.0377060
1.49259	0.0835874	0.0110208
1.49677	0.106623	0.00913637
1.50094	0.0919453	0.0182514
1.50511	0.126563	0.00311619
1.50927	0.118744	0.0114721
1.51342	0.146430	0.0186285
1.51757	0.162273	0.0147795
1.52172	0.179293	0.00757439
1.52586	0.154109	0.00705821
1.52999	0.230534	0.0203493
1.53412	0.253177	0.0318048
1.53824	0.304376	0.00673782
1.54236	0.309557	0.0126007
1.54647	0.327283	0.0153935
1.55057	0.376776	0.00847547
1.55467	0.423645	0.0146104
1.55876	0.395012	0.0201778
1.56285	0.477442	0.0297695
1.56693	0.508041	0.0124175
1.57100	0.540364	0.0309262
1.57507	0.539140	0.0218018
1.57913	0.580831	0.0261475
1.58319	0.512048	0.0182382
1.58724	0.505922	0.0212025
1.59128	0.496256	0.0159725
1.59532	0.474621	0.0133260
1.59935	0.354084	0.0162428
1.60337	0.254973	0.0127493
1.60739	0.201106	0.00718700
1.61140	0.208209	0.00896222
1.61540	0.150387	0.0245276
1.61940	0.0767408	0.00815930
1.62339	0.0622932	0.0246434
1.62738	0.100925	0.00332610
1.63136	0.0895614	0.0121185
1.63533	0.0528963	0.0160600
1.63929	0.0784879	0.00610960
1.64325	0.0770542	0.00886698
1.64720	0.0899490	0.00723941
1.65115	0.107446	0.0231989
1.65509	0.0821664	0.00746161
1.65902	0.0950150	0.0161419
1.66295	0.0786845	0.0128290
1.66687	0.0213423	0.0326925
1.67078	0.0497573	0.0108584
1.67469	-0.00304631	0.00700505
1.67859	0.0603465	0.0178167
1.68248	0.0684026	0.00653901
1.68637	0.0708996	0.00842112
1.69025	0.0637419	0.0102229
1.69412	0.0671950	0.0331544
1.69799	0.0699878	0.0181234
1.70185	0.0534085	0.00637661
1.70570	0.0182067	0.0133576
1.70955	0.0421847	0.0366963
1.71339	0.0462620	0.0102831
1.71723	0.0645384	0.00249346
1.72106	0.0629812	0.0175475
1.72488	0.0992627	0.0128345
1.72869	0.0910399	0.0216739
1.73250	0.0575157	0.0201647
1.73630	0.0807230	0.0194313
1.74010	0.0634960	0.0205146
1.74389	0.0565658	0.00962259
1.74767	0.0842030	0.00593844
1.75145	0.0486989	0.0173632
1.75522	0.0775104	0.00893782
1.75898	0.0646977	0.0141756
1.76274	0.0487996	0.0121520
1.76649	0.0978074	0.00377951
1.77024	0.0796392	0.0228012
1.77398	0.0546154	0.00420112
1.77771	0.0612938	0.0185944
1.78144	0.0427697	0.0221097
1.78516	0.0591102	0.0144407
1.78887	0.00271123	0.0190567
1.79258	0.0447078	0.0298553
1.79628	0.0239320	0.0136647
1.79998	0.000957436	0.0183445
1.80367	0.00423253	0.0241262
1.80735	0.0417221	0.0486858
1.81103	0.0226796	0.0193743
1.81470	0.0567587	0.0169551
1.81837	0.0547355	0.0168320
1.82203	0.0408543	0.0320249
1.82568	0.00959092	0.0288903
1.82933	0.0230293	0.0185482
1.83297	-0.00577529	0.0280334
1.83661	-0.0446384	0.0940162
1.84024	-0.00783443	0.0152597
1.84387	0.0723162	0.0170247
1.84749	-0.00691645	0.0785897
1.85110	0.108626	0.0437587
1.85471	0.0815683	0.0898031
1.85831	0.0703934	0.0835135
1.86191	-0.0552157	0.0558510
1.86550	0.0336882	0.0348028
1.86908	0.0241470	0.0289589
1.87267	0.122674	0.0749627
1.87624	0.0956029	0.0620145
1.87981	0.102403	0.0403376
1.88337	0.00725732	0.0268423
1.88693	0.0524262	0.0221250
1.89048	0.0353312	0.0392161
1.89403	0.0950399	0.0298547
1.89757	0.0412304	0.0432972
1.90111	0.196160	0.0363091
1.90464	0.129001	0.0202371
1.90817	0.0807815	0.0352535
1.91169	0.0582316	0.0576671
1.91521	0.0837683	0.0261602
1.91872	0.0571314	0.0218146
1.92222	0.110408	0.0219357
1.92572	0.0238468	0.0176922
1.92922	-0.00163959	0.0197645
1.93271	0.0239372	0.0137271
1.93620	0.0426521	0.0165448
1.93968	0.0366700	0.00742640
1.94315	0.0324695	0.0124569
1.94662	0.0423227	0.00388502
1.95009	0.0361947	0.0221299
1.95355	0.0224965	0.0176355
1.95700	0.0694357	0.0289316
1.96046	0.0496920	0.0199703
1.96390	0.0512846	0.0137938
1.96734	0.0285716	0.0227304
1.97078	0.0417348	0.0109449
1.97421	0.0653159	0.0115895
1.97764	0.0553679	0.00591594
1.98106	0.0568385	0.0127264
1.98448	0.0617280	0.0143290
1.98789	0.0819783	0.00423914
1.99130	0.0754041	0.0100517
1.99470	0.0757980	0.0165487
1.99810	0.0613356	0.0212444
2.00149	0.0715032	0.0252412
2.00488	0.0678733	0.0133861
2.00826	0.0794765	0.0148022
2.01164	0.0916092	0.00484280
2.01502	0.102041	0.0137637
2.01839	0.128931	0.0100613
2.02175	0.122004	0.00805249
2.02512	0.120271	0.0146566
2.02847	0.121125	0.00856628
2.03182	0.116573	0.0153273
2.03517	0.136450	0.00523557
2.03852	0.144699	0.0111967
2.04185	0.138374	0.0135276
2.04519	0.141002	0.0147883
2.04852	0.156179	0.00707437
2.05184	0.179511	0.00420731
2.05516	0.188523	0.0145705
2.05848	0.180404	0.0149560
2.06179	0.181074	0.0236312
2.06510	0.192072	0.00486996
2.06840	0.175140	0.0118235
2.07170	0.169801	0.00802171
2.07499	0.182372	0.0298522
2.07828	0.185875	0.00236427
2.08156	0.191180	0.0116836
2.08484	0.203045	0.00645843
2.08812	0.178928	0.0175065
2.09139	0.201419	0.00485649
2.09465	0.176350	0.0108241
2.09791	0.167277	0.0121861
2.10117	0.169509	0.00912309
2.10442	0.151265	0.0131082
2.10767	0.174280	0.00666690
2.11091	0.169641	0.0115271
2.11415	0.154762	0.0105597
2.11739	0.146768	0.0120248
2.12062	0.144200	0.0107686
2.12384	0.122211	0.00875226
2.12706	0.146001	0.00590867
2.13028	0.135498	0.0120933
2.13349	0.137271	0.00552802
2.13670	0.129419	0.0120179
2.13990	0.123233	0.0121662
2.14310	0.113514	0.00575000
2.14629	0.121218	0.0106871
2.14948	0.106815	0.0142355
2.15266	0.133277	0.00681881
2.15584	0.0910522	0.00569270
2.15901	0.0901008	0.00342756
2.16218	0.0781551	0.0205728
2.16535	0.0677315	0.00497259
2.16850	0.0706493	0.00959644
2.17166	0.0769191	0.00879098
2.17481	0.0664466	0.00855289
2.17796	0.0687824	0.0108194
2.18110	0.0695327	0.00691708
2.18423	0.0661959	0.00780850
2.18736	0.0661922	0.0132035
2.19049	0.0423735	0.00818720
2.19361	0.0341243	0.00760764
2.19673	0.0216756	0.00906638
2.19984	0.00405294	0.00413647
2.20294	0.0209474	0.00751989
2.20605	0.0262685	0.0101605
2.20914	0.00953093	0.0146489
2.21223	0.0116277	0.00559674
2.21532	0.0152906	0.00956768
2.21840	0.0319326	0.00815389
2.22148	0.00602439	0.00289921
2.22455	0.0233501	0.00793579
2.22762	0.0166748	0.0112153
2.23068	0.00341159	0.0126242
2.23373	0.00921475	0.0117170
2.23679	0.00349785	0.00446511
2.23983	0.00607274	0.00883750
2.24287	0.00457863	0.0103667
2.24591	0.000590680	0.00913439
2.24894	0.0135850	0.00977231
2.25197	-0.00310328	0.00984472
2.25499	-0.00150428	0.00480516
2.25800	0.0181684	0.00123985
2.26101	0.00508821	0.00763737
2.26402	0.0167015	0.00966908
2.26702	-0.00593340	0.00979298
2.27001	-0.000660445	0.00499942
2.27300	0.00667130	0.0100394
2.27599	0.00811598	0.00999208
2.27897	7.24344e-05	0.00406965
2.28194	0.0160220	0.00311710
2.28491	0.0144516	0.00547922
2.28787	0.00698099	0.00665481
2.29083	0.0118722	0.00454692
2.29378	-0.00460478	0.0125499
2.29673	0.0192080	0.00436120
2.29968	0.0156268	0.00185853
2.30261	-0.0144314	0.0107913
2.30555	-0.00844734	0.00767352
2.30847	0.0115511	0.0186616
2.31139	0.00987598	0.0107749
2.31431	-0.00143922	0.0124813
2.31722	0.0102692	0.00688992
2.32013	0.00235688	0.00699472
2.32303	0.00751213	0.00534873
2.32593	-0.00916353	0.0245239
2.32882	0.00250056	0.00595209
2.33171	0.000259357	0.0106879
2.33459	0.0124573	0.0102562
2.33747	0.00209264	0.00294503
2.34034	0.00285253	0.0195041
2.34321	0.00128098	0.00909134
2.34607	-0.00821447	0.00930000
2.34893	0.0289269	0.00804857
2.35178	-0.00260661	0.0185453
2.35463	0.00758514	0.0189802
2.35747	0.0252431	0.00775347
2.36031	0.0159943	0.00864690
2.36314	-0.00728041	0.00607241
2.36597	-0.00698196	0.0202345
2.36880	0.0208567	0.0109207
2.37162	-0.00483049	0.0243270
2.37444	-0.0206547	0.00650461
2.37725	0.0228889	0.00801813
2.38006	0.0258287	0.00999320
2.38287	-0.0254734	0.0114686
2.38567	0.0382279	0.0127462
2.38846	0.0232897	0.0231068
2.39126	0.0236064	0.0153377
2.39405	-0.00312879	0.00482605
2.39683	0.0178824	0.0150168
2.39961	0.0271693	0.0106372
2.40239	0.0301917	0.00349367
2.40517	0.0106498	0.0170049
2.40794	0.0255086	0.0179509
2.41071	0.0101954	0.0196476
2.41348	-0.0103068	0.00785908
2.41624	-0.0233234	0.0206368
2.41901	-0.00732044	0.0377082
2.42177	0.0167317	0.0103276
2.42452	0.00368503	0.00930179
2.42728	0.0435807	0.00340642
2.43003	0.0278755	0.0191905
2.43278	0.0180024	0.0188457
2.43553	0.0143737	0.0106413
2.43828	0.0136520	0.0276612
2.44103	-0.00759529	0.00840287
2.44377	0.0271087	0.0142210
2.44652	0.00137914	0.0230259
2.44926	0.0396224	0.0205414
2.45201	0.0227840	0.00670521
2.45475	-0.00140308	0.0320096
2.45749	0.00926851	0.0138978
2.46024	0.00693208	0.0130183
2.46298	0.0138872	0.00999402
2.46573	0.0154248	0.0438053
2.46847	0.00744770	0.0231939
2.47122	0.0418079	0.0470383
2.47397	0.0348506	0.0373504
2.47672	0.0622865	0.0374937
2.47947	0.0398187	0.0144735
2.48223	0.0487354	0.0407670
2.48498	-0.0175907	0.0242179
2.48774	0.000658370	0.0277491
2.49051	0.0102172	0.103880
2.49327	0.0908261	0.0210447
2.49605	-0.0695614	0.0335606
2.49882	-0.0122964	0.0462150
2.50160	0.0525475	0.0586714
2.50438	-0.0365924	0.0340109
2.50718	-0.121968	0.100757
2.50997	0.0301279	0.0547050
2.51277	-0.0729138	0.101984
2.51558	-0.0920446	0.154680
2.51840	0.0710873	0.0489048
2.52122	-0.00438915	0.0560943
2.52405	-0.0345621	0.0574634
2.52689	-0.000157082	0.0759137
2.52974	0.0721990	0.168703
2.53259	-0.344758	0.264232
2.53546	0.130636	0.443668
2.53833	0.253772	0.324538
2.54122	0.557257	0.291090
2.54412	0.303412	0.115912
2.54703	-0.333952	0.571598
2.54995	0.584342	1.09064
2.55288	0.928299	0.468026
2.55583	-0.875334	0.228122
2.55879	0.400074	0.570728
2.56177	0.154587	0.528124
2.56476	0.886295	0.688992
