#  ----------------------------------------------------------------------------------
# SpeX prism spectrum of SDSSp J083717.22-000018.3 (J08371718-0000179)
# Originally observed on 2004 Mar 12
# Average resolution = 120
# Originally published in Burgasser et al. (2006) ApJ, 637, 1067
#
# PLEASE CITE THE ORIGINAL DATA REFERENCE WHEN PUBLISHING OR PRESENTING THESE DATA
#
# Optical spectral type: T0+/-2
# Near infrared spectral type: T1
# J magnitude = 17.101
# H magnitude = 15.988
# Ks magnitude = 15.674
#
#  Wavelength (micron)   F_lambda (normalized)  Noise (normalized as F_lambda)
#  ----------------------------------------------------------------------------------
0.655900	0.230230	0.165207
0.658092	0.720645	0.546363
0.660276	0.611281	1.44548
0.662452	1.40361	1.52809
0.664621	2.04371	0.923293
0.666785	0.569554	0.883336
0.668944	1.16760	0.830375
0.671098	0.548856	0.774488
0.673250	-0.123188	0.357908
0.675399	0.720491	0.940881
0.677546	1.09907	0.898709
0.679693	-0.486576	0.467591
0.681840	0.191854	0.479038
0.683988	0.725432	0.451067
0.686137	0.938800	0.407941
0.688289	0.292991	0.660544
0.690443	0.0158362	0.387591
0.692601	1.12872	1.56624
0.694763	0.612202	0.766344
0.696931	0.547777	0.598324
0.699103	0.471474	0.452480
0.701283	-0.571509	0.630354
0.703468	0.233926	0.234759
0.705662	0.107712	0.411068
0.707863	1.19062	0.966306
0.710072	0.526038	0.320759
0.712291	0.650413	0.402625
0.714519	-0.0566188	0.406348
0.716757	0.438084	0.718599
0.719006	0.378820	0.378584
0.721265	0.467662	0.757355
0.723536	-0.0271616	0.369105
0.725819	-0.00840236	0.218519
0.728114	0.418035	0.311284
0.730422	0.420548	0.315892
0.732743	-0.0460483	0.588926
0.735077	-0.116913	0.340844
0.737426	-0.225130	0.286073
0.739788	0.408245	0.228964
0.742165	0.487599	0.337920
0.744557	0.460253	0.183534
0.746964	0.0882639	0.190423
0.749386	0.169311	0.164404
0.751825	-0.171972	0.0592305
0.754279	0.214936	0.166542
0.756750	-0.388179	0.364367
0.759237	0.00258323	0.127156
0.761741	-0.0595288	0.130871
0.764262	0.0738954	0.123971
0.766801	-0.0119661	0.129741
0.769357	0.174557	0.175902
0.771931	0.0317307	0.0615113
0.774522	0.120667	0.0665774
0.777132	-0.0615625	0.169241
0.779760	0.0673853	0.176593
0.782406	0.0769343	0.0828166
0.785071	0.00237092	0.129766
0.787755	0.0419512	0.120393
0.790457	-0.159639	0.176970
0.793178	0.0635966	0.123174
0.795919	0.231454	0.0577231
0.798678	0.117746	0.106143
0.801457	0.261792	0.120920
0.804255	0.0373899	0.0956841
0.807072	0.0755953	0.0597192
0.809909	-0.0575026	0.0254954
0.812766	0.342213	0.178260
0.815642	0.154670	0.185706
0.818537	0.0300909	0.143136
0.821453	0.0543666	0.0858939
0.824388	-0.0374986	0.0561169
0.827342	-0.0819583	0.194436
0.830317	0.122508	0.0543337
0.833311	0.0409119	0.0700026
0.836325	0.140434	0.0495273
0.839358	0.203353	0.114058
0.842411	0.172880	0.181062
0.845484	0.131572	0.181976
0.848577	0.208422	0.110089
0.851689	0.0359427	0.160887
0.854821	0.352822	0.0856462
0.857972	0.123122	0.0996698
0.861142	0.0312077	0.0410915
0.864332	0.0814000	0.0660879
0.867542	0.124390	0.102265
0.870770	0.0729571	0.105356
0.874018	0.0358074	0.0201736
0.877285	0.244490	0.0214514
0.880571	0.0750296	0.0992127
0.883876	0.235525	0.0565891
0.887200	0.248525	0.0700806
0.890542	0.0706347	0.0529441
0.893903	0.201990	0.0470606
0.897283	0.210541	0.131933
0.900681	0.131259	0.102059
0.904097	0.278510	0.0280822
0.907532	0.202930	0.0352560
0.910984	0.168559	0.0571180
0.914455	0.150595	0.131226
0.917943	0.253457	0.0828314
0.921449	0.259626	0.132085
0.924972	0.353880	0.0103893
0.928512	0.345838	0.0569723
0.932070	0.247280	0.199553
0.935645	0.244029	0.0617590
0.939237	0.378779	0.0184038
0.942845	0.176183	0.0696145
0.946470	0.421835	0.0274879
0.950112	0.307929	0.116039
0.953769	0.393368	0.0583646
0.957443	0.437850	0.0500375
0.961133	0.415390	0.0519202
0.964838	0.425732	0.0423411
0.968559	0.473235	0.0468919
0.972295	0.575563	0.0528265
0.976047	0.481503	0.0897598
0.979813	0.346480	0.0697285
0.983594	0.507480	0.0710914
0.987390	0.422172	0.118071
0.991200	0.528732	0.0410109
0.995025	0.533275	0.0465085
0.998863	0.325174	0.0257212
1.00272	0.473692	0.0429499
1.00658	0.471874	0.0305556
1.01046	0.520344	0.0281507
1.01435	0.635355	0.0812547
1.01826	0.571631	0.0313621
1.02218	0.552836	0.0276169
1.02611	0.619116	0.0731430
1.03005	0.567659	0.0733610
1.03401	0.649430	0.0812683
1.03798	0.771082	0.0997227
1.04196	0.678573	0.0832817
1.04595	0.683976	0.0372948
1.04995	0.632179	0.0509071
1.05397	0.731977	0.0191475
1.05799	0.723969	0.0625226
1.06203	0.717408	0.0294700
1.06607	0.808114	0.0398267
1.07013	0.767380	0.120955
1.07420	0.768406	0.0987866
1.07828	0.708618	0.0177417
1.08236	0.809121	0.0104864
1.08646	0.767451	0.0626662
1.09056	0.769776	0.0437194
1.09468	0.600348	0.0796154
1.09880	0.622786	0.0678951
1.10294	0.494048	0.00973358
1.10708	0.634973	0.0259494
1.11123	0.575746	0.0368945
1.11538	0.487158	0.0305298
1.11955	0.507038	0.0318325
1.12372	0.572708	0.0427345
1.12790	0.501726	0.0437041
1.13209	0.641388	0.0420262
1.13628	0.338495	0.0590621
1.14048	0.637283	0.0311932
1.14469	0.516975	0.0291431
1.14891	0.556363	0.0902318
1.15313	0.585084	0.0465351
1.15735	0.648109	0.0233991
1.16159	0.558282	0.0354886
1.16582	0.530014	0.0902295
1.17007	0.545788	0.0284482
1.17432	0.573007	0.0313090
1.17857	0.593691	0.0449997
1.18283	0.610212	0.0220431
1.18709	0.694641	0.0323321
1.19136	0.699251	0.0142807
1.19563	0.760840	0.0236992
1.19991	0.727692	0.0532030
1.20419	0.778791	0.0417108
1.20847	0.790119	0.0337247
1.21276	0.867215	0.0762670
1.21704	0.845470	0.0404503
1.22134	0.879863	0.0330983
1.22563	0.813112	0.0366155
1.22993	0.883366	0.0271660
1.23423	0.894216	0.0600423
1.23854	0.907200	0.0440433
1.24284	0.917130	0.0150998
1.24715	0.845559	0.0322982
1.25146	0.877860	0.0483482
1.25577	0.894798	0.0175290
1.26008	0.990845	0.0248485
1.26440	1.05419	0.0250279
1.26871	0.973303	0.0495417
1.27303	1.00062	0.0314326
1.27734	1.05414	0.0467125
1.28166	0.968750	0.0131546
1.28598	1.01019	0.0577483
1.29030	0.999425	0.0488614
1.29461	0.994085	0.0327627
1.29893	0.948961	0.0435653
1.30325	1.00549	0.0224364
1.30757	0.931853	0.0598635
1.31188	0.893213	0.0139453
1.31620	0.934031	0.0395766
1.32052	0.925585	0.0155569
1.32483	0.833957	0.0175111
1.32915	0.651644	0.0195474
1.33346	0.545802	0.0172455
1.33777	0.310754	0.0301667
1.34208	0.299538	0.0103148
1.34639	0.278809	0.0234558
1.35069	0.179233	0.0267948
1.35500	0.230647	0.0577123
1.35930	-0.00744778	0.0461030
1.36360	0.458931	0.163908
1.36790	0.441322	0.135441
1.37219	-0.0867599	0.121958
1.37649	0.129222	0.0891601
1.38078	0.410639	0.0375116
1.38506	0.207662	0.149676
1.38935	0.295391	0.0910790
1.39363	0.239567	0.0638348
1.39791	0.208953	0.215123
1.40218	0.119336	0.0951589
1.40645	0.190056	0.118481
1.41072	0.155249	0.0938085
1.41499	0.252910	0.0773767
1.41925	0.144033	0.0454278
1.42351	0.198607	0.0180727
1.42776	0.182819	0.0458604
1.43201	0.217872	0.0430283
1.43625	0.190559	0.0334224
1.44050	0.248235	0.0312971
1.44473	0.363302	0.0398297
1.44897	0.305325	0.0192190
1.45319	0.312001	0.0585493
1.45742	0.325601	0.0738306
1.46164	0.293121	0.0275025
1.46585	0.347734	0.0703587
1.47006	0.322187	0.0134023
1.47427	0.365588	0.0245313
1.47847	0.446851	0.0527832
1.48266	0.418090	0.0494928
1.48685	0.321228	0.0838047
1.49104	0.370678	0.0363473
1.49521	0.420880	0.0125265
1.49939	0.378710	0.0516829
1.50356	0.504668	0.0376426
1.50772	0.324325	0.0130349
1.51188	0.396534	0.0383079
1.51603	0.514068	0.0507838
1.52018	0.477837	0.0317006
1.52432	0.503953	0.0809383
1.52846	0.601461	0.0473089
1.53259	0.538652	0.0163899
1.53671	0.584149	0.0262125
1.54083	0.635956	0.0354329
1.54494	0.635276	0.0136261
1.54905	0.698396	0.0375195
1.55315	0.694296	0.0668194
1.55724	0.664512	0.0206764
1.56133	0.737619	0.0298079
1.56541	0.750205	0.0498949
1.56949	0.789239	0.0452215
1.57356	0.746031	0.0370038
1.57762	0.787754	0.0274243
1.58168	0.681298	0.0466449
1.58573	0.688889	0.0473136
1.58978	0.823438	0.0440044
1.59382	0.828284	0.0141583
1.59785	0.770130	0.0239026
1.60188	0.768536	0.0534362
1.60590	0.731481	0.0560350
1.60991	0.728545	0.0761248
1.61392	0.800845	0.0847256
1.61792	0.713379	0.0276860
1.62191	0.686784	0.0290667
1.62590	0.725686	0.0225488
1.62988	0.704114	0.0441400
1.63385	0.752745	0.0254298
1.63782	0.704004	0.0572572
1.64178	0.829985	0.0166415
1.64574	0.726107	0.0444628
1.64969	0.778954	0.0485441
1.65363	0.731991	0.00716575
1.65756	0.777158	0.0117110
1.66149	0.745442	0.0292113
1.66541	0.719804	0.00930116
1.66933	0.758495	0.0345867
1.67324	0.690874	0.0716092
1.67714	0.681580	0.0694529
1.68104	0.734001	0.0496606
1.68493	0.818602	0.0548520
1.68881	0.715120	0.0138670
1.69268	0.634056	0.0527515
1.69655	0.749508	0.0233536
1.70042	0.681111	0.0254910
1.70427	0.766549	0.0206230
1.70812	0.710065	0.0532113
1.71197	0.651031	0.0176916
1.71580	0.610966	0.0418340
1.71963	0.596774	0.0196401
1.72346	0.609404	0.0233804
1.72728	0.584942	0.0159357
1.73109	0.619854	0.0376822
1.73489	0.558840	0.0267365
1.73869	0.477140	0.0273999
1.74248	0.462617	0.0413388
1.74627	0.471604	0.0233792
1.75005	0.505711	0.0343493
1.75382	0.459626	0.0220664
1.75759	0.471624	0.0143113
1.76135	0.375485	0.0498699
1.76510	0.360972	0.0319907
1.76885	0.316228	0.0315600
1.77259	0.345722	0.0443850
1.77632	0.309923	0.0124002
1.78005	0.321342	0.0349278
1.78378	0.282444	0.0374189
1.78749	0.297703	0.0212071
1.79120	0.290608	0.0417999
1.79491	0.250868	0.0508027
1.79861	0.284634	0.0736392
1.80230	0.277541	0.0629176
1.80598	0.237127	0.105953
1.80966	0.196484	0.0379037
1.81334	0.201336	0.0253591
1.81701	0.240213	0.0272853
1.82067	0.311711	0.0468267
1.82433	0.210617	0.0194089
1.82798	0.356372	0.101262
1.83162	0.401581	0.0553490
1.83526	0.500119	0.0841690
1.83889	0.131863	0.174677
1.84252	0.106598	0.285268
1.84614	0.131470	0.231080
1.84976	0.0226603	0.0943833
1.85337	0.0287304	0.139199
1.85697	0.260863	0.104684
1.86057	0.308527	0.119498
1.86417	0.144877	0.0918963
1.86775	0.201129	0.0786598
1.87134	0.208351	0.334114
1.87491	0.222253	0.238191
1.87848	0.536654	0.136125
1.88205	0.321986	0.0752068
1.88561	0.197252	0.0397592
1.88917	0.224023	0.0312318
1.89271	0.242446	0.0531552
1.89626	0.193982	0.0677197
1.89980	0.180037	0.167671
1.90333	0.269777	0.208877
1.90686	0.316984	0.0683734
1.91038	0.218543	0.0165376
1.91390	0.164530	0.100171
1.91741	0.289480	0.0666510
1.92092	0.318012	0.0744050
1.92443	0.374183	0.0386350
1.92792	0.368221	0.0395150
1.93142	0.322149	0.0252784
1.93490	0.256978	0.0306857
1.93838	0.241570	0.0482346
1.94186	0.263962	0.0444970
1.94533	0.208184	0.0552062
1.94880	0.240949	0.0321226
1.95226	0.187553	0.0224923
1.95572	0.216544	0.0222676
1.95917	0.198943	0.0348171
1.96262	0.246298	0.0424307
1.96607	0.258100	0.0619524
1.96950	0.226069	0.0215444
1.97294	0.236503	0.0231293
1.97636	0.230086	0.0374646
1.97979	0.237771	0.0138341
1.98321	0.259447	0.0354136
1.98662	0.242519	0.0214613
1.99003	0.232799	0.0168590
1.99344	0.274363	0.0237409
1.99684	0.269911	0.00619957
2.00023	0.0644317	0.0774797
2.00362	0.393112	0.0631797
2.00701	0.340234	0.0643602
2.01039	0.293792	0.0430976
2.01377	0.272892	0.0210545
2.01714	0.310685	0.0161599
2.02051	0.307820	0.0189521
2.02387	0.331430	0.00918071
2.02723	0.351109	0.0241375
2.03058	0.314950	0.0230915
2.03393	0.347066	0.0884435
2.03727	0.387941	0.0121598
2.04061	0.326107	0.0427453
2.04395	0.265811	0.0111430
2.04728	0.316945	0.0167898
2.05061	0.358235	0.0305507
2.05393	0.357906	0.0346549
2.05725	0.431033	0.0234755
2.06056	0.397314	0.0519137
2.06387	0.389184	0.00973450
2.06717	0.413350	0.00589115
2.07047	0.379811	0.0212366
2.07377	0.375561	0.0170616
2.07706	0.410582	0.0162563
2.08034	0.399947	0.00976426
2.08362	0.413705	0.00947539
2.08690	0.415605	0.0339747
2.09017	0.401077	0.0339015
2.09344	0.412187	0.00804712
2.09670	0.436279	0.00720613
2.09996	0.416897	0.0151123
2.10322	0.375589	0.0262350
2.10646	0.400697	0.0178818
2.10971	0.445386	0.00498140
2.11295	0.435385	0.0190814
2.11619	0.451990	0.0223450
2.11942	0.463253	0.0142882
2.12264	0.411011	0.0314377
2.12587	0.405840	0.0167444
2.12908	0.384572	0.0460946
2.13230	0.400912	0.00973395
2.13550	0.427821	0.00751148
2.13871	0.417722	0.00000
2.14191	0.370619	0.0183187
2.14510	0.404385	0.00833520
2.14829	0.359419	0.0150843
2.15148	0.367071	0.0160062
2.15466	0.344958	0.0271918
2.15783	0.390649	0.0318180
2.16100	0.379275	0.00656283
2.16417	0.412039	0.0159350
2.16733	0.365107	0.0125674
2.17049	0.384216	0.00994209
2.17364	0.371363	0.0296047
2.17679	0.371426	0.0200633
2.17993	0.311806	0.0192076
2.18307	0.338318	0.0387305
2.18620	0.396749	0.0159122
2.18933	0.361797	0.0245287
2.19245	0.310963	0.0254146
2.19557	0.370014	0.0266827
2.19868	0.338306	0.0177254
2.20179	0.289287	0.00714840
2.20489	0.261180	0.00644964
2.20799	0.316508	0.00582652
2.21109	0.288872	0.00987738
2.21417	0.333436	0.0176499
2.21726	0.341579	0.00774181
2.22034	0.316427	0.00878461
2.22341	0.281962	0.0216314
2.22648	0.291794	0.0219057
2.22954	0.295683	0.0308003
2.23260	0.297006	0.0321866
2.23565	0.316752	0.00960728
2.23870	0.321362	0.0128164
2.24174	0.282659	0.0149062
2.24478	0.226805	0.00857604
2.24782	0.254339	0.0265683
2.25084	0.294176	0.0136393
2.25387	0.246963	0.0407859
2.25688	0.274371	0.00831354
2.25990	0.271146	0.0174558
2.26290	0.264116	0.00918642
2.26590	0.274655	0.00520905
2.26890	0.234570	0.0278292
2.27189	0.273938	0.0236915
2.27488	0.236992	0.0413146
2.27786	0.286808	0.00464082
2.28084	0.251110	0.0428733
2.28381	0.284656	0.0253692
2.28677	0.244953	0.0366488
2.28973	0.257094	0.0379356
2.29269	0.225163	0.0259538
2.29564	0.224053	0.0200272
2.29858	0.235869	0.0145193
2.30152	0.160988	0.0273792
2.30446	0.169999	0.0262143
2.30739	0.208530	0.0142951
2.31031	0.173977	0.0355971
2.31323	0.183147	0.0463744
2.31614	0.162604	0.0198373
2.31905	0.222660	0.0135495
2.32196	0.178340	0.0235070
2.32485	0.243602	0.0454085
2.32775	0.173333	0.00761419
2.33064	0.131555	0.0319068
2.33352	0.188331	0.0230364
2.33640	0.133932	0.0222733
2.33927	0.182955	0.0326495
2.34214	0.131100	0.0332688
2.34501	0.176445	0.0479441
2.34787	0.171202	0.0322915
2.35072	0.178534	0.0450578
2.35357	0.234861	0.0528133
2.35642	0.194469	0.0184801
2.35926	0.165085	0.0173089
2.36209	0.176599	0.0160657
2.36492	0.175925	0.0211484
2.36775	0.132022	0.0223157
2.37057	0.172528	0.0674434
2.37339	0.113897	0.0361699
2.37621	0.130574	0.0500257
2.37902	0.204891	0.0410239
2.38182	0.198608	0.0186049
2.38463	0.193540	0.0186789
2.38742	0.0754319	0.0506566
2.39022	0.151353	0.0526828
2.39301	0.128776	0.0477331
2.39580	0.114736	0.0227083
2.39858	0.153221	0.0340086
2.40136	0.140312	0.0238787
2.40414	0.295055	0.0451006
2.40691	0.230669	0.0662058
2.40968	0.152104	0.0316526
2.41245	0.161643	0.0504134
2.41522	0.205334	0.0718140
2.41798	0.167488	0.0407695
2.42074	0.202239	0.0507170
2.42350	0.175798	0.00819685
2.42625	0.121274	0.00933287
2.42901	0.259254	0.00951948
2.43176	0.205614	0.0553342
2.43451	0.128378	0.0410436
2.43726	0.320558	0.0300891
2.44001	0.117454	0.0908612
2.44275	0.161292	0.0343099
2.44550	0.121692	0.0539225
2.44824	0.189770	0.0745670
2.45099	0.106605	0.119442
2.45373	0.177262	0.0918701
2.45647	0.278465	0.0500607
2.45922	0.144531	0.0874997
2.46196	0.183410	0.0825256
2.46471	0.0738871	0.0397109
2.46745	0.0982680	0.0429414
2.47020	0.188888	0.0749459
2.47295	0.125959	0.0424787
2.47570	0.0957692	0.0861757
2.47845	0.213356	0.0292111
2.48120	-0.0274487	0.0417100
2.48396	0.271839	0.0648877
2.48672	0.0633250	0.156997
2.48948	0.119374	0.0716236
2.49225	0.160948	0.251571
2.49502	0.127473	0.177354
2.49779	0.163550	0.143456
2.50057	0.332332	0.169815
2.50335	0.0893241	0.225474
2.50614	0.0795646	0.208373
2.50893	0.214938	0.0598247
2.51173	0.485684	0.268972
2.51454	0.262302	0.152219
2.51735	0.486983	0.196083
2.52017	-0.0375030	0.400981
2.52300	0.0795266	0.127919
2.52583	0.265378	0.176174
2.52868	-0.0697205	0.459099
2.53153	0.236602	0.323538
2.53439	1.76745	1.04461
2.53726	-0.753757	2.34201
2.54015	-0.660453	1.40715
2.54304	-0.352529	1.76014
2.54594	0.155542	1.00929
2.54886	0.285372	3.51942
2.55179	4.28066	4.94109
2.55473	0.297514	4.06016
2.55769	-2.22013	1.65688
2.56066	0.184727	0.743809
2.56364	0.683143	1.71631
2.56664	1.43368	2.04149
