#  ----------------------------------------------------------------------------------
# SpeX prism spectrum of 2MASS J15461461+4932114 (J15461461+4932114)
# Originally observed on 2008 Jul 12
# Average resolution = 120
# Originally published in Burgasser et al. (2010) ApJ, 710, 1142-1169
#
# PLEASE CITE THE ORIGINAL DATA REFERENCE WHEN PUBLISHING OR PRESENTING THESE DATA
#
# Near infrared spectral type: T2.5+/-1
# J magnitude = 15.902
# H magnitude = 15.135
# Ks magnitude = 14.9
#
#  Wavelength (micron)   F_lambda (normalized)  Noise (normalized as F_lambda)
#  ----------------------------------------------------------------------------------
0.647346	0.441710	0.353171
0.649581	-0.00764133	0.328889
0.651803	0.432703	0.321431
0.654014	-0.0441839	0.283780
0.656215	-0.627332	0.266627
0.658406	-0.256988	0.232590
0.660588	0.389353	0.229522
0.662763	-0.123194	0.233561
0.664932	-0.219979	0.235735
0.667095	-0.498585	0.217060
0.669253	0.0487752	0.210831
0.671407	0.0129732	0.201804
0.673558	-0.106010	0.199421
0.675707	0.0460758	0.175103
0.677854	-0.416975	0.176291
0.680001	-0.122492	0.164401
0.682148	-0.178611	0.167717
0.684296	-0.0520150	0.155461
0.686445	-0.00367999	0.157041
0.688597	0.0717722	0.147783
0.690752	0.172616	0.138688
0.692911	0.165247	0.132408
0.695074	0.0244622	0.124716
0.697242	0.359752	0.112804
0.699415	0.183665	0.116979
0.701595	0.359287	0.108568
0.703782	0.102360	0.101984
0.705976	0.253563	0.0959777
0.708179	0.179051	0.0914605
0.710390	0.236512	0.0877082
0.712610	0.266597	0.0875104
0.714839	0.211761	0.0819492
0.717079	0.177979	0.0833684
0.719329	0.0990943	0.0755319
0.721590	0.159378	0.0732967
0.723863	0.317954	0.0710861
0.726147	0.179393	0.0672981
0.728444	0.00855566	0.0650483
0.730754	0.138409	0.0658281
0.733077	0.149396	0.0611524
0.735413	-0.00528083	0.0587183
0.737763	0.0681350	0.0563561
0.740128	-0.0382043	0.0614591
0.742507	0.00323289	0.0516711
0.744901	-0.00508071	0.0533882
0.747310	0.00791905	0.0510527
0.749735	-0.0210540	0.0495933
0.752175	0.0551143	0.0453647
0.754632	0.105997	0.0462676
0.757105	0.0325032	0.0482427
0.759595	-0.0969123	0.0557732
0.762101	-0.0402529	0.0572202
0.764625	-0.0585424	0.0555110
0.767166	-0.144945	0.0516572
0.769725	0.00716003	0.0433191
0.772301	0.0821962	0.0378539
0.774895	-0.00498517	0.0397016
0.777507	-0.0486971	0.0437558
0.780138	0.0566960	0.0393948
0.782787	0.0934863	0.0365594
0.785454	0.112014	0.0358380
0.788141	-0.0108748	0.0351416
0.790846	0.0368764	0.0354148
0.793570	0.0607664	0.0379897
0.796313	0.0148521	0.0339624
0.799075	0.0643887	0.0333381
0.801857	0.102051	0.0325277
0.804658	0.147595	0.0310343
0.807478	-0.0175096	0.0310966
0.810317	0.0592907	0.0297815
0.813177	0.0434480	0.0301155
0.816056	0.0157095	0.0288662
0.818954	0.00502228	0.0291793
0.821872	-0.0416456	0.0320613
0.824810	0.0280167	0.0289639
0.827767	0.0123683	0.0284664
0.830745	0.105276	0.0278560
0.833742	0.0568175	0.0274384
0.836758	0.0428077	0.0276598
0.839795	0.0369752	0.0269309
0.842851	0.0189980	0.0270493
0.845926	0.0805592	0.0253427
0.849022	0.0834204	0.0255012
0.852136	0.0681998	0.0235609
0.855271	0.0837816	0.0233443
0.858425	0.137329	0.0233762
0.861598	0.0940976	0.0253784
0.864791	0.113651	0.0244767
0.868003	0.261881	0.0236105
0.871235	0.0716709	0.0230281
0.874485	0.102744	0.0229915
0.877755	0.122572	0.0226202
0.881044	0.0901758	0.0236304
0.884351	0.133203	0.0220884
0.887678	0.126940	0.0222967
0.891023	0.113371	0.0217474
0.894387	0.0705466	0.0218841
0.897769	0.0988786	0.0206312
0.901169	0.147225	0.0200280
0.904588	0.122308	0.0191326
0.908025	0.159605	0.0192636
0.911480	0.146244	0.0188654
0.914953	0.144610	0.0189959
0.918444	0.176523	0.0182833
0.921952	0.175840	0.0182204
0.925478	0.136793	0.0185991
0.929021	0.200069	0.0200316
0.932582	0.195014	0.0214261
0.936159	0.211686	0.0219912
0.939753	0.273538	0.0214883
0.943364	0.232105	0.0212339
0.946991	0.273510	0.0204087
0.950635	0.258028	0.0198909
0.954295	0.273657	0.0182169
0.957971	0.312619	0.0174491
0.961663	0.295918	0.0170722
0.965370	0.301053	0.0168023
0.969093	0.294416	0.0162685
0.972832	0.322257	0.0166765
0.976585	0.323438	0.0163574
0.980354	0.346075	0.0161868
0.984137	0.389912	0.0156974
0.987935	0.355373	0.0160920
0.991748	0.352338	0.0166218
0.995574	0.340731	0.0170921
0.999415	0.413004	0.0171475
1.00327	0.438575	0.0161970
1.00714	0.422095	0.0154914
1.01102	0.449455	0.0158756
1.01491	0.440191	0.0163104
1.01882	0.465962	0.0162342
1.02274	0.511718	0.0164268
1.02667	0.504484	0.0163002
1.03062	0.531716	0.0158556
1.03458	0.532541	0.0161176
1.03855	0.581875	0.0153172
1.04253	0.613289	0.0154511
1.04652	0.605429	0.0147714
1.05053	0.622311	0.0139247
1.05454	0.656350	0.0129147
1.05857	0.665613	0.0123709
1.06261	0.670744	0.0123201
1.06666	0.702114	0.0132141
1.07071	0.731666	0.0135807
1.07478	0.747493	0.0164172
1.07886	0.734879	0.0149494
1.08295	0.706814	0.0146496
1.08705	0.713121	0.0148190
1.09115	0.643421	0.0144567
1.09527	0.631389	0.0138492
1.09940	0.584600	0.0139109
1.10353	0.537378	0.0131671
1.10767	0.481203	0.0119981
1.11182	0.439609	0.0113501
1.11598	0.463109	0.0127047
1.12015	0.439716	0.0106820
1.12432	0.445991	0.0115852
1.12850	0.463253	0.0127576
1.13269	0.436794	0.0131910
1.13689	0.438017	0.0136030
1.14109	0.418365	0.0137824
1.14530	0.463234	0.0133215
1.14951	0.486549	0.0138014
1.15373	0.465982	0.0134028
1.15796	0.473306	0.0129409
1.16219	0.448131	0.0123375
1.16643	0.424223	0.0113235
1.17068	0.412384	0.0102381
1.17493	0.403727	0.00955127
1.17918	0.449169	0.00909591
1.18344	0.515789	0.00880559
1.18770	0.591333	0.00892014
1.19197	0.607193	0.00971847
1.19624	0.636131	0.0125026
1.20052	0.675382	0.0117146
1.20480	0.680101	0.0122338
1.20908	0.729135	0.0126092
1.21337	0.771810	0.0120437
1.21766	0.802248	0.0125177
1.22195	0.806572	0.0124658
1.22625	0.856578	0.0122406
1.23055	0.850546	0.0123564
1.23485	0.847094	0.0118510
1.23915	0.828842	0.0107893
1.24346	0.862019	0.0102497
1.24777	0.862810	0.00993492
1.25208	0.898793	0.00983598
1.25639	0.950825	0.0104776
1.26070	0.996907	0.0116053
1.26501	1.05579	0.0166857
1.26933	1.05890	0.0150672
1.27365	1.06868	0.0165619
1.27796	1.04403	0.0154919
1.28228	0.996023	0.0145203
1.28660	0.973547	0.0138857
1.29091	0.968956	0.0127097
1.29523	0.952615	0.0127826
1.29955	0.933720	0.0123259
1.30387	0.908776	0.0120858
1.30819	0.907085	0.0123218
1.31250	0.867832	0.0118078
1.31682	0.841354	0.0114250
1.32114	0.794412	0.0105583
1.32545	0.702416	0.00982950
1.32976	0.537833	0.00887560
1.33408	0.376353	0.00779340
1.33839	0.244891	0.00733234
1.34270	0.187689	0.00700229
1.34700	0.138244	0.00757284
1.35131	0.138139	0.00817398
1.35561	0.140346	0.00957092
1.35992	0.140410	0.0123162
1.36422	0.158819	0.0144213
1.36851	0.178025	0.0151302
1.37281	0.162077	0.0141955
1.37710	0.201559	0.0145664
1.38139	0.194776	0.0143158
1.38568	0.178281	0.0143775
1.38996	0.189034	0.0140022
1.39424	0.148813	0.0134329
1.39852	0.139467	0.0146399
1.40279	0.173663	0.0150881
1.40707	0.142022	0.0151958
1.41133	0.151621	0.0145958
1.41560	0.134990	0.0140746
1.41986	0.105981	0.0126617
1.42412	0.148903	0.0111693
1.42837	0.154021	0.0101015
1.43262	0.135425	0.0106633
1.43686	0.144340	0.0117582
1.44110	0.157339	0.00989406
1.44534	0.181152	0.0100837
1.44957	0.199182	0.0108911
1.45380	0.228549	0.0119936
1.45802	0.249680	0.0124630
1.46224	0.232063	0.0117540
1.46645	0.234589	0.0117008
1.47066	0.258439	0.0107422
1.47487	0.260958	0.0111300
1.47907	0.275215	0.0111706
1.48326	0.249396	0.0118404
1.48745	0.298008	0.0117566
1.49163	0.299150	0.0105508
1.49581	0.301202	0.00959313
1.49999	0.335713	0.0114025
1.50416	0.356026	0.0134467
1.50832	0.372112	0.0136641
1.51248	0.387698	0.0129380
1.51663	0.412218	0.0105226
1.52077	0.425944	0.0114418
1.52491	0.455344	0.0122298
1.52905	0.463863	0.0136614
1.53318	0.496863	0.0129775
1.53730	0.528740	0.0180938
1.54142	0.575046	0.0165406
1.54553	0.591918	0.0128983
1.54964	0.588190	0.0130701
1.55374	0.624157	0.0125908
1.55783	0.657629	0.0133123
1.56192	0.637978	0.0140367
1.56600	0.659636	0.0132581
1.57007	0.678148	0.0125306
1.57414	0.693785	0.0113229
1.57821	0.739641	0.0177847
1.58226	0.693990	0.0161237
1.58631	0.736527	0.0206975
1.59036	0.710610	0.0148967
1.59440	0.712292	0.0116840
1.59843	0.705441	0.0126494
1.60245	0.705314	0.0170250
1.60647	0.606065	0.0152188
1.61048	0.599762	0.0157190
1.61449	0.575140	0.0128524
1.61849	0.566482	0.0135245
1.62248	0.533349	0.0120359
1.62647	0.513519	0.0114514
1.63045	0.516102	0.0111567
1.63442	0.539742	0.0105072
1.63839	0.530580	0.0108604
1.64235	0.526829	0.0115197
1.64630	0.543187	0.0118313
1.65025	0.560930	0.0116830
1.65419	0.574991	0.0104774
1.65813	0.562001	0.0107706
1.66205	0.513905	0.00877633
1.66598	0.535525	0.0146454
1.66989	0.500831	0.0139698
1.67380	0.492105	0.0134807
1.67770	0.493042	0.0111366
1.68159	0.497997	0.00857337
1.68548	0.502246	0.0100197
1.68936	0.526701	0.0115245
1.69324	0.488347	0.0120234
1.69711	0.480583	0.0129556
1.70097	0.465440	0.0118600
1.70483	0.475503	0.0118262
1.70868	0.463957	0.0116471
1.71252	0.451929	0.0107890
1.71635	0.434057	0.0104901
1.72018	0.437725	0.0102080
1.72401	0.411885	0.00980834
1.72782	0.402281	0.0115151
1.73163	0.377244	0.00995062
1.73544	0.388682	0.0102220
1.73923	0.348801	0.0107490
1.74303	0.329674	0.0108617
1.74681	0.314995	0.00996501
1.75059	0.295053	0.00900581
1.75436	0.280977	0.00740988
1.75813	0.267724	0.00784709
1.76189	0.280215	0.0112658
1.76564	0.244892	0.0127433
1.76938	0.256702	0.0126261
1.77313	0.248821	0.0105665
1.77686	0.207248	0.00785295
1.78059	0.195755	0.00809622
1.78431	0.180203	0.0101435
1.78803	0.185919	0.0106591
1.79173	0.192574	0.0104758
1.79544	0.153793	0.0131034
1.79914	0.167761	0.0114558
1.80283	0.152366	0.0125716
1.80651	0.141527	0.0127436
1.81019	0.162403	0.0122955
1.81386	0.142703	0.0118526
1.81753	0.140799	0.0119422
1.82119	0.174421	0.0112056
1.82485	0.191801	0.0142063
1.82850	0.156937	0.0128570
1.83214	0.175821	0.0129969
1.83578	0.152570	0.0127392
1.83941	0.132101	0.0140613
1.84304	0.169830	0.0161268
1.84666	0.145875	0.0170302
1.85028	0.119212	0.0200703
1.85389	0.128369	0.0167041
1.85749	0.120733	0.0149080
1.86109	0.109717	0.0140662
1.86468	0.121733	0.0116265
1.86827	0.128726	0.0156523
1.87185	0.179032	0.0234017
1.87542	0.139145	0.0220437
1.87900	0.130446	0.0172645
1.88256	0.143692	0.0118415
1.88612	0.142214	0.0100132
1.88967	0.166427	0.0100750
1.89322	0.190466	0.00994331
1.89677	0.162784	0.0103596
1.90031	0.148481	0.0115665
1.90384	0.183398	0.0130185
1.90737	0.171628	0.0130575
1.91089	0.179971	0.0119394
1.91441	0.178641	0.0134066
1.91792	0.203797	0.0120609
1.92142	0.188197	0.0136391
1.92493	0.198360	0.0134992
1.92842	0.130575	0.0123494
1.93192	0.156169	0.0121863
1.93540	0.109577	0.0109882
1.93888	0.153802	0.00932368
1.94236	0.138309	0.00859374
1.94583	0.150264	0.00815604
1.94930	0.140659	0.00911339
1.95276	0.140523	0.0111822
1.95622	0.101707	0.0140727
1.95967	0.127338	0.0143428
1.96312	0.151910	0.0116746
1.96656	0.161024	0.0115697
1.97000	0.127094	0.0109437
1.97343	0.141634	0.0108056
1.97686	0.146089	0.00958448
1.98028	0.153314	0.00869588
1.98370	0.164868	0.00733255
1.98711	0.143604	0.00783362
1.99052	0.160601	0.00644960
1.99392	0.173402	0.00767749
1.99732	0.205075	0.0126484
2.00072	0.203022	0.0188151
2.00411	0.184121	0.0234098
2.00749	0.165255	0.0204159
2.01087	0.229004	0.0150499
2.01425	0.168987	0.0135754
2.01762	0.233178	0.0121126
2.02099	0.246728	0.0105976
2.02435	0.223925	0.0109888
2.02771	0.209907	0.0104409
2.03106	0.243124	0.0104416
2.03441	0.237308	0.00946815
2.03775	0.240571	0.0101989
2.04109	0.252372	0.0101269
2.04443	0.238386	0.0101741
2.04776	0.276661	0.00964821
2.05108	0.243889	0.0103975
2.05440	0.262571	0.0126915
2.05772	0.260289	0.0120166
2.06103	0.269565	0.0108803
2.06434	0.293167	0.00842565
2.06764	0.276755	0.00856348
2.07094	0.289713	0.00951131
2.07424	0.293389	0.00895344
2.07753	0.284145	0.00838369
2.08081	0.277930	0.00707721
2.08409	0.275933	0.00727602
2.08737	0.279719	0.00782938
2.09064	0.278100	0.00767112
2.09391	0.290912	0.00698793
2.09717	0.281064	0.00645513
2.10043	0.272361	0.00631543
2.10368	0.286417	0.00707431
2.10693	0.286168	0.00791343
2.11017	0.281097	0.00806920
2.11341	0.269513	0.00820232
2.11665	0.269192	0.00804874
2.11988	0.283441	0.00795251
2.12311	0.289334	0.00813101
2.12633	0.272918	0.00768785
2.12954	0.276479	0.00764491
2.13276	0.263542	0.00704209
2.13596	0.265881	0.00667817
2.13917	0.268254	0.00626102
2.14237	0.256900	0.00603560
2.14556	0.269076	0.00669933
2.14875	0.251758	0.00875723
2.15193	0.234906	0.00976017
2.15511	0.227662	0.00979565
2.15829	0.240989	0.00842532
2.16146	0.232577	0.00698339
2.16462	0.244480	0.00649421
2.16778	0.232447	0.00661167
2.17094	0.226376	0.00678989
2.17409	0.226855	0.00691212
2.17724	0.228824	0.00790623
2.18038	0.217646	0.00822175
2.18352	0.214000	0.00850120
2.18665	0.195134	0.00805966
2.18978	0.202049	0.00736312
2.19290	0.199048	0.00837986
2.19602	0.189816	0.00871012
2.19913	0.178209	0.00883325
2.20224	0.142099	0.00852917
2.20534	0.140491	0.00771318
2.20844	0.145334	0.00798006
2.21153	0.160365	0.00850662
2.21462	0.154943	0.00828569
2.21770	0.138738	0.00815116
2.22078	0.152363	0.00698713
2.22385	0.145027	0.00708444
2.22692	0.128860	0.00751191
2.22998	0.140551	0.00974551
2.23304	0.141216	0.00835971
2.23609	0.145315	0.00812631
2.23914	0.137059	0.00735902
2.24218	0.131568	0.00701312
2.24522	0.117479	0.00727285
2.24825	0.120376	0.00756575
2.25128	0.117607	0.00779550
2.25430	0.112686	0.00774425
2.25732	0.116174	0.00768911
2.26033	0.128364	0.00747670
2.26333	0.127657	0.00754015
2.26633	0.121732	0.00772815
2.26933	0.110081	0.00786919
2.27232	0.127358	0.00807232
2.27531	0.107649	0.00810295
2.27829	0.108084	0.00794751
2.28126	0.112607	0.00783031
2.28423	0.0974485	0.00768416
2.28720	0.114109	0.00783983
2.29016	0.109055	0.00792728
2.29311	0.0927836	0.00818973
2.29606	0.0801056	0.00847447
2.29900	0.0881809	0.00866669
2.30194	0.0891176	0.00864075
2.30488	0.0877538	0.00847745
2.30781	0.0997716	0.00929974
2.31073	0.101162	0.00800908
2.31365	0.0860258	0.00829349
2.31656	0.0863947	0.00962911
2.31947	0.0783368	0.00922154
2.32237	0.0647975	0.00913657
2.32527	0.0593040	0.00869147
2.32816	0.0837433	0.00866452
2.33105	0.0782530	0.00863551
2.33393	0.0693508	0.00873373
2.33681	0.0735421	0.00896938
2.33968	0.0785854	0.00933341
2.34255	0.0697688	0.00963521
2.34542	0.0510352	0.00993804
2.34828	0.0669561	0.0102923
2.35113	0.0614528	0.0104522
2.35398	0.0875965	0.0105679
2.35682	0.0781233	0.0103957
2.35966	0.0785418	0.0100211
2.36250	0.0884333	0.00970110
2.36533	0.0721684	0.00988030
2.36816	0.0816747	0.0111660
2.37098	0.0629141	0.0120497
2.37380	0.0823918	0.0120055
2.37661	0.0735043	0.0118182
2.37942	0.0626301	0.0126790
2.38223	0.0791824	0.0130621
2.38503	0.0827748	0.0112344
2.38783	0.0742154	0.0111362
2.39062	0.0761237	0.0110643
2.39341	0.0792424	0.0110625
2.39620	0.0868651	0.0110273
2.39898	0.0848806	0.0108603
2.40176	0.0817508	0.0109184
2.40454	0.0829395	0.0110534
2.40731	0.0989224	0.0112570
2.41008	0.0947140	0.0113721
2.41285	0.0918973	0.0118597
2.41561	0.0849181	0.0126373
2.41838	0.0909171	0.0127966
2.42114	0.105452	0.0125466
2.42389	0.112987	0.0118649
2.42665	0.0847737	0.0113003
2.42940	0.118736	0.0115971
2.43215	0.0755371	0.0129783
2.43490	0.0866932	0.0145753
2.43765	0.0882890	0.0136154
2.44040	0.0700072	0.0126932
2.44315	0.0686907	0.0129656
2.44589	0.0752222	0.0144624
2.44864	0.0802702	0.0155643
2.45138	0.0986380	0.0167720
2.45412	0.104491	0.0142105
2.45687	0.0727645	0.0138274
2.45961	0.0841960	0.0160924
2.46236	0.0818813	0.0148337
2.46510	0.0743291	0.0143665
2.46785	0.0848768	0.0149309
2.47059	0.0498087	0.0163893
2.47334	0.100672	0.0164262
2.47609	0.0724634	0.0164478
2.47884	0.0715804	0.0190987
2.48160	0.0927642	0.0182533
2.48435	0.0871635	0.0203907
2.48711	0.0767237	0.0210219
2.48988	0.0976534	0.0216526
2.49264	0.0613222	0.0218794
2.49541	0.0778324	0.0208106
2.49819	0.0782654	0.0195632
2.50097	0.0873354	0.0194797
2.50375	0.0515190	0.0213037
2.50654	0.0548372	0.0233353
2.50933	0.0550891	0.0250679
2.51213	0.0614235	0.0276591
2.51494	0.0685117	0.0332983
2.51775	0.0139163	0.0345433
2.52057	0.107110	0.0330597
2.52340	0.101118	0.0325166
2.52624	0.00615523	0.0355005
2.52909	0.0548699	0.0450495
2.53194	0.0177788	0.0554315
2.53480	0.0635567	0.0633929
2.53768	0.0943896	0.0610870
2.54056	0.119563	0.0569646
2.54346	-0.0240837	0.0663708
2.54636	0.0497285	0.0821947
2.54928	0.0648825	0.104201
2.55221	0.299148	0.106492
2.55516	-0.0414059	0.0913600
