#  ----------------------------------------------------------------------------------
# SpeX prism spectrum of SDSS J175024.01+422237.8 (J17502385+4222373)
# Originally observed on 2004 Sep 09
# Average resolution = 120
# Originally published in Burgasser et al. (2006) ApJ, 637, 1067
#
# PLEASE CITE THE ORIGINAL DATA REFERENCE WHEN PUBLISHING OR PRESENTING THESE DATA
#
# Near infrared spectral type: T2
# J magnitude = 16.467
# H magnitude = 15.415
# Ks magnitude = 15.482
#
#  Wavelength (micron)   F_lambda (normalized)  Noise (normalized as F_lambda)
#  ----------------------------------------------------------------------------------
0.653212	0.508289	0.265578
0.655416	0.348955	0.536313
0.657611	0.126443	0.154211
0.659796	0.123598	0.120541
0.661974	0.224563	0.541510
0.664145	-0.255195	0.305320
0.666309	0.00878914	0.280121
0.668469	0.235696	0.255446
0.670624	-0.0674878	0.162305
0.672777	0.425240	0.308841
0.674926	-0.277863	0.219477
0.677074	0.417038	0.297717
0.679221	0.204614	0.196659
0.681368	0.588611	0.296018
0.683515	0.0371197	0.195731
0.685664	0.0394645	0.141725
0.687815	0.302015	0.217254
0.689969	0.201805	0.152991
0.692126	0.237466	0.186498
0.694287	-0.130546	0.0898168
0.696453	0.174085	0.121717
0.698625	0.0623497	0.113703
0.700803	0.157876	0.188886
0.702987	0.0610321	0.0901775
0.705178	-0.0711017	0.187297
0.707378	0.0503939	0.101510
0.709585	0.194954	0.0870382
0.711802	0.178474	0.136054
0.714028	0.277836	0.130864
0.716264	0.00653312	0.120184
0.718510	0.00468122	0.151453
0.720767	0.0891641	0.107899
0.723036	-0.124974	0.0806880
0.725316	0.0423145	0.0717211
0.727608	0.0491301	0.114554
0.729913	0.0925113	0.0427507
0.732231	0.189441	0.149379
0.734563	0.0756163	0.0973120
0.736908	0.00504001	0.112646
0.739267	0.0986262	0.0315697
0.741641	-0.0170505	0.184161
0.744029	-0.0381225	0.0394276
0.746433	0.00156120	0.0788395
0.748852	-0.0353684	0.0481467
0.751287	-0.0669469	0.0168224
0.753738	-0.0199001	0.0636484
0.756205	0.161045	0.106996
0.758688	-0.0251663	0.0538081
0.761189	0.130603	0.0836924
0.763706	0.00469406	0.158576
0.766241	0.0481869	0.0759687
0.768793	0.0965713	0.0748070
0.771363	0.0301526	0.0162316
0.773951	-0.0658781	0.0227074
0.776556	0.0386741	0.0353881
0.779180	0.0871039	0.0732196
0.781822	-0.0441207	0.0424884
0.784483	-0.0390181	0.0975661
0.787163	-0.0502863	0.0589496
0.789861	0.0843165	0.0599232
0.792578	-0.000420123	0.0422924
0.795314	0.00450958	0.0239528
0.798069	0.0102230	0.0529915
0.800844	0.0503830	0.0463885
0.803638	0.00849624	0.0622488
0.806451	0.0254748	0.0188334
0.809283	-0.0161937	0.0425899
0.812136	0.0172552	0.0142708
0.815007	-0.0457700	0.0339941
0.817899	-0.0437979	0.0292588
0.820810	-0.00714575	0.0342197
0.823740	0.0430597	0.0192794
0.826691	0.0458814	0.0472047
0.829661	0.0203521	0.00980240
0.832650	0.0713437	0.0578505
0.835660	-0.0149049	0.0661109
0.838689	0.0719176	0.0204908
0.841738	0.0402748	0.0268783
0.844806	-0.0518564	0.0355303
0.847895	-0.0381157	0.0281723
0.851002	0.0689492	0.0185116
0.854130	0.0123332	0.0198676
0.857277	0.0673477	0.0193570
0.860443	0.0839852	0.0252753
0.863629	0.0523347	0.0247660
0.866834	0.0967444	0.0218848
0.870058	0.0945511	0.0153025
0.873302	0.0595018	0.0451099
0.876565	0.130191	0.0491573
0.879847	0.0401667	0.0587827
0.883147	0.0800477	0.0332771
0.886467	0.0502330	0.0340061
0.889805	0.0877183	0.0232499
0.893162	0.0858213	0.0252637
0.896538	0.128050	0.0258508
0.899932	0.120975	0.00910449
0.903344	0.109212	0.0385360
0.906774	0.119155	0.00664628
0.910223	0.139031	0.0214980
0.913689	0.177988	0.0402440
0.917174	0.203445	0.0183059
0.920676	0.249678	0.0241774
0.924195	0.230629	0.0122542
0.927732	0.225577	0.0392293
0.931286	0.162201	0.0295949
0.934857	0.249184	0.0411418
0.938445	0.189979	0.0254561
0.942050	0.230689	0.0482895
0.945671	0.243081	0.0175216
0.949309	0.266813	0.0321114
0.952963	0.306386	0.0383399
0.956633	0.282317	0.0214918
0.960320	0.301091	0.0121806
0.964021	0.323484	0.0238122
0.967739	0.307055	0.0176999
0.971472	0.350253	0.00394452
0.975220	0.390162	0.0177844
0.978983	0.448711	0.0247601
0.982761	0.405720	0.0307195
0.986554	0.398455	0.0210050
0.990361	0.426314	0.0286340
0.994182	0.376876	0.0129771
0.998018	0.393295	0.0105226
1.00187	0.424288	0.0501237
1.00573	0.440871	0.0379611
1.00961	0.395988	0.0191230
1.01350	0.384881	0.0162879
1.01740	0.491189	0.0248103
1.02132	0.508037	0.0139813
1.02524	0.518878	0.0254036
1.02919	0.523847	0.0103297
1.03314	0.537530	0.0322344
1.03710	0.523703	0.00681668
1.04108	0.578443	0.0215337
1.04507	0.598106	0.0267640
1.04907	0.598698	0.0297663
1.05308	0.653828	0.0207918
1.05711	0.645996	0.0144200
1.06114	0.665335	0.0116416
1.06518	0.703640	0.0200177
1.06924	0.685304	0.0134481
1.07330	0.710666	0.0298824
1.07738	0.738565	0.00955363
1.08146	0.754161	0.0279471
1.08556	0.761206	0.0197056
1.08966	0.702180	0.0166803
1.09377	0.702623	0.0334342
1.09790	0.683568	0.0181827
1.10203	0.643311	0.0197362
1.10617	0.623339	0.00581341
1.11031	0.590694	0.0226375
1.11447	0.549309	0.0154406
1.11863	0.521524	0.0357619
1.12280	0.541595	0.0107729
1.12698	0.546874	0.0125979
1.13117	0.548187	0.0275310
1.13536	0.526638	0.0125921
1.13956	0.491357	0.00939942
1.14377	0.465362	0.0126509
1.14798	0.505834	0.0265906
1.15220	0.605500	0.0194954
1.15642	0.574329	0.0344955
1.16065	0.484408	0.0220815
1.16489	0.520001	0.0265768
1.16913	0.533091	0.0228696
1.17338	0.503182	0.0165760
1.17763	0.519245	0.0133194
1.18189	0.557449	0.00670251
1.18615	0.612824	0.00646788
1.19042	0.664596	0.0198180
1.19469	0.691755	0.0162108
1.19896	0.706034	0.0210639
1.20324	0.697160	0.0121428
1.20753	0.810801	0.0164484
1.21181	0.799212	0.0189493
1.21610	0.813969	0.0124575
1.22039	0.837705	0.0267487
1.22469	0.863287	0.0182650
1.22899	0.877650	0.0192980
1.23329	0.921374	0.0145003
1.23759	0.907767	0.0192722
1.24189	0.885115	0.0157462
1.24620	0.852180	0.00693618
1.25051	0.859315	0.0218712
1.25482	0.882277	0.0218594
1.25913	0.940216	0.00389375
1.26345	1.00988	0.0418794
1.26776	1.03951	0.0530646
1.27208	0.966072	0.0118991
1.27639	1.01422	0.0261417
1.28071	1.04783	0.0361135
1.28503	0.992763	0.0152860
1.28935	0.977102	0.0236938
1.29366	0.972488	0.0284448
1.29798	1.01070	0.0183731
1.30230	0.995407	0.00664495
1.30662	0.974036	0.0244321
1.31093	0.958282	0.0200683
1.31525	0.907916	0.0199720
1.31957	0.946513	0.0112051
1.32388	0.885373	0.0216546
1.32820	0.798539	0.0145089
1.33251	0.624699	0.0165707
1.33682	0.420774	0.0107991
1.34113	0.291806	0.0134383
1.34544	0.245256	0.00793721
1.34975	0.203113	0.0284262
1.35405	0.173469	0.0240914
1.35835	0.202467	0.0353853
1.36265	0.267750	0.0345820
1.36695	0.0717238	0.0780090
1.37125	0.341407	0.0565723
1.37554	0.182268	0.0542464
1.37983	0.282723	0.0433331
1.38412	0.207951	0.0329035
1.38841	0.185860	0.0675558
1.39269	0.241510	0.0433002
1.39697	0.226968	0.0190471
1.40124	0.350800	0.0717244
1.40551	0.159723	0.0423184
1.40978	0.263187	0.0277755
1.41405	0.150028	0.0365458
1.41831	0.126510	0.0145788
1.42257	0.114134	0.0174270
1.42682	0.172519	0.0203406
1.43107	0.233283	0.0292589
1.43532	0.184443	0.0227615
1.43956	0.249098	0.0369261
1.44380	0.218820	0.00734917
1.44803	0.234064	0.0232060
1.45226	0.224062	0.0170399
1.45649	0.238612	0.0203464
1.46071	0.291054	0.0396484
1.46492	0.322968	0.0521846
1.46913	0.322657	0.0303514
1.47334	0.298861	0.00298423
1.47754	0.306058	0.0306621
1.48174	0.396396	0.0293566
1.48593	0.339604	0.0179522
1.49011	0.391843	0.0153034
1.49430	0.352105	0.0257179
1.49847	0.324422	0.0174510
1.50264	0.369566	0.0253976
1.50681	0.417359	0.0143384
1.51097	0.371994	0.0296093
1.51512	0.410422	0.0142415
1.51927	0.495588	0.00878909
1.52341	0.479671	0.0182505
1.52755	0.466215	0.0344615
1.53168	0.502700	0.0347367
1.53580	0.531473	0.0429154
1.53992	0.529822	0.0264376
1.54404	0.606337	0.0136674
1.54814	0.632859	0.0148928
1.55225	0.592858	0.00954049
1.55634	0.649240	0.0119062
1.56043	0.669587	0.0247577
1.56452	0.690991	0.00679027
1.56859	0.662180	0.0221597
1.57267	0.711651	0.0147321
1.57673	0.773121	0.0314884
1.58079	0.692131	0.0346693
1.58484	0.679780	0.0123004
1.58889	0.719718	0.0276495
1.59293	0.722211	0.00565057
1.59696	0.759686	0.0116169
1.60099	0.764930	0.0170067
1.60501	0.739714	0.00959688
1.60903	0.711909	0.0400352
1.61303	0.701811	0.0199305
1.61704	0.665017	0.0181270
1.62103	0.697638	0.0122731
1.62502	0.688674	0.0158761
1.62900	0.658710	0.0281581
1.63298	0.630871	0.0151740
1.63695	0.627301	0.0173474
1.64091	0.645413	0.0126471
1.64487	0.720414	0.0282167
1.64882	0.645902	0.0211709
1.65276	0.646347	0.0266290
1.65670	0.634394	0.00859828
1.66063	0.669277	0.0105549
1.66455	0.679214	0.00839353
1.66847	0.654456	0.0199491
1.67238	0.573446	0.0100501
1.67628	0.598207	0.0250263
1.68018	0.627607	0.0257790
1.68407	0.649000	0.00875996
1.68795	0.611766	0.0257980
1.69183	0.642888	0.0231842
1.69570	0.605186	0.0224089
1.69957	0.604188	0.0255446
1.70343	0.626218	0.0362608
1.70728	0.546085	0.0365682
1.71112	0.603036	0.00870700
1.71496	0.566848	0.0222775
1.71879	0.526382	0.0228966
1.72262	0.514127	0.0173721
1.72644	0.528445	0.0119339
1.73025	0.524957	0.0102301
1.73406	0.483004	0.0187226
1.73786	0.509837	0.0135098
1.74165	0.432010	0.0207225
1.74544	0.412418	0.0303928
1.74922	0.431274	0.0184240
1.75299	0.382858	0.0177008
1.75676	0.380914	0.00956751
1.76052	0.371145	0.0119729
1.76428	0.383264	0.0162857
1.76802	0.301893	0.0115215
1.77177	0.276833	0.0170847
1.77550	0.309633	0.00493984
1.77923	0.296642	0.0168687
1.78296	0.256681	0.00644522
1.78668	0.275674	0.0175418
1.79039	0.252122	0.0250484
1.79409	0.236154	0.0309667
1.79779	0.284851	0.0100910
1.80149	0.250290	0.0194738
1.80517	0.222849	0.0299651
1.80886	0.193661	0.0258069
1.81253	0.241780	0.0289459
1.81620	0.224086	0.0232271
1.81986	0.248438	0.0149586
1.82352	0.212739	0.0298015
1.82717	0.236371	0.0391322
1.83082	0.203762	0.0522522
1.83446	0.147078	0.0280084
1.83809	0.285009	0.0410558
1.84172	0.235602	0.0822453
1.84535	-0.0435869	0.0779205
1.84896	0.242928	0.0896762
1.85257	0.353561	0.0978429
1.85618	0.159064	0.0683172
1.85978	0.111423	0.0505314
1.86338	0.0472946	0.0709796
1.86696	0.224759	0.0365381
1.87055	0.0429447	0.134513
1.87413	0.272722	0.0397489
1.87770	0.221434	0.0755630
1.88127	0.292836	0.0405700
1.88483	0.209921	0.0255461
1.88838	0.287181	0.0388115
1.89193	0.206990	0.0327639
1.89548	0.293476	0.00543368
1.89902	0.250462	0.0382476
1.90256	0.392682	0.0851603
1.90608	0.246458	0.0378127
1.90961	0.142668	0.0638395
1.91313	0.299381	0.0567385
1.91664	0.363458	0.0382966
1.92015	0.268270	0.0334038
1.92366	0.240598	0.0393421
1.92715	0.232197	0.00836688
1.93065	0.209363	0.0236842
1.93414	0.238415	0.0290464
1.93762	0.194511	0.0276529
1.94110	0.170652	0.0156107
1.94457	0.152513	0.00240656
1.94804	0.202083	0.0128685
1.95150	0.210619	0.0299880
1.95496	0.251176	0.0112140
1.95842	0.184339	0.0155647
1.96186	0.202947	0.0226087
1.96531	0.208694	0.0233221
1.96875	0.203306	0.0251027
1.97218	0.220283	0.0103957
1.97561	0.204131	0.00979306
1.97904	0.247481	0.0168962
1.98246	0.234297	0.00797004
1.98587	0.211852	0.00907608
1.98928	0.226487	0.00828680
1.99269	0.214702	0.00617293
1.99609	0.274421	0.0105934
1.99948	0.205765	0.0250812
2.00288	0.218242	0.0401464
2.00626	0.254502	0.0348514
2.00965	0.237737	0.0203671
2.01302	0.241283	0.0187558
2.01640	0.299175	0.0153523
2.01976	0.240848	0.0143541
2.02313	0.272052	0.0138394
2.02649	0.234722	0.0204877
2.02984	0.292490	0.0111623
2.03319	0.304336	0.0168687
2.03654	0.305486	0.00735709
2.03988	0.310255	0.0193496
2.04322	0.281342	0.0121675
2.04655	0.345792	0.0122111
2.04988	0.319780	0.00865754
2.05320	0.340011	0.0134722
2.05652	0.332240	0.0146035
2.05983	0.352946	0.0209667
2.06314	0.334037	0.0146672
2.06644	0.345913	0.0265997
2.06975	0.369898	0.00806016
2.07304	0.362835	0.0133311
2.07633	0.353576	0.00825096
2.07962	0.363207	0.00638884
2.08290	0.378720	0.00795413
2.08618	0.388339	0.00808763
2.08945	0.374612	0.00981598
2.09272	0.358381	0.00383808
2.09598	0.344257	0.00526375
2.09924	0.359560	0.00551358
2.10250	0.355778	0.00589980
2.10575	0.384708	0.0126364
2.10900	0.362780	0.0151676
2.11224	0.361583	0.00528915
2.11547	0.355161	0.0230027
2.11871	0.368857	0.0183503
2.12193	0.390401	0.0281730
2.12516	0.351759	0.00852738
2.12838	0.381873	0.00991894
2.13159	0.349849	0.0193105
2.13480	0.364276	0.0120676
2.13800	0.361997	0.00675878
2.14120	0.374223	0.00676423
2.14440	0.359615	0.0119254
2.14759	0.364543	0.0119291
2.15078	0.323672	0.0236409
2.15396	0.301205	0.0163201
2.15713	0.316866	0.0101472
2.16031	0.347085	0.0196579
2.16347	0.353786	0.00676777
2.16664	0.332988	0.00709909
2.16979	0.329037	0.00790300
2.17295	0.335645	0.00645560
2.17610	0.346473	0.0174402
2.17924	0.294169	0.0210086
2.18238	0.339671	0.0143998
2.18551	0.296806	0.00498286
2.18864	0.306374	0.00644596
2.19176	0.321243	0.0227078
2.19488	0.283406	0.0167195
2.19800	0.297377	0.0269849
2.20111	0.278060	0.00697894
2.20421	0.213665	0.0111306
2.20731	0.255166	0.0106326
2.21041	0.225385	0.0192094
2.21350	0.228190	0.00853752
2.21658	0.213237	0.00541602
2.21966	0.221961	0.0177702
2.22273	0.259974	0.0111676
2.22580	0.252187	0.00736973
2.22887	0.272105	0.0185857
2.23193	0.259409	0.0129074
2.23498	0.223442	0.00343122
2.23803	0.210430	0.00735120
2.24108	0.237891	0.00838250
2.24411	0.225819	0.00991358
2.24715	0.190341	0.00872052
2.25018	0.230397	0.0116102
2.25320	0.202762	0.00846513
2.25622	0.214485	0.0115720
2.25923	0.225848	0.0119794
2.26224	0.229674	0.0173610
2.26524	0.233269	0.0151771
2.26824	0.208797	0.0108754
2.27123	0.209122	0.0204894
2.27422	0.222123	0.0143644
2.27720	0.197472	0.00796203
2.28018	0.185908	0.0182529
2.28315	0.197219	0.0129654
2.28612	0.179931	0.00837770
2.28908	0.193037	0.0185659
2.29204	0.150798	0.0262010
2.29499	0.166698	0.0146080
2.29794	0.167798	0.00779798
2.30088	0.137609	0.0176578
2.30381	0.141550	0.0114264
2.30674	0.135638	0.0146124
2.30967	0.159488	0.0161668
2.31259	0.138648	0.0200315
2.31550	0.167056	0.0164053
2.31841	0.159607	0.00993073
2.32132	0.125657	0.0162348
2.32422	0.149147	0.0107602
2.32711	0.149187	0.00744450
2.33000	0.138117	0.0282148
2.33289	0.133691	0.0141233
2.33577	0.138041	0.00720437
2.33864	0.151140	0.0124843
2.34151	0.122130	0.0275644
2.34438	0.165495	0.00896291
2.34724	0.159438	0.00884257
2.35009	0.132532	0.0271288
2.35294	0.122687	0.0218819
2.35579	0.142281	0.0142476
2.35863	0.148646	0.0116746
2.36147	0.112482	0.0191434
2.36430	0.149916	0.0222201
2.36713	0.155253	0.0238855
2.36995	0.105135	0.0171954
2.37277	0.128365	0.0263712
2.37559	0.0985914	0.00867324
2.37840	0.118772	0.0155999
2.38121	0.160158	0.0294328
2.38401	0.164236	0.0184072
2.38681	0.159752	0.0171197
2.38960	0.126834	0.0192124
2.39240	0.152811	0.0296663
2.39518	0.139219	0.0166769
2.39797	0.141002	0.0125384
2.40075	0.162674	0.0117637
2.40353	0.0959435	0.0135454
2.40630	0.122195	0.0176859
2.40908	0.149657	0.0170166
2.41184	0.142161	0.0181857
2.41461	0.144734	0.0388930
2.41737	0.171353	0.0347135
2.42013	0.142748	0.0282018
2.42289	0.186437	0.0131686
2.42565	0.149042	0.0140502
2.42840	0.187557	0.0282558
2.43115	0.145638	0.0466972
2.43391	0.177603	0.0179722
2.43665	0.122799	0.0339978
2.43940	0.0716189	0.0468076
2.44215	0.217523	0.0516818
2.44489	0.149784	0.0251594
2.44764	0.139042	0.0224997
2.45038	0.0835974	0.0848105
2.45313	0.252240	0.0479618
2.45587	0.152147	0.0348990
2.45861	0.250885	0.0296013
2.46136	0.142327	0.0488592
2.46410	0.154316	0.0661999
2.46685	0.111980	0.0707314
2.46959	0.103096	0.0499143
2.47234	0.186916	0.0281790
2.47509	0.110296	0.0598093
2.47784	0.153141	0.0608536
2.48060	0.161726	0.0557957
2.48335	0.0992985	0.0660378
2.48611	0.0928912	0.101336
2.48887	0.0772156	0.0768366
2.49164	0.160023	0.122667
2.49441	0.142163	0.0644985
2.49718	0.101869	0.0421884
2.49996	-0.131904	0.135606
2.50274	0.256645	0.0997204
2.50552	0.192455	0.0647382
2.50832	0.0499794	0.0816281
2.51111	0.121240	0.0666355
2.51392	-0.276888	0.0776750
2.51673	0.121015	0.241555
2.51955	-0.0337252	0.132837
2.52237	-0.0563068	0.0979202
2.52521	-0.0297142	0.191364
2.52805	-0.0405087	0.232109
2.53090	-0.566815	0.0542144
2.53376	0.845856	0.214095
2.53663	0.141223	1.26967
2.53951	-0.950248	0.349469
2.54240	0.204543	0.495266
2.54530	-0.408087	0.855820
2.54822	1.00355	1.97418
2.55115	0.112302	1.17696
2.55408	1.04567	2.37869
2.55704	-4.04153	2.84601
2.56000	0.0381489	1.04928
2.56298	1.93249	0.995643
